65
99.1133 75.7676 0 1
77.6364 42.2404 0 1
55.8446 50.8037 0 1
83.1178 43.7671 0 1
78.6905 57.2872 0 1
65.6474 101.641 0 1
88.8903 20.1675 0 1
46.0924 33.9366 0 1
49.5727 37.9005 0 2
65.4584 80.6659 0 1
129.143 64.4555 0 1
80.6783 61.334 0 1
85.6751 68.8097 0 1
74.432 67.7172 0 1
55.8168 18.0998 0 1
119.334 21.4358 0 1
57.2135 39.9828 0 1
85.7335 15.1878 0 1
98.4319 19.8329 0 1
62.257 89.4003 0 1
118.182 83.6075 0 1
164.389 122.439 0 0
75.7275 101.777 0 1
69.3022 58.971 0 1
119.14 15.4685 0 1
30.6588 34.6142 0 2
77.8475 58.0726 0 2
73.6288 33.7086 0 1
52.4302 101.396 0 1
40.9046 44.3549 0 2
133.364 169.691 0 0
16.2559 51.6303 0 2
113.064 102.292 0 0
100.873 80.7218 0 1
21.7324 6.29247 0 2
227.425 44.2411 0 0
45.748 15.395 0 2
94.754 82.7252 0 1
46.2149 41.0382 0 2
169.199 112.008 0 0
79.9903 38.2408 0 1
130.074 109.966 0 1
238.713 177.684 0 0
50.0419 15.1981 0 2
176.479 178.405 0 0
61.4166 81.2737 0 1
157.654 117.46 0 1
44.039 101.272 0 1
128.057 104.305 0 1
236.515 51.6846 0 0
104.681 64.9203 0 1
91.5332 34.9163 0 0
58.7767 75.6144 0 1
117.081 29.5462 0 1
94.6004 32.8428 0 1
171.267 28.3169 0 0
88.7842 88.8495 0 1
37.4323 37.2303 0 2
157.821 108.658 0 1
220.133 184.062 0 0
23.8054 49.6172 0 2
200.761 176.898 0 0
179.423 84.2198 0 0
112.101 22.8378 0 1
57.134 34.5486 0 2
