image_size: 32 32
class_number: 65
max_depth:  10
1023
NODE 0 0
2dots_tau0
0 12 -4 -8 -1
1 2 
NODE 1 1
2dots_tau0
0 15 13 11 -2
513 514 
NODE 513 2
2dots_tau0
0 -8 5 -11 5
769 770 
NODE 769 3
2dots_tau0
0 -15 -10 3 0
897 898 
NODE 897 4
2dots_tau0
0 15 4 -5 9
961 962 
NODE 961 5
2dots_tau0
0 -5 -1 -11 3
993 994 
NODE 993 6
2dots_tau0
0 -5 5 12 11
1009 1010 
NODE 1009 7
2dots_tau0
0 -13 -9 15 0
1017 1018 
NODE 1017 8
2dots_tau0
0 0 12 2 -6
1021 1022 
LEAF 1021 9
65 classes
18 0.478587
20 0.211415
42 0.14949
51 0.160509
-1 -1
LEAF 1022 9
65 classes
22 0.565934
63 0.434066
-1 -1
NODE 1018 8
2dots_tau0
0 0 -13 -7 -6
1019 1020 
LEAF 1019 9
65 classes
14 0.0714667
15 0.0636575
23 0.088186
27 0.153184
40 0.0753904
51 0.330643
59 0.217472
-1 -1
LEAF 1020 9
65 classes
-1 -1
NODE 1010 7
2dots_tau0
0 -8 15 8 -9
1011 1012 
NODE 1011 8
2dots_tau0
0 -4 15 7 4
1015 1016 
LEAF 1015 9
65 classes
7 0.0659547
14 0.144659
23 0.0446253
42 0.0445232
44 0.0447279
51 0.406343
52 0.164191
59 0.0220098
63 0.0629665
-1 -1
LEAF 1016 9
65 classes
2 0.0459125
7 0.0404652
9 0.0501565
14 0.177506
23 0.109516
30 0.0540147
51 0.117319
59 0.40511
-1 -1
NODE 1012 8
2dots_tau0
0 8 -1 -4 -6
1013 1014 
LEAF 1013 9
65 classes
2 0.0111285
3 0.121063
7 0.00980813
9 0.0121571
10 0.00887546
13 0.0275562
14 0.0537807
16 0.0110015
20 0.037455
21 0.044319
23 0.0398174
30 0.0785538
39 0.0187477
42 0.00662105
44 0.0665149
50 0.0104079
51 0.177727
52 0.0244169
56 0.149016
59 0.0458231
61 0.0452094
-1 -1
LEAF 1014 9
65 classes
19 0.0958515
42 0.108354
51 0.174511
52 0.199792
59 0.321385
62 0.100107
-1 -1
NODE 994 6
2dots_tau0
0 9 11 -9 15
995 996 
NODE 995 7
2dots_tau0
0 -10 11 -9 -13
1003 1004 
NODE 1003 8
2dots_tau0
0 6 -1 1 5
1007 1008 
LEAF 1007 9
65 classes
7 0.0427001
23 0.0577823
42 0.028825
44 0.11583
56 0.108125
59 0.113996
61 0.506111
62 0.0266311
-1 -1
LEAF 1008 9
65 classes
7 0.0507927
44 0.241119
45 0.0624327
51 0.0368153
59 0.508502
61 0.100338
-1 -1
NODE 1004 8
2dots_tau0
0 -13 5 5 11
1005 1006 
LEAF 1005 9
65 classes
3 0.125224
42 0.0684865
59 0.609406
61 0.13361
62 0.063274
-1 -1
LEAF 1006 9
65 classes
1 0.112303
3 0.223666
4 0.178187
7 0.0302012
14 0.0331202
30 0.0604707
44 0.0204813
48 0.0352148
51 0.0218903
53 0.027929
56 0.0764751
59 0.0806276
61 0.0994347
-1 -1
NODE 996 7
2dots_tau0
0 -14 -6 -10 -4
997 998 
NODE 997 8
2dots_tau0
0 -3 3 8 15
1001 1002 
LEAF 1001 9
65 classes
19 0.175097
59 0.684939
63 0.139964
-1 -1
LEAF 1002 9
65 classes
7 0.105965
14 0.232413
23 0.143393
44 0.143722
52 0.131897
59 0.141446
63 0.101164
-1 -1
NODE 998 8
2dots_tau0
0 0 -15 14 3
999 1000 
LEAF 999 9
65 classes
42 0.324854
44 0.326347
51 0.348799
-1 -1
LEAF 1000 9
65 classes
7 0.371905
14 0.244711
44 0.0504423
45 0.0914268
52 0.092584
59 0.14893
-1 -1
NODE 962 5
2dots_tau0
0 15 11 -12 -11
963 964 
NODE 963 6
2dots_tau0
0 -15 1 -3 12
979 980 
NODE 979 7
2dots_tau0
0 -14 -13 12 -3
987 988 
NODE 987 8
2dots_tau0
0 -11 -4 13 -2
991 992 
LEAF 991 9
65 classes
3 0.480435
59 0.519565
-1 -1
LEAF 992 9
65 classes
23 0.4828
51 0.5172
-1 -1
NODE 988 8
2dots_tau0
0 -9 6 -13 -15
989 990 
LEAF 989 9
65 classes
10 0.730579
59 0.269422
-1 -1
LEAF 990 9
65 classes
42 0.340326
59 0.336477
61 0.165985
62 0.157212
-1 -1
NODE 980 7
2dots_tau0
0 -12 -8 13 0
981 982 
NODE 981 8
2dots_tau0
0 14 -7 5 15
985 986 
LEAF 985 9
65 classes
51 1
-1 -1
LEAF 986 9
65 classes
35 0.123097
51 0.132473
62 0.569942
63 0.174487
-1 -1
NODE 982 8
2dots_tau0
0 5 14 -12 13
983 984 
LEAF 983 9
65 classes
20 0.103635
23 0.146896
27 0.255166
44 0.0736168
51 0.0786813
52 0.135119
61 0.0714806
62 0.135405
-1 -1
LEAF 984 9
65 classes
0 0.164117
14 0.634503
51 0.104841
59 0.0965392
-1 -1
NODE 964 6
2dots_tau0
0 -6 15 7 -1
965 966 
NODE 965 7
2dots_tau0
0 -15 13 -14 -9
973 974 
NODE 973 8
2dots_tau0
0 -6 8 -10 -14
977 978 
LEAF 977 9
65 classes
-1 -1
LEAF 978 9
65 classes
-1 -1
NODE 974 8
2dots_tau0
0 -6 -14 3 8
975 976 
LEAF 975 9
65 classes
5 0.201042
15 0.163763
53 0.155036
63 0.480159
-1 -1
LEAF 976 9
65 classes
10 0.480892
15 0.519108
-1 -1
NODE 966 7
2dots_tau0
0 -1 -3 -5 -15
967 968 
NODE 967 8
2dots_tau0
0 -1 -10 -12 4
971 972 
LEAF 971 9
65 classes
5 0.36557
44 0.413472
51 0.220959
-1 -1
LEAF 972 9
65 classes
-1 -1
NODE 968 8
2dots_tau0
0 -14 -3 -5 -15
969 970 
LEAF 969 9
65 classes
-1 -1
LEAF 970 9
65 classes
3 0.377415
18 0.110137
62 0.317837
63 0.194611
-1 -1
NODE 898 4
2dots_tau0
0 7 -1 10 3
899 900 
NODE 899 5
2dots_tau0
0 -5 -3 2 9
931 932 
NODE 931 6
2dots_tau0
0 -15 13 6 -3
947 948 
NODE 947 7
2dots_tau0
0 -4 8 -7 -9
955 956 
NODE 955 8
2dots_tau0
0 11 12 -8 15
959 960 
LEAF 959 9
65 classes
0 0.373678
3 0.406512
59 0.219811
-1 -1
LEAF 960 9
65 classes
3 0.198326
15 0.156954
47 0.188095
51 0.349385
59 0.10724
-1 -1
NODE 956 8
2dots_tau0
0 15 12 -5 2
957 958 
LEAF 957 9
65 classes
55 0.168574
59 0.831426
-1 -1
LEAF 958 9
65 classes
51 0.431564
63 0.568436
-1 -1
NODE 948 7
2dots_tau0
0 -14 7 -6 -4
949 950 
NODE 949 8
2dots_tau0
0 12 -10 -15 0
953 954 
LEAF 953 9
65 classes
13 0.027914
15 0.0194104
17 0.0221206
18 0.0214723
37 0.0237326
46 0.390797
47 0.13957
49 0.0392541
55 0.161338
61 0.0785083
63 0.0758828
-1 -1
LEAF 954 9
65 classes
47 0.775801
55 0.224199
-1 -1
NODE 950 8
2dots_tau0
0 13 0 -14 3
951 952 
LEAF 951 9
65 classes
0 0.0190813
3 0.0207579
6 0.0183746
13 0.188996
16 0.0188637
19 0.0401712
21 0.0977031
22 0.0418662
27 0.0592966
32 0.155036
35 0.101941
39 0.0214304
49 0.033222
51 0.0487582
55 0.0227576
62 0.0314661
63 0.0802775
-1 -1
LEAF 952 9
65 classes
35 0.141071
47 0.245196
49 0.413768
63 0.199965
-1 -1
NODE 932 6
2dots_tau0
0 7 2 9 4
933 934 
NODE 933 7
2dots_tau0
0 2 14 -5 -9
941 942 
NODE 941 8
2dots_tau0
0 6 -4 9 15
945 946 
LEAF 945 9
65 classes
2 0.354466
6 0.015059
9 0.00569458
12 0.0308025
15 0.00897557
16 0.221591
19 0.0109742
20 0.00438612
22 0.00571861
27 0.00539965
28 0.00533587
30 0.00306631
32 0.036303
35 0.00309432
37 0.00548709
39 0.00585447
41 0.0185659
44 0.00311566
47 0.0591604
48 0.0214278
50 0.0633778
51 0.01998
53 0.00424862
54 0.0248225
55 0.0248681
56 0.00581679
59 0.00306631
61 0.00302525
63 0.0263167
-1 -1
LEAF 946 9
65 classes
2 0.346836
9 0.00742934
10 0.0216955
16 0.0403388
18 0.00647686
20 0.0400559
21 0.0232147
24 0.00629247
27 0.0493119
28 0.0278454
32 0.023681
35 0.00403695
37 0.0143173
39 0.0611035
48 0.0768775
49 0.0118405
51 0.00434443
54 0.0971529
55 0.0243328
56 0.0227663
59 0.00800083
61 0.0670962
62 0.0149529
-1 -1
NODE 942 8
2dots_tau0
0 13 -12 2 -9
943 944 
LEAF 943 9
65 classes
6 0.040339
20 0.0352477
21 0.071498
39 0.164667
49 0.0486229
55 0.0499611
56 0.467447
59 0.0492829
61 0.0729343
-1 -1
LEAF 944 9
65 classes
0 0.0703161
13 0.043529
16 0.104271
20 0.0591656
33 0.0341085
40 0.0358474
41 0.0834803
49 0.0612127
55 0.104829
56 0.196161
63 0.20708
-1 -1
NODE 934 7
2dots_tau0
0 -7 -7 4 5
935 936 
NODE 935 8
2dots_tau0
0 -13 8 -8 -5
939 940 
LEAF 939 9
65 classes
47 1
-1 -1
LEAF 940 9
65 classes
18 0.360336
22 0.415071
35 0.224593
-1 -1
NODE 936 8
2dots_tau0
0 13 9 15 13
937 938 
LEAF 937 9
65 classes
2 0.0202225
10 0.0322567
12 0.119497
16 0.0399836
18 0.0192595
19 0.0212868
20 0.0510471
21 0.0115051
32 0.117363
37 0.0425737
39 0.0227121
41 0.0240084
48 0.020782
50 0.0567394
53 0.0659291
54 0.0192595
58 0.292103
61 0.0234725
-1 -1
LEAF 938 9
65 classes
2 0.1651
9 0.0225451
10 0.049378
11 0.0251913
12 0.0243897
16 0.183619
20 0.0347297
21 0.0704474
32 0.0239542
39 0.139069
45 0.0223573
49 0.0598855
50 0.115807
53 0.0168205
61 0.0119771
63 0.0347297
-1 -1
NODE 900 5
2dots_tau0
0 -3 -10 6 -13
901 902 
NODE 901 6
2dots_tau0
0 1 10 15 -1
917 918 
NODE 917 7
2dots_tau0
0 -14 -12 -15 0
925 926 
NODE 925 8
2dots_tau0
0 -14 -11 8 10
929 930 
LEAF 929 9
65 classes
18 0.693603
20 0.306397
-1 -1
LEAF 930 9
65 classes
3 0.0799447
11 0.0897032
12 0.0434245
16 0.0363247
18 0.0349941
20 0.0618342
21 0.0209046
33 0.106941
39 0.0206337
41 0.0872456
49 0.0639736
62 0.323159
63 0.0309171
-1 -1
NODE 926 8
2dots_tau0
0 -4 -8 15 4
927 928 
LEAF 927 9
65 classes
6 0.101674
18 0.201114
20 0.0888418
33 0.3073
49 0.061277
59 0.0621089
63 0.177684
-1 -1
LEAF 928 9
65 classes
10 0.112394
13 0.199403
16 0.0199024
20 0.0169396
23 0.480214
33 0.0195311
35 0.0119505
37 0.0423832
47 0.0415423
48 0.0206891
61 0.0350513
-1 -1
NODE 918 7
2dots_tau0
0 -10 11 -10 -11
919 920 
NODE 919 8
2dots_tau0
0 5 15 2 2
923 924 
LEAF 923 9
65 classes
4 0.0284964
9 0.0718396
10 0.0524473
11 0.0267572
15 0.0188718
21 0.0997685
22 0.0240476
23 0.209148
30 0.0257886
37 0.023074
39 0.0861662
41 0.0260241
44 0.0917125
48 0.0225268
51 0.0560126
52 0.0480952
59 0.0128943
61 0.0763296
-1 -1
LEAF 924 9
65 classes
2 0.0232364
13 0.0287689
14 0.022459
15 0.0200048
16 0.0229713
35 0.0137933
37 0.0244594
44 0.416653
47 0.0239741
51 0.0593755
55 0.0138566
59 0.0546739
61 0.256223
63 0.0195517
-1 -1
NODE 920 8
2dots_tau0
0 -4 -14 7 8
921 922 
LEAF 921 9
65 classes
3 0.206493
22 0.104118
42 0.0564665
51 0.0606286
59 0.167483
61 0.16524
63 0.239571
-1 -1
LEAF 922 9
65 classes
2 0.0398147
4 0.0517591
11 0.0972002
16 0.0393605
21 0.0679551
23 0.0949708
35 0.0472686
39 0.111791
44 0.0713919
51 0.101738
56 0.0444284
59 0.0936816
61 0.13864
-1 -1
NODE 902 6
2dots_tau0
0 -3 0 0 13
903 904 
NODE 903 7
2dots_tau0
0 -10 12 -13 10
911 912 
NODE 911 8
2dots_tau0
0 -14 6 6 3
915 916 
LEAF 915 9
65 classes
2 0.146878
5 0.0776182
30 0.172797
44 0.0877889
51 0.281485
59 0.0863986
61 0.0852414
63 0.0617931
-1 -1
LEAF 916 9
65 classes
2 0.0253216
4 0.016459
10 0.00504879
11 0.00772725
16 0.0563237
19 0.00666358
20 0.00532655
21 0.352951
22 0.00694474
23 0.0226501
30 0.111713
32 0.0440867
35 0.00375777
37 0.00666358
39 0.213292
44 0.00756738
49 0.00367389
51 0.0323519
54 0.0180869
55 0.011325
61 0.0367389
63 0.00532655
-1 -1
NODE 912 8
2dots_tau0
0 -1 11 1 -2
913 914 
LEAF 913 9
65 classes
21 0.0778016
30 0.305679
39 0.23038
44 0.0490419
51 0.0524157
59 0.0482652
61 0.206348
62 0.0300679
-1 -1
LEAF 914 9
65 classes
2 0.0539167
15 0.0154728
16 0.0533017
21 0.286297
23 0.0214348
30 0.116291
32 0.0104303
39 0.0706468
42 0.0106929
45 0.0194699
49 0.0208606
51 0.0229621
54 0.0513492
55 0.0535869
59 0.0634314
61 0.114733
63 0.0151223
-1 -1
NODE 904 7
2dots_tau0
0 10 15 12 1
905 906 
NODE 905 8
2dots_tau0
0 10 -8 3 6
909 910 
LEAF 909 9
65 classes
1 0.00918075
2 0.0420196
4 0.0437003
5 0.00888218
9 0.00918075
11 0.0512915
13 0.0104048
16 0.0166161
19 0.00884622
21 0.0669371
23 0.020046
27 0.00870525
30 0.0346043
32 0.0195091
37 0.106155
39 0.217086
40 0.0171374
44 0.0100461
45 0.0182085
47 0.0086707
48 0.12091
50 0.0392989
52 0.018439
53 0.00684958
61 0.0780363
62 0.00923897
-1 -1
LEAF 910 9
65 classes
2 0.0719411
3 0.0130437
4 0.062349
10 0.258194
11 0.0292718
13 0.014845
16 0.0118534
18 0.0114192
20 0.110977
21 0.00682155
23 0.0572009
24 0.0110941
39 0.0605984
44 0.0214996
47 0.0123708
50 0.0112138
52 0.0131538
54 0.194127
55 0.00715011
61 0.0208758
-1 -1
NODE 906 8
2dots_tau0
0 0 -6 3 -5
907 908 
LEAF 907 9
65 classes
1 0.0169975
2 0.0311185
4 0.020227
5 0.0164447
9 0.0169975
11 0.037985
20 0.0261839
21 0.247859
24 0.0287929
30 0.0457625
33 0.0150948
37 0.0163782
39 0.192222
44 0.0464989
48 0.0159898
51 0.0397583
54 0.0148183
56 0.0173623
61 0.153509
-1 -1
LEAF 908 9
65 classes
2 0.0293072
4 0.0380994
9 0.0480245
11 0.0357741
13 0.0181426
16 0.0144865
18 0.00697792
21 0.0792001
22 0.00803785
23 0.0087384
27 0.0227686
30 0.185325
32 0.0212608
37 0.0154249
39 0.148119
44 0.0437924
45 0.0317495
48 0.0150591
50 0.0411145
52 0.0964542
54 0.0628012
55 0.0087384
56 0.0163517
61 0.00425217
-1 -1
NODE 770 3
2dots_tau0
0 14 -5 13 -6
771 772 
NODE 771 4
2dots_tau0
0 -10 7 -2 2
835 836 
NODE 835 5
2dots_tau0
0 8 5 6 10
867 868 
NODE 867 6
2dots_tau0
0 -9 -9 15 3
883 884 
NODE 883 7
2dots_tau0
0 5 0 -9 0
891 892 
NODE 891 8
2dots_tau0
0 5 7 7 2
895 896 
LEAF 895 9
65 classes
20 0.274926
24 0.453481
28 0.167229
51 0.104364
-1 -1
LEAF 896 9
65 classes
19 0.146552
48 0.143077
51 0.0889395
56 0.621432
-1 -1
NODE 892 8
2dots_tau0
0 -15 0 -9 -2
893 894 
LEAF 893 9
65 classes
24 0.352953
56 0.425664
61 0.221383
-1 -1
LEAF 894 9
65 classes
5 0.363519
24 0.636481
-1 -1
NODE 884 7
2dots_tau0
0 0 1 0 -2
885 886 
NODE 885 8
2dots_tau0
0 6 -15 -3 -13
889 890 
LEAF 889 9
65 classes
0 0.00904367
2 0.0452183
5 0.0191167
7 0.0318828
10 0.0432764
14 0.174822
17 0.0177461
20 0.0304382
23 0.010786
24 0.0251034
30 0.0053198
44 0.0324325
45 0.0881758
48 0.00929389
51 0.0519955
52 0.0595279
53 0.022113
54 0.0516781
55 0.156397
56 0.0100916
59 0.0425584
61 0.0629827
-1 -1
LEAF 890 9
65 classes
3 0.0394434
7 0.0319558
14 0.245311
17 0.0355735
42 0.021572
44 0.0433424
47 0.0374086
51 0.0463241
52 0.0397762
53 0.0295516
56 0.323673
59 0.0639839
61 0.0420847
-1 -1
NODE 886 8
2dots_tau0
0 10 -3 7 5
887 888 
LEAF 887 9
65 classes
1 0.0170115
4 0.242925
7 0.0137246
9 0.0170115
14 0.27092
17 0.0152783
22 0.0170833
30 0.00916006
39 0.043723
42 0.00926487
44 0.0279224
51 0.0795823
52 0.0341666
55 0.148578
56 0.0173766
59 0.00916006
61 0.0271122
-1 -1
LEAF 888 9
65 classes
2 0.0221063
4 0.0862146
5 0.0233644
6 0.0212876
9 0.0482995
14 0.0641001
17 0.0433784
19 0.116349
20 0.0186008
21 0.0251538
30 0.0390111
35 0.0131225
39 0.0248278
40 0.0225398
44 0.013213
47 0.0228081
53 0.0900884
54 0.0210536
55 0.0922786
56 0.049336
59 0.130037
61 0.0128296
-1 -1
NODE 868 6
2dots_tau0
0 -14 -4 5 -6
869 870 
NODE 869 7
2dots_tau0
0 -11 2 12 -15
877 878 
NODE 877 8
2dots_tau0
0 7 3 -14 14
881 882 
LEAF 881 9
65 classes
1 0.434092
5 0.104994
9 0.108523
10 0.0792284
28 0.101687
59 0.116871
62 0.0546056
-1 -1
LEAF 882 9
65 classes
1 0.0233259
5 0.157971
7 0.16937
10 0.136235
14 0.103189
19 0.0224759
22 0.16397
24 0.0197564
28 0.0218565
42 0.0127038
44 0.0127622
45 0.0693945
47 0.02203
51 0.0272804
59 0.0376803
-1 -1
NODE 878 8
2dots_tau0
0 6 6 -14 -3
879 880 
LEAF 879 9
65 classes
5 0.0498985
15 0.0406458
20 0.039725
24 0.0873667
30 0.0555431
40 0.192549
44 0.169311
48 0.145554
51 0.0603195
56 0.105365
59 0.0277715
62 0.0259514
-1 -1
LEAF 880 9
65 classes
1 0.0276629
4 0.0329189
5 0.294397
7 0.0669537
14 0.171325
19 0.05331
35 0.0450944
40 0.0258187
42 0.0150659
44 0.0454054
48 0.130114
51 0.0323527
59 0.0595817
-1 -1
NODE 870 7
2dots_tau0
0 8 -6 -3 11
871 872 
NODE 871 8
2dots_tau0
0 -12 -5 7 -2
875 876 
LEAF 875 9
65 classes
2 0.210625
14 0.135719
16 0.416445
22 0.154044
55 0.0418674
59 0.0412991
-1 -1
LEAF 876 9
65 classes
2 0.0205945
4 0.0356971
6 0.00661057
9 0.00749939
10 0.388726
13 0.00849931
14 0.00663515
15 0.00591011
16 0.013573
22 0.0150621
23 0.0081874
28 0.021081
35 0.00407501
39 0.00770995
40 0.00699943
41 0.00815002
45 0.0148738
47 0.0637448
48 0.0141095
49 0.00398405
51 0.0131562
52 0.0602482
53 0.0951176
54 0.0130759
55 0.0695929
56 0.0612825
59 0.00807626
61 0.0119521
63 0.00577623
-1 -1
NODE 872 8
2dots_tau0
0 10 15 -7 -12
873 874 
LEAF 873 9
65 classes
0 0.0158442
2 0.0792208
4 0.0411948
9 0.0173088
10 0.139001
21 0.00901419
30 0.0093201
33 0.0153712
39 0.0266921
44 0.0378803
45 0.0171645
47 0.0653886
48 0.211673
52 0.0521454
53 0.0129137
54 0.165986
59 0.0838809
-1 -1
LEAF 874 9
65 classes
14 0.151917
44 0.0939438
53 0.384316
59 0.369824
-1 -1
NODE 836 5
2dots_tau0
0 -8 -11 -10 11
837 838 
NODE 837 6
2dots_tau0
0 14 10 -13 -2
853 854 
NODE 853 7
2dots_tau0
0 -2 15 -15 2
861 862 
NODE 861 8
2dots_tau0
0 6 -4 -5 -1
865 866 
LEAF 865 9
65 classes
3 0.0187432
4 0.0223981
5 0.00910491
11 0.0420621
12 0.0101809
13 0.0106657
18 0.0492265
20 0.0289943
21 0.151934
23 0.0205487
24 0.0159417
28 0.00881814
30 0.00506744
39 0.183829
42 0.00512542
48 0.017706
49 0.034997
51 0.0495289
55 0.0102743
56 0.0288387
59 0.00506744
61 0.00999914
63 0.260948
-1 -1
LEAF 866 9
65 classes
3 0.0233241
6 0.0619385
18 0.102096
20 0.0180403
21 0.0365939
23 0.178997
30 0.0630596
35 0.0127271
39 0.0120399
47 0.0221209
49 0.0871011
51 0.178054
61 0.012443
62 0.0471414
63 0.144323
-1 -1
NODE 862 8
2dots_tau0
0 -4 0 3 7
863 864 
LEAF 863 9
65 classes
3 0.0354311
14 0.0944391
18 0.0310185
21 0.0185296
22 0.142921
23 0.0776885
28 0.0333387
30 0.0383169
51 0.145642
55 0.252487
59 0.0574754
62 0.0179028
63 0.0548093
-1 -1
LEAF 864 9
65 classes
2 0.017387
5 0.0551296
6 0.0334861
15 0.0598758
16 0.0343774
17 0.017059
18 0.0165591
19 0.0183021
20 0.146299
21 0.0296759
22 0.0190744
24 0.0482629
28 0.0355955
30 0.0204553
39 0.00976377
41 0.0206421
47 0.017939
49 0.0201814
51 0.0222144
52 0.0190744
55 0.248842
56 0.0388036
59 0.0409106
61 0.0100907
-1 -1
NODE 854 7
2dots_tau0
0 -3 12 2 -13
855 856 
NODE 855 8
2dots_tau0
0 5 -10 11 0
859 860 
LEAF 859 9
65 classes
2 0.0582957
5 0.0616133
15 0.451695
20 0.0981028
24 0.0539391
28 0.0596727
42 0.0346839
44 0.0348434
63 0.147154
-1 -1
LEAF 860 9
65 classes
7 0.0923758
9 0.114499
15 0.270704
22 0.229965
24 0.0969782
28 0.107287
63 0.0881905
-1 -1
NODE 856 8
2dots_tau0
0 3 -13 -11 5
857 858 
LEAF 857 9
65 classes
2 0.0762736
18 0.217925
19 0.080288
20 0.128357
21 0.0867884
42 0.0453802
44 0.0455888
51 0.146176
59 0.0448668
63 0.128357
-1 -1
LEAF 858 9
65 classes
6 0.651163
47 0.348837
-1 -1
NODE 838 6
2dots_tau0
0 -14 -14 13 8
839 840 
NODE 839 7
2dots_tau0
0 -14 -6 -12 14
847 848 
NODE 847 8
2dots_tau0
0 0 -7 -2 8
851 852 
LEAF 851 9
65 classes
2 0.418294
18 0.15935
63 0.422355
-1 -1
LEAF 852 9
65 classes
2 0.209925
5 0.221872
10 0.0837123
15 0.090365
18 0.0999642
24 0.0971182
27 0.108726
63 0.0883179
-1 -1
NODE 848 8
2dots_tau0
0 -3 -13 -3 -9
849 850 
LEAF 849 9
65 classes
5 0.0353544
14 0.0969947
18 0.0637157
22 0.110091
28 0.102723
35 0.0198566
47 0.0345127
48 0.0343763
51 0.0854761
53 0.163584
63 0.253316
-1 -1
LEAF 850 9
65 classes
6 0.0454511
14 0.0456201
16 0.0933217
22 0.103559
28 0.0483142
42 0.0280819
51 0.120607
53 0.0384696
63 0.476575
-1 -1
NODE 840 7
2dots_tau0
0 -2 -3 10 -7
841 842 
NODE 841 8
2dots_tau0
0 -10 -12 9 3
845 846 
LEAF 845 9
65 classes
5 0.066031
14 0.181156
18 0.267752
20 0.0262842
22 0.0342692
28 0.0639512
47 0.0322294
51 0.0598659
55 0.037256
59 0.0735005
63 0.157705
-1 -1
LEAF 846 9
65 classes
0 0.00516659
2 0.00516659
5 0.0327637
6 0.0447771
10 0.234874
15 0.00889611
17 0.0152073
18 0.123014
19 0.00543851
20 0.0130419
22 0.011336
23 0.0616198
28 0.0105773
30 0.00303917
37 0.0271926
44 0.0154404
48 0.0159286
49 0.0509739
51 0.00660104
54 0.0590467
55 0.206426
63 0.0434729
-1 -1
NODE 842 8
2dots_tau0
0 -4 -7 -4 0
843 844 
LEAF 843 9
65 classes
4 0.0316268
11 0.059393
13 0.0903622
16 0.0481016
18 0.0231698
21 0.013841
23 0.145077
30 0.0143108
37 0.0512174
39 0.0683084
42 0.028949
44 0.014541
48 0.0250014
49 0.0141191
53 0.0198287
54 0.0695094
55 0.0290154
56 0.0271474
59 0.0429323
61 0.183548
-1 -1
LEAF 844 9
65 classes
1 0.0546048
2 0.0285625
4 0.00928281
5 0.030188
6 0.0137523
9 0.0312027
10 0.0854246
11 0.00871626
14 0.0138034
16 0.00705917
20 0.0120166
21 0.01625
22 0.0078336
23 0.119229
30 0.0714062
33 0.0277099
37 0.0225493
39 0.0761872
42 0.00424843
44 0.119503
45 0.023207
48 0.0146764
49 0.00414411
51 0.0136847
53 0.00581994
54 0.0136012
55 0.025549
56 0.0318723
59 0.0126011
61 0.0953146
-1 -1
NODE 772 4
2dots_tau0
0 -1 12 -10 14
773 774 
NODE 773 5
2dots_tau0
0 10 -4 -8 0
805 806 
NODE 805 6
2dots_tau0
0 -1 7 2 9
821 822 
NODE 821 7
2dots_tau0
0 -10 -8 -3 -9
829 830 
NODE 829 8
2dots_tau0
0 -1 -2 9 -7
833 834 
LEAF 833 9
65 classes
10 0.169309
15 0.0228454
16 0.0262332
20 0.290263
24 0.098211
28 0.0543254
48 0.19089
51 0.0169517
55 0.0158241
59 0.0312187
61 0.0616011
63 0.0223279
-1 -1
LEAF 834 9
65 classes
1 0.0335515
2 0.214988
3 0.0334111
5 0.0324604
16 0.0910865
21 0.0524196
22 0.0673861
28 0.031438
30 0.0180662
35 0.0364623
37 0.032329
39 0.0172468
42 0.0365458
44 0.0183569
52 0.033693
55 0.0732592
61 0.160418
62 0.0168821
-1 -1
NODE 830 8
2dots_tau0
0 15 1 9 -15
831 832 
LEAF 831 9
65 classes
4 0.0193155
5 0.0314074
6 0.0143078
10 0.20145
11 0.0181367
13 0.0183958
16 0.0293772
21 0.0169064
23 0.0354414
24 0.0274954
28 0.0152091
33 0.0144146
37 0.0312802
39 0.0834365
47 0.0306596
48 0.076346
49 0.0776071
55 0.0177207
56 0.0497396
61 0.129345
62 0.0245017
63 0.0375059
-1 -1
LEAF 832 9
65 classes
0 0.021471
2 0.0644131
3 0.0233576
5 0.0453859
13 0.0531663
15 0.018485
18 0.0204486
21 0.146586
23 0.0512153
28 0.0219782
30 0.01263
33 0.0416602
35 0.0127454
37 0.0226011
42 0.0127745
44 0.0256665
48 0.0220651
49 0.0124609
51 0.0137161
52 0.0235547
54 0.122692
55 0.0128038
61 0.161991
63 0.0361325
-1 -1
NODE 822 7
2dots_tau0
0 1 9 -3 -9
823 824 
NODE 823 8
2dots_tau0
0 6 -13 1 13
827 828 
LEAF 827 9
65 classes
1 0.0465441
2 0.106514
4 0.0830813
5 0.090061
11 0.0130018
13 0.0131875
16 0.0315898
20 0.0358495
21 0.0060599
27 0.0110334
30 0.0375933
35 0.00632277
39 0.0598137
40 0.0543015
42 0.0380235
44 0.00636638
48 0.0328384
52 0.0116851
53 0.0260443
54 0.121731
55 0.0317589
56 0.0237715
59 0.00626556
61 0.0741797
62 0.0234197
63 0.00896238
-1 -1
LEAF 828 9
65 classes
1 0.0240526
2 0.0146782
3 0.00798398
4 0.0763269
5 0.0698112
6 0.0070673
10 0.0936526
11 0.0895855
13 0.00908653
15 0.00631845
16 0.0145108
18 0.00698964
19 0.00772539
20 0.154383
23 0.0175062
24 0.0135813
27 0.00760228
28 0.00751249
33 0.0213601
35 0.00871311
37 0.0231762
39 0.0370919
40 0.0374151
42 0.00436652
47 0.0302884
48 0.0527953
49 0.0340745
51 0.00468838
54 0.0489275
55 0.00437654
59 0.034537
61 0.0298152
-1 -1
NODE 824 8
2dots_tau0
0 -3 2 3 -6
825 826 
LEAF 825 9
65 classes
1 0.154681
3 0.154034
5 0.149651
18 0.13485
49 0.0821742
55 0.0844359
56 0.158
61 0.0821742
-1 -1
LEAF 826 9
65 classes
3 0.174882
4 0.0696615
11 0.0654099
13 0.0663443
18 0.0510341
23 0.0639097
42 0.0318817
45 0.0580513
49 0.0621978
52 0.117572
56 0.119591
61 0.0310989
62 0.0883656
-1 -1
NODE 806 6
2dots_tau0
0 -9 -7 14 -15
807 808 
NODE 807 7
2dots_tau0
0 -15 -14 0 -10
815 816 
NODE 815 8
2dots_tau0
0 -1 7 8 -11
819 820 
LEAF 819 9
65 classes
20 1
-1 -1
LEAF 820 9
65 classes
7 1
-1 -1
NODE 816 8
2dots_tau0
0 -10 9 -2 15
817 818 
LEAF 817 9
65 classes
59 1
-1 -1
LEAF 818 9
65 classes
-1 -1
NODE 808 7
2dots_tau0
0 -13 -14 4 7
809 810 
NODE 809 8
2dots_tau0
0 2 4 -2 14
813 814 
LEAF 813 9
65 classes
15 0.327645
24 0.352131
63 0.320223
-1 -1
LEAF 814 9
65 classes
7 0.300119
48 0.699881
-1 -1
NODE 810 8
2dots_tau0
0 3 -4 6 -15
811 812 
LEAF 811 9
65 classes
20 0.25438
39 0.16977
54 0.57585
-1 -1
LEAF 812 9
65 classes
0 0.132979
15 0.228971
24 0.492165
52 0.145884
-1 -1
NODE 774 5
2dots_tau0
0 15 -3 5 7
775 776 
NODE 775 6
2dots_tau0
0 0 4 1 10
791 792 
NODE 791 7
2dots_tau0
0 0 15 0 8
799 800 
NODE 799 8
2dots_tau0
0 -6 7 -4 -13
803 804 
LEAF 803 9
65 classes
1 0.123543
14 0.0819793
15 0.0243404
22 0.0930482
30 0.0166308
40 0.0288267
44 0.0168984
45 0.18377
47 0.0583398
51 0.144488
52 0.0310161
59 0.0166308
61 0.180489
-1 -1
LEAF 804 9
65 classes
4 0.234777
5 0.0381751
7 0.0318341
11 0.0440895
14 0.034911
17 0.035438
28 0.0369727
39 0.0202831
42 0.193409
47 0.0372662
49 0.0209622
51 0.0692217
56 0.120915
61 0.0209622
63 0.0607836
-1 -1
NODE 800 8
2dots_tau0
0 15 3 10 -8
801 802 
LEAF 801 9
65 classes
2 0.0615064
3 0.0669107
14 0.178346
17 0.0603459
22 0.0674753
45 0.0666319
55 0.146712
56 0.0686337
59 0.108541
61 0.0713913
63 0.103506
-1 -1
LEAF 802 9
65 classes
2 0.0574194
13 0.0710907
17 0.0563361
23 0.0684819
39 0.0322442
45 0.0622044
51 0.183404
55 0.0684819
59 0.0337761
61 0.366562
-1 -1
NODE 792 7
2dots_tau0
0 7 5 12 14
793 794 
NODE 793 8
2dots_tau0
0 -2 -6 0 0
797 798 
LEAF 797 9
65 classes
-1 -1
LEAF 798 9
65 classes
14 0.155392
37 0.0846162
44 0.0480464
51 0.102704
53 0.0655179
55 0.0479362
56 0.448502
59 0.0472855
-1 -1
NODE 794 8
2dots_tau0
0 -6 -8 0 11
795 796 
LEAF 795 9
65 classes
7 0.0544191
23 0.0736405
47 0.0637049
55 0.0736405
56 0.482298
59 0.108961
61 0.143336
-1 -1
LEAF 796 9
65 classes
1 0.185058
2 0.0651535
16 0.0257641
21 0.00741353
22 0.114362
23 0.0155412
28 0.0133385
30 0.00766512
39 0.00731746
42 0.0232585
44 0.0155769
45 0.0282332
47 0.0806663
51 0.0249729
52 0.0285906
55 0.0077706
56 0.159948
59 0.0229954
61 0.166374
-1 -1
NODE 776 6
2dots_tau0
0 15 11 -1 -7
777 778 
NODE 777 7
2dots_tau0
0 14 -8 15 -15
785 786 
NODE 785 8
2dots_tau0
0 -1 -10 11 -15
789 790 
LEAF 789 9
65 classes
0 0.0139899
3 0.0304383
5 0.162647
6 0.053887
10 0.334727
17 0.164711
19 0.0147262
20 0.0117714
24 0.0129444
28 0.0429611
47 0.014434
51 0.0178741
56 0.124888
-1 -1
LEAF 790 9
65 classes
5 0.0898411
6 0.0818552
9 0.0309537
10 0.225981
15 0.0243939
16 0.0280113
19 0.0596516
28 0.0870114
35 0.0168196
42 0.0505742
47 0.029234
53 0.0230939
54 0.107941
55 0.0168967
56 0.0948537
61 0.0328883
-1 -1
NODE 786 8
2dots_tau0
0 -7 14 6 0
787 788 
LEAF 787 9
65 classes
2 0.0910076
22 0.0998395
28 0.0931574
39 0.153317
40 0.278376
51 0.0581375
54 0.173348
61 0.0528169
-1 -1
LEAF 788 9
65 classes
1 0.0186695
2 0.085449
5 0.0361248
6 0.0493705
15 0.0147131
17 0.134139
18 0.016276
20 0.0862786
22 0.0374966
24 0.0158126
28 0.069974
42 0.0101678
44 0.0102146
45 0.018514
49 0.0297546
53 0.013929
54 0.16276
55 0.0713382
61 0.119018
-1 -1
NODE 778 7
2dots_tau0
0 -7 -8 5 -7
779 780 
NODE 779 8
2dots_tau0
0 -9 11 9 10
783 784 
LEAF 783 9
65 classes
21 1
-1 -1
LEAF 784 9
65 classes
6 1
-1 -1
NODE 780 8
2dots_tau0
0 -8 -12 5 0
781 782 
LEAF 781 9
65 classes
5 0.367386
20 0.292482
24 0.160813
47 0.179319
-1 -1
LEAF 782 9
65 classes
6 0.152653
13 0.0654228
16 0.0522387
17 0.0259222
19 0.0278113
22 0.0579696
28 0.270449
40 0.0269388
45 0.0286225
47 0.054519
54 0.0503252
55 0.031511
63 0.155617
-1 -1
NODE 514 2
2dots_tau0
0 -15 14 1 12
515 516 
NODE 515 3
2dots_tau0
0 2 7 6 4
643 644 
NODE 643 4
2dots_tau0
0 13 0 5 2
707 708 
NODE 707 5
2dots_tau0
0 1 9 -15 -15
739 740 
NODE 739 6
2dots_tau0
0 6 12 -5 -14
755 756 
NODE 755 7
2dots_tau0
0 -8 15 -11 12
763 764 
NODE 763 8
2dots_tau0
0 -8 10 3 3
767 768 
LEAF 767 9
65 classes
1 0.0310653
3 0.0309353
9 0.046598
22 0.0311964
35 0.0168802
37 0.0149667
40 0.0289943
42 0.00845943
44 0.00849833
45 0.107823
46 0.492903
47 0.0293395
49 0.0247552
51 0.018166
52 0.077991
53 0.0231773
61 0.00825172
-1 -1
LEAF 768 9
65 classes
9 0.0652628
12 0.0353012
13 0.0739645
16 0.0885886
19 0.0157212
21 0.00849701
24 0.013819
27 0.0309413
30 0.00878537
32 0.00866771
33 0.0289786
35 0.0088656
37 0.157212
44 0.107121
45 0.0161797
46 0.258876
48 0.0153484
53 0.0365185
59 0.00878537
63 0.0125668
-1 -1
NODE 764 8
2dots_tau0
0 11 4 1 -9
765 766 
LEAF 765 9
65 classes
1 0.0632368
3 0.0314861
5 0.0917705
9 0.158092
13 0.0179171
19 0.0304663
24 0.02678
30 0.00851265
40 0.0295105
44 0.0691971
45 0.219484
48 0.0148719
49 0.0251959
52 0.0476277
53 0.0589748
55 0.00862979
59 0.0425632
62 0.0556832
-1 -1
LEAF 766 9
65 classes
0 0.0262088
5 0.110801
9 0.0286315
16 0.0259099
20 0.0441054
22 0.201266
28 0.0536558
33 0.0254265
47 0.243368
48 0.026934
49 0.0760524
53 0.106807
59 0.0308339
-1 -1
NODE 756 7
2dots_tau0
0 6 -13 0 0
757 758 
NODE 757 8
2dots_tau0
0 -9 15 -9 10
761 762 
LEAF 761 9
65 classes
3 0.128595
5 0.124936
13 0.0731768
19 0.0622151
30 0.0347673
33 0.17202
35 0.210509
44 0.0353267
51 0.0755141
53 0.0481728
59 0.0347673
-1 -1
LEAF 762 9
65 classes
0 0.0676503
3 0.294378
11 0.0825778
23 0.322735
35 0.0803154
45 0.0732878
49 0.0392613
59 0.0397943
-1 -1
NODE 758 8
2dots_tau0
0 4 14 10 -12
759 760 
LEAF 759 9
65 classes
15 0.541173
24 0.0830881
28 0.0919203
30 0.105646
47 0.0926498
54 0.0855229
-1 -1
LEAF 760 9
65 classes
5 0.02444
14 0.0223504
15 0.159265
19 0.0730233
22 0.0253681
27 0.0479064
35 0.219626
48 0.0475277
49 0.0134202
58 0.334014
59 0.0136024
63 0.0194571
-1 -1
NODE 740 6
2dots_tau0
0 4 5 0 5
741 742 
NODE 741 7
2dots_tau0
0 -4 -12 4 2
749 750 
NODE 749 8
2dots_tau0
0 7 13 4 0
753 754 
LEAF 753 9
65 classes
7 0.361358
14 0.148607
28 0.0524609
42 0.0609843
44 0.0612647
51 0.130959
52 0.112448
53 0.0417714
59 0.0301472
-1 -1
LEAF 754 9
65 classes
5 0.0549268
7 0.0458033
13 0.128686
14 0.150691
17 0.0509886
19 0.0547044
22 0.114025
44 0.124248
48 0.160221
53 0.0847147
55 0.0309908
-1 -1
NODE 750 8
2dots_tau0
0 11 -10 7 -5
751 752 
LEAF 751 9
65 classes
1 0.0256742
5 0.0248393
7 0.103567
15 0.101167
17 0.161409
19 0.0247387
22 0.0257826
23 0.0280297
44 0.309035
48 0.024152
53 0.0191551
55 0.0280297
59 0.124421
-1 -1
LEAF 752 9
65 classes
7 0.171336
12 0.0287183
15 0.0836824
22 0.213267
28 0.298489
44 0.0145242
47 0.0250715
48 0.0499449
51 0.0465702
53 0.0396114
55 0.0144909
59 0.0142942
-1 -1
NODE 742 7
2dots_tau0
0 -6 9 -12 8
743 744 
NODE 743 8
2dots_tau0
0 -9 12 10 10
747 748 
LEAF 747 9
65 classes
5 0.0320005
7 0.0266852
14 0.234115
16 0.029932
19 0.0637419
20 0.0254761
22 0.132863
23 0.0361107
30 0.0534307
42 0.018014
48 0.248921
53 0.09871
-1 -1
LEAF 748 9
65 classes
7 0.277376
14 0.130365
16 0.0444465
19 0.0473256
27 0.0465714
42 0.106997
44 0.188106
48 0.0462032
51 0.0861628
59 0.0264466
-1 -1
NODE 744 8
2dots_tau0
0 0 -5 6 13
745 746 
LEAF 745 9
65 classes
7 0.0306675
14 0.168158
15 0.0599134
19 0.0610454
20 0.0292781
22 0.24176
23 0.0138332
24 0.0107318
28 0.166216
30 0.0682272
44 0.0207975
48 0.0119195
51 0.0592755
55 0.0484163
63 0.00975936
-1 -1
LEAF 746 9
65 classes
7 0.134701
14 0.553952
28 0.0782221
44 0.0228373
51 0.0488168
53 0.0934252
55 0.0455698
59 0.0224756
-1 -1
NODE 708 5
2dots_tau0
0 2 10 5 13
709 710 
NODE 709 6
2dots_tau0
0 8 -4 9 3
725 726 
NODE 725 7
2dots_tau0
0 -10 11 12 -11
733 734 
NODE 733 8
2dots_tau0
0 -9 8 -6 -3
737 738 
LEAF 737 9
65 classes
5 0.039187
6 0.0357037
12 0.0438182
15 0.414967
22 0.122025
27 0.0384064
28 0.113858
33 0.10791
51 0.0236855
53 0.0604388
-1 -1
LEAF 738 9
65 classes
0 0.205513
6 0.0989507
15 0.265398
33 0.0996891
35 0.243988
63 0.0864618
-1 -1
NODE 734 8
2dots_tau0
0 3 -10 2 -2
735 736 
LEAF 735 9
65 classes
0 0.10221
2 0.0204419
5 0.0216053
13 0.0759271
15 0.035198
23 0.121901
33 0.178485
46 0.354326
53 0.0666444
59 0.0120246
62 0.0112366
-1 -1
LEAF 736 9
65 classes
0 0.221628
15 0.190806
16 0.2191
24 0.068355
28 0.0756211
35 0.0438533
53 0.180637
-1 -1
NODE 726 7
2dots_tau0
0 5 5 0 -8
727 728 
NODE 727 8
2dots_tau0
0 8 12 -3 3
731 732 
LEAF 731 9
65 classes
5 0.2032
6 0.0617126
15 0.0551736
24 0.237187
47 0.0661207
48 0.0658593
49 0.0371929
53 0.0522333
54 0.183103
55 0.0382165
-1 -1
LEAF 732 9
65 classes
3 0.0490399
5 0.142933
12 0.0532752
15 0.232859
33 0.0874668
35 0.0535185
40 0.137889
47 0.0465101
54 0.17173
62 0.0247792
-1 -1
NODE 728 8
2dots_tau0
0 0 0 0 0
729 730 
LEAF 729 9
65 classes
0 0.0554622
5 0.175856
15 0.286493
19 0.0583812
33 0.0538066
35 0.0329228
50 0.103742
63 0.233336
-1 -1
LEAF 730 9
65 classes
-1 -1
NODE 710 6
2dots_tau0
0 -15 10 -10 15
711 712 
NODE 711 7
2dots_tau0
0 1 -12 -10 -1
719 720 
NODE 719 8
2dots_tau0
0 -13 10 -9 -5
723 724 
LEAF 723 9
65 classes
5 0.0680764
6 0.0930377
16 0.127352
17 0.0631954
22 0.176654
23 0.19205
28 0.0329661
33 0.031244
37 0.0339004
42 0.0191611
51 0.0205735
53 0.0262489
54 0.0613436
63 0.0541967
-1 -1
LEAF 724 9
65 classes
0 0.16645
15 0.573207
24 0.154011
51 0.106332
-1 -1
NODE 720 8
2dots_tau0
0 9 15 -6 0
721 722 
LEAF 721 9
65 classes
0 0.0646649
14 0.0625014
15 0.445374
16 0.0639273
22 0.0709404
28 0.198577
51 0.0413093
53 0.052705
-1 -1
LEAF 722 9
65 classes
0 0.236877
15 0.611801
51 0.151322
-1 -1
NODE 712 7
2dots_tau0
0 -4 4 -3 11
713 714 
NODE 713 8
2dots_tau0
0 0 1 -3 -3
717 718 
LEAF 717 9
65 classes
2 0.103886
15 0.178876
20 0.0874118
33 0.100785
35 0.0616673
51 0.199093
53 0.169343
54 0.0989387
-1 -1
LEAF 718 9
65 classes
13 0.186673
35 0.179001
63 0.634326
-1 -1
NODE 714 8
2dots_tau0
0 -10 1 0 1
715 716 
LEAF 715 9
65 classes
13 0.381445
23 0.367447
53 0.251108
-1 -1
LEAF 716 9
65 classes
2 0.067402
13 0.08345
15 0.0580282
20 0.113427
28 0.0689941
32 0.0391172
37 0.0709494
47 0.139083
49 0.0782344
51 0.0430578
53 0.109872
54 0.128385
-1 -1
NODE 644 4
2dots_tau0
0 11 3 -15 -12
645 646 
NODE 645 5
2dots_tau0
0 6 -12 12 12
677 678 
NODE 677 6
2dots_tau0
0 7 -14 5 6
693 694 
NODE 693 7
2dots_tau0
0 4 9 -15 1
701 702 
NODE 701 8
2dots_tau0
0 -10 -12 10 -10
705 706 
LEAF 705 9
65 classes
11 0.0361073
13 0.183115
42 0.0527976
45 0.0320452
52 0.227156
53 0.0241092
58 0.427269
59 0.0174001
-1 -1
LEAF 706 9
65 classes
1 0.0704575
2 0.0143324
3 0.0363806
4 0.0372642
6 0.00460051
9 0.0156572
11 0.0145791
13 0.103512
17 0.00468732
19 0.0251445
23 0.0170937
27 0.00494876
30 0.0295078
32 0.0235674
35 0.00141797
39 0.013414
40 0.0755026
41 0.0198515
42 0.0241606
44 0.0157052
45 0.0155267
46 0.207023
48 0.00736446
49 0.0152495
50 0.00223406
51 0.00152597
52 0.0104822
53 0.114869
54 0.00909992
56 0.0186587
58 0.0345039
59 0.00281027
61 0.00554526
62 0.00131304
63 0.00200993
-1 -1
NODE 702 8
2dots_tau0
0 -10 0 -11 6
703 704 
LEAF 703 9
65 classes
0 0.00521787
4 0.0542659
7 0.00919761
10 0.0291305
11 0.0254769
13 0.0646022
14 0.105909
17 0.0563137
19 0.0054925
20 0.0175618
39 0.0175807
41 0.00619474
42 0.36943
47 0.0215341
49 0.0635928
50 0.00488003
51 0.00999986
52 0.00572425
53 0.0893091
54 0.0049694
55 0.0155579
56 0.00582252
59 0.00920801
61 0.00302823
-1 -1
LEAF 704 9
65 classes
0 0.0148307
1 0.0486049
2 0.00494357
3 0.0215118
4 0.0321332
6 0.00476048
9 0.00540054
11 0.00603441
13 0.00612061
14 0.028669
17 0.0533533
19 0.0416301
20 0.0374368
22 0.124737
23 0.017688
28 0.00506035
35 0.00586908
42 0.0411776
44 0.00886433
47 0.0714071
49 0.166404
50 0.00462348
51 0.00315806
53 0.136994
54 0.00470816
55 0.064856
56 0.0275822
59 0.00872395
62 0.0027174
-1 -1
NODE 694 7
2dots_tau0
0 -1 -15 15 -15
695 696 
NODE 695 8
2dots_tau0
0 -13 2 -13 -6
699 700 
LEAF 699 9
65 classes
0 0.0193743
1 0.0740783
7 0.00853783
14 0.00936305
16 0.00957666
17 0.0475219
19 0.020394
27 0.0100345
28 0.019832
33 0.0469899
35 0.0172511
37 0.020394
40 0.118525
42 0.0172906
46 0.167911
47 0.00999469
48 0.0199104
49 0.174282
51 0.0185651
53 0.00789549
54 0.0830328
55 0.0115535
56 0.0432388
63 0.024453
-1 -1
LEAF 700 9
65 classes
1 0.0610081
6 0.0358517
10 0.0148466
15 0.0160264
17 0.109584
19 0.0195951
27 0.0192828
28 0.0381101
35 0.0110502
40 0.0949016
42 0.0775283
48 0.0191304
49 0.0216071
51 0.0118918
52 0.0408437
54 0.372306
56 0.0207724
63 0.0156634
-1 -1
NODE 696 8
2dots_tau0
0 -15 -4 -1 -9
697 698 
LEAF 697 9
65 classes
7 0.00961873
9 0.154991
14 0.0421937
15 0.0187916
17 0.0214153
19 0.137855
20 0.00918293
22 0.0119727
28 0.0111714
30 0.00641974
33 0.0105878
40 0.0111275
42 0.0649319
45 0.0472921
46 0.189168
49 0.025335
51 0.0278872
52 0.0119727
53 0.0533704
54 0.0207877
55 0.0325404
56 0.0365346
59 0.0385184
61 0.00633376
-1 -1
LEAF 698 9
65 classes
0 0.0501761
1 0.0219257
6 0.00966354
9 0.175405
16 0.00992074
19 0.116197
20 0.00844387
28 0.0205445
30 0.0118061
35 0.00595698
40 0.010232
42 0.155236
44 0.0239922
45 0.0652289
48 0.0206257
49 0.163072
50 0.00938545
54 0.028672
56 0.0111981
59 0.0236123
61 0.011648
62 0.0386133
63 0.00844387
-1 -1
NODE 678 6
2dots_tau0
0 7 -4 8 9
679 680 
NODE 679 7
2dots_tau0
0 -7 7 10 8
687 688 
NODE 687 8
2dots_tau0
0 -10 9 -1 4
691 692 
LEAF 691 9
65 classes
0 0.018325
7 0.113056
9 0.220208
10 0.014615
14 0.0708477
15 0.236648
19 0.0964475
28 0.0187579
45 0.119113
52 0.0201034
53 0.0298715
56 0.0204485
59 0.0215588
-1 -1
LEAF 692 9
65 classes
9 0.0392787
10 0.0286758
12 0.0424924
14 0.0695043
15 0.371457
19 0.15139
28 0.0368044
42 0.10696
45 0.0389514
54 0.034243
56 0.0802431
-1 -1
NODE 688 8
2dots_tau0
0 -4 11 -6 -4
689 690 
LEAF 689 9
65 classes
1 0.0174826
3 0.00435237
5 0.00422852
6 0.011558
7 0.13752
9 0.144232
14 0.0502707
15 0.00688885
16 0.00791039
17 0.0628055
19 0.00842281
22 0.0131673
28 0.0900975
30 0.0235343
33 0.00388141
44 0.0143478
45 0.0303397
46 0.208043
47 0.00412785
49 0.00696574
51 0.00255582
52 0.0043891
53 0.0130435
55 0.0310156
56 0.0848245
59 0.00470686
61 0.00928765
-1 -1
LEAF 690 9
65 classes
4 0.00984619
6 0.3355
7 0.113481
14 0.153732
15 0.00652065
17 0.178346
19 0.0318905
28 0.0542703
30 0.031187
32 0.00879124
42 0.00450626
48 0.0233506
49 0.00439562
51 0.00483842
52 0.00830902
55 0.022583
56 0.00845166
-1 -1
NODE 680 7
2dots_tau0
0 -12 -9 3 8
681 682 
NODE 681 8
2dots_tau0
0 -12 -6 -14 4
685 686 
LEAF 685 9
65 classes
1 0.0171556
7 0.193771
10 0.0125247
14 0.129018
17 0.238819
19 0.0495916
30 0.00461882
42 0.02803
44 0.0234657
47 0.00810127
48 0.032277
51 0.0351121
52 0.00861401
55 0.177931
56 0.00876189
59 0.0230941
61 0.00911393
-1 -1
LEAF 686 9
65 classes
1 0.0182313
5 0.00881921
7 0.360362
14 0.0161303
17 0.352036
19 0.0614845
42 0.00992917
44 0.0199497
48 0.0257256
55 0.0597117
56 0.00931127
59 0.0147253
61 0.0435842
-1 -1
NODE 682 8
2dots_tau0
0 -1 -4 11 5
683 684 
LEAF 683 9
65 classes
18 0.253169
19 0.279818
30 0.156369
59 0.156369
61 0.154275
-1 -1
LEAF 684 9
65 classes
1 0.0850642
3 0.0225889
6 0.089979
7 0.0045752
9 0.0793933
12 0.00613493
14 0.00501742
17 0.157888
18 0.0346073
19 0.0327859
20 0.00873583
23 0.00619122
27 0.0107545
30 0.0702325
33 0.00503614
40 0.0317573
42 0.00926557
44 0.0837736
45 0.0281184
47 0.00535589
51 0.0431103
52 0.0227795
53 0.00846198
54 0.0296634
55 0.015478
56 0.063719
59 0.0274823
61 0.0120508
-1 -1
NODE 646 5
2dots_tau0
0 -2 -1 3 12
647 648 
NODE 647 6
2dots_tau0
0 -8 -2 5 -1
663 664 
NODE 663 7
2dots_tau0
0 5 13 12 12
671 672 
NODE 671 8
2dots_tau0
0 -12 -1 -12 15
675 676 
LEAF 675 9
65 classes
5 0.161127
14 0.221026
23 0.0909112
24 0.141058
42 0.136055
45 0.0825776
52 0.167246
-1 -1
LEAF 676 9
65 classes
1 0.161344
5 0.312193
42 0.175743
51 0.188697
52 0.162024
-1 -1
NODE 672 8
2dots_tau0
0 -1 7 -1 -13
673 674 
LEAF 673 9
65 classes
5 0.2308
7 0.320773
15 0.125335
19 0.0766219
40 0.074218
42 0.086616
59 0.0856362
-1 -1
LEAF 674 9
65 classes
1 0.320196
7 0.0516656
10 0.0467526
14 0.0566593
39 0.0329187
42 0.139509
45 0.127011
52 0.128619
62 0.0966682
-1 -1
NODE 664 7
2dots_tau0
0 -10 -14 6 -11
665 666 
NODE 665 8
2dots_tau0
0 -13 3 -7 -7
669 670 
LEAF 669 9
65 classes
1 0.090951
6 0.0534477
17 0.0544562
22 0.0608898
28 0.397702
30 0.0163245
42 0.0165113
44 0.0165872
48 0.0570391
51 0.21274
63 0.023351
-1 -1
LEAF 670 9
65 classes
1 0.0956726
13 0.433716
14 0.0423236
15 0.0376988
42 0.260527
47 0.0451787
52 0.0480382
63 0.0368448
-1 -1
NODE 666 8
2dots_tau0
0 -4 5 4 10
667 668 
LEAF 667 9
65 classes
7 0.0145783
13 0.225269
19 0.0174113
20 0.0417532
23 0.0591823
28 0.0169314
42 0.462534
49 0.0863957
51 0.0105665
53 0.0269629
55 0.00986372
59 0.0194597
62 0.00909214
-1 -1
LEAF 668 9
65 classes
4 0.230339
7 0.026027
13 0.0731235
15 0.0254237
17 0.0289735
22 0.129586
24 0.0273237
28 0.120913
33 0.0286491
42 0.0175697
44 0.0176505
47 0.152341
49 0.0171383
55 0.05283
59 0.0521129
-1 -1
NODE 648 6
2dots_tau0
0 0 -12 -5 10
649 650 
NODE 649 7
2dots_tau0
0 -14 -12 -2 -13
657 658 
NODE 657 8
2dots_tau0
0 -1 1 -14 12
661 662 
LEAF 661 9
65 classes
16 0.0755942
17 0.0750237
22 0.0838873
23 0.0911986
28 0.0782728
42 0.0909899
47 0.236682
51 0.0976967
56 0.170655
-1 -1
LEAF 662 9
65 classes
4 0.101404
7 0.0687484
14 0.0753932
16 0.0385566
17 0.0382656
42 0.116023
51 0.0249149
52 0.513437
55 0.0232578
-1 -1
NODE 658 8
2dots_tau0
0 10 11 -14 12
659 660 
LEAF 659 9
65 classes
4 0.335188
6 0.0827624
39 0.0482632
42 0.153404
52 0.188573
56 0.19181
-1 -1
LEAF 660 9
65 classes
3 0.11877
5 0.11539
23 0.390634
42 0.0649566
55 0.130211
62 0.180038
-1 -1
NODE 650 7
2dots_tau0
0 3 1 8 -4
651 652 
NODE 651 8
2dots_tau0
0 2 -13 15 7
655 656 
LEAF 655 9
65 classes
2 0.494163
28 0.505837
-1 -1
LEAF 656 9
65 classes
2 0.132833
7 0.351219
15 0.114359
47 0.13705
53 0.108265
59 0.156274
-1 -1
NODE 652 8
2dots_tau0
0 7 -15 -1 -11
653 654 
LEAF 653 9
65 classes
1 0.157908
7 0.318491
14 0.069855
23 0.0861972
42 0.129
47 0.0745674
51 0.0461695
53 0.117812
-1 -1
LEAF 654 9
65 classes
2 0.264108
7 0.465546
28 0.270346
-1 -1
NODE 516 3
2dots_tau0
0 -13 8 2 4
517 518 
NODE 517 4
2dots_tau0
0 0 4 8 -1
581 582 
NODE 581 5
2dots_tau0
0 1 12 11 -14
613 614 
NODE 613 6
2dots_tau0
0 -9 9 -9 -9
629 630 
NODE 629 7
2dots_tau0
0 -12 1 10 -1
637 638 
NODE 637 8
2dots_tau0
0 -5 -5 3 -12
641 642 
LEAF 641 9
65 classes
1 0.214178
3 0.213281
19 0.412747
53 0.159794
-1 -1
LEAF 642 9
65 classes
0 0.122605
5 0.51833
7 0.108059
40 0.125009
48 0.125997
-1 -1
NODE 638 8
2dots_tau0
0 -11 -4 -3 10
639 640 
LEAF 639 9
65 classes
19 0.475584
61 0.524416
-1 -1
LEAF 640 9
65 classes
0 0.158442
5 0.167459
35 0.0940521
37 0.0833903
40 0.0807742
45 0.171645
48 0.244238
-1 -1
NODE 630 7
2dots_tau0
0 -6 -10 -13 -12
631 632 
NODE 631 8
2dots_tau0
0 -14 1 15 3
635 636 
LEAF 635 9
65 classes
-1 -1
LEAF 636 9
65 classes
35 1
-1 -1
NODE 632 8
2dots_tau0
0 -8 -2 -12 -6
633 634 
LEAF 633 9
65 classes
-1 -1
LEAF 634 9
65 classes
5 0.255298
48 0.744702
-1 -1
NODE 614 6
2dots_tau0
0 -12 13 -4 8
615 616 
NODE 615 7
2dots_tau0
0 4 12 3 13
623 624 
NODE 623 8
2dots_tau0
0 -10 -6 2 -5
627 628 
LEAF 627 9
65 classes
59 1
-1 -1
LEAF 628 9
65 classes
28 0.234124
35 0.135771
45 0.495563
59 0.134542
-1 -1
NODE 624 8
2dots_tau0
0 9 11 4 0
625 626 
LEAF 625 9
65 classes
45 0.648094
59 0.351906
-1 -1
LEAF 626 9
65 classes
14 0.45102
30 0.27449
59 0.27449
-1 -1
NODE 616 7
2dots_tau0
0 -15 7 -6 0
617 618 
NODE 617 8
2dots_tau0
0 1 -15 -5 -15
621 622 
LEAF 621 9
65 classes
30 0.142387
32 0.14048
35 0.574747
59 0.142387
-1 -1
LEAF 622 9
65 classes
35 0.503391
59 0.332557
61 0.164052
-1 -1
NODE 618 8
2dots_tau0
0 -11 -12 -4 -10
619 620 
LEAF 619 9
65 classes
10 0.166951
35 0.24852
48 0.215122
59 0.369407
-1 -1
LEAF 620 9
65 classes
-1 -1
NODE 582 5
2dots_tau0
0 -13 14 -8 10
583 584 
NODE 583 6
2dots_tau0
0 7 -3 -2 2
599 600 
NODE 599 7
2dots_tau0
0 -5 0 1 12
607 608 
NODE 607 8
2dots_tau0
0 -9 8 -13 -12
611 612 
LEAF 611 9
65 classes
11 0.167452
49 0.159229
51 0.350538
59 0.322781
-1 -1
LEAF 612 9
65 classes
4 0.196927
7 0.13351
40 0.154453
42 0.090127
45 0.328212
51 0.0967702
-1 -1
NODE 608 8
2dots_tau0
0 -5 6 -14 -6
609 610 
LEAF 609 9
65 classes
1 0.0262303
2 0.0120054
3 0.0391808
9 0.196727
20 0.0101016
30 0.007062
37 0.13901
40 0.0244816
44 0.150689
45 0.0520234
48 0.0246751
49 0.0209023
51 0.0153386
52 0.144875
53 0.0293549
56 0.0937761
61 0.00696742
62 0.00659917
-1 -1
LEAF 610 9
65 classes
1 0.0802992
5 0.116532
7 0.0215946
9 0.0401496
14 0.0355227
17 0.0120196
20 0.0103081
22 0.161276
28 0.175562
37 0.0257911
40 0.0499639
42 0.0583103
44 0.0659007
47 0.0126397
48 0.0251795
51 0.0156521
53 0.00998496
56 0.0546816
59 0.0144127
61 0.0142196
-1 -1
NODE 600 7
2dots_tau0
0 13 12 3 11
601 602 
NODE 601 8
2dots_tau0
0 -5 4 -13 14
605 606 
LEAF 605 9
65 classes
7 0.117655
23 0.159211
30 0.235575
51 0.341111
52 0.146448
-1 -1
LEAF 606 9
65 classes
59 1
-1 -1
NODE 602 8
2dots_tau0
0 2 3 2 -9
603 604 
LEAF 603 9
65 classes
1 0.508265
5 0.491736
-1 -1
LEAF 604 9
65 classes
1 0.127469
3 0.126936
18 0.111127
30 0.137274
44 0.0697417
48 0.359735
61 0.0677179
-1 -1
NODE 584 6
2dots_tau0
0 8 10 -5 -6
585 586 
NODE 585 7
2dots_tau0
0 3 12 -9 -5
593 594 
NODE 593 8
2dots_tau0
0 -2 -15 -13 -12
597 598 
LEAF 597 9
65 classes
1 0.0712235
4 0.00770508
5 0.00626429
9 0.246045
11 0.0144696
19 0.0249557
22 0.00650218
23 0.0141378
27 0.012279
30 0.0244052
32 0.00687954
35 0.0035183
37 0.0249557
40 0.0423024
42 0.0141054
44 0.0212554
45 0.205469
47 0.00611515
48 0.0121819
49 0.00343977
50 0.133037
52 0.0650218
56 0.0132276
59 0.00348646
61 0.0137591
62 0.00325796
-1 -1
LEAF 598 9
65 classes
1 0.117357
2 0.00826363
3 0.00898972
5 0.0174678
9 0.0902749
11 0.0100871
19 0.12178
22 0.00906558
23 0.0098557
27 0.00855993
30 0.00972191
32 0.0239793
37 0.0173971
40 0.126385
42 0.0393326
44 0.0740877
45 0.107427
47 0.0426298
48 0.110399
52 0.00906558
56 0.00922121
59 0.00972191
61 0.0143876
62 0.00454237
-1 -1
NODE 594 8
2dots_tau0
0 -13 -4 -1 4
595 596 
LEAF 595 9
65 classes
4 0.0321769
5 0.0261601
7 0.152704
14 0.0239234
19 0.208434
22 0.325842
28 0.101345
51 0.0316235
52 0.0543071
59 0.0291194
61 0.0143647
-1 -1
LEAF 596 9
65 classes
1 0.113676
13 0.128833
19 0.109534
23 0.372315
35 0.0617692
48 0.213873
-1 -1
NODE 586 7
2dots_tau0
0 7 8 -4 -9
587 588 
NODE 587 8
2dots_tau0
0 10 10 9 0
591 592 
LEAF 591 9
65 classes
30 1
-1 -1
LEAF 592 9
65 classes
5 0.0819402
9 0.0846945
19 0.244825
23 0.0924646
27 0.160616
33 0.0752138
35 0.0920424
39 0.0435363
48 0.0796731
61 0.0449939
-1 -1
NODE 588 8
2dots_tau0
0 -15 -4 4 8
589 590 
LEAF 589 9
65 classes
5 0.0429376
11 0.0495899
13 0.150895
14 0.0196332
20 0.10255
23 0.38762
42 0.181281
47 0.0419153
49 0.0235774
-1 -1
LEAF 590 9
65 classes
0 0.0876603
11 0.107003
23 0.522745
28 0.179462
59 0.10313
-1 -1
NODE 518 4
2dots_tau0
0 0 0 12 6
519 520 
NODE 519 5
2dots_tau0
0 1 -13 0 -13
551 552 
NODE 551 6
2dots_tau0
0 -15 -7 14 13
567 568 
NODE 567 7
2dots_tau0
0 13 -2 -1 4
575 576 
NODE 575 8
2dots_tau0
0 -1 -14 13 2
579 580 
LEAF 579 9
65 classes
0 0.103744
1 0.0125927
5 0.0243663
6 0.0333006
18 0.0329346
21 0.163952
24 0.0746596
27 0.0238809
30 0.0339033
33 0.0894642
35 0.0342129
37 0.25481
39 0.0129462
45 0.0124877
47 0.0118931
48 0.0118461
51 0.00736376
52 0.0126458
54 0.0109782
62 0.0380176
-1 -1
LEAF 580 9
65 classes
1 0.0387774
3 0.0257434
5 0.0125054
16 0.105274
17 0.0232176
18 0.0112686
21 0.00673159
24 0.0328435
27 0.0612816
28 0.0484463
33 0.0573944
35 0.0842832
37 0.31137
40 0.0361922
42 0.00703967
45 0.0128181
48 0.0243189
49 0.00686683
54 0.0676118
62 0.0260155
-1 -1
NODE 576 8
2dots_tau0
0 -14 11 -8 9
577 578 
LEAF 577 9
65 classes
0 0.0342351
6 0.0082418
11 0.0104473
15 0.140001
16 0.0253835
18 0.00815123
20 0.0648141
24 0.356362
27 0.0620597
28 0.00876096
33 0.107943
35 0.0152417
37 0.0180185
40 0.0261798
41 0.0304834
54 0.0407561
62 0.0141139
63 0.0288063
-1 -1
LEAF 578 9
65 classes
0 0.0863593
2 0.012337
6 0.0118801
12 0.0291603
15 0.0637278
19 0.0129864
20 0.031142
21 0.00701888
27 0.115015
32 0.0143198
33 0.179532
35 0.0366168
37 0.0259727
40 0.0377368
41 0.0146467
42 0.00734011
47 0.0254574
49 0.00715989
54 0.152744
62 0.128848
-1 -1
NODE 568 7
2dots_tau0
0 -5 3 2 -7
569 570 
NODE 569 8
2dots_tau0
0 14 -9 -11 -9
573 574 
LEAF 573 9
65 classes
1 0.0112644
2 0.072179
6 0.00992939
9 0.0225289
19 0.010854
21 0.00586638
27 0.032043
30 0.0181964
32 0.556533
35 0.0612086
39 0.0173711
41 0.0122417
45 0.0558528
48 0.0105966
49 0.0299211
53 0.0504251
61 0.00598423
62 0.0170038
-1 -1
LEAF 574 9
65 classes
7 0.0995063
15 0.0485999
16 0.0558068
18 0.107525
20 0.047499
22 0.061929
24 0.26116
35 0.0335095
49 0.0982847
62 0.18618
-1 -1
NODE 570 8
2dots_tau0
0 13 10 1 -12
571 572 
LEAF 571 9
65 classes
2 0.0219326
11 0.0160633
16 0.134431
18 0.00835527
19 0.00461739
20 0.0406001
21 0.00249561
22 0.00481221
24 0.0649392
27 0.0181752
30 0.00774091
32 0.356404
37 0.115435
39 0.00492654
45 0.00950412
49 0.0127287
50 0.00820499
53 0.0143009
54 0.0250658
58 0.126722
61 0.00254575
-1 -1
LEAF 572 9
65 classes
1 0.00623093
2 0.0399259
9 0.00623093
11 0.00696226
12 0.0876295
13 0.0141234
16 0.191714
18 0.00543209
20 0.00959845
21 0.0681448
22 0.00625722
27 0.112256
28 0.00583843
30 0.00335512
32 0.145648
33 0.00553344
37 0.0780506
39 0.00320294
40 0.0116311
41 0.00677151
42 0.0033935
45 0.018537
48 0.00586151
49 0.0628934
53 0.0139463
54 0.0380246
62 0.0188113
63 0.0239961
-1 -1
NODE 552 6
2dots_tau0
0 0 13 -10 -14
553 554 
NODE 553 7
2dots_tau0
0 -8 9 -12 -10
561 562 
NODE 561 8
2dots_tau0
0 3 12 12 6
565 566 
LEAF 565 9
65 classes
0 0.21413
5 0.00580297
12 0.10382
16 0.130269
19 0.011559
27 0.0568738
28 0.0112404
30 0.00968913
32 0.0955936
33 0.138492
35 0.0228144
37 0.0866922
41 0.00651841
42 0.00326666
45 0.0356883
49 0.0382375
59 0.00322971
61 0.00637291
62 0.0150902
63 0.00461984
-1 -1
LEAF 566 9
65 classes
9 0.0223856
12 0.242172
16 0.0810308
21 0.0116582
27 0.0424524
30 0.0241076
32 0.380555
35 0.0243277
37 0.0647098
49 0.0118924
54 0.058547
59 0.0361614
-1 -1
NODE 562 8
2dots_tau0
0 3 5 -3 7
563 564 
LEAF 563 9
65 classes
1 0.0232091
6 0.0613752
12 0.12554
15 0.0182906
16 0.136519
17 0.0208444
18 0.0505839
20 0.00893813
21 0.012087
24 0.0982876
27 0.0110035
28 0.0326207
37 0.100635
39 0.00596519
40 0.0216618
47 0.0219197
48 0.0327496
49 0.160288
54 0.0101168
61 0.0123298
62 0.0350345
-1 -1
LEAF 564 9
65 classes
0 0.0403012
15 0.242875
16 0.159366
18 0.0383821
24 0.0372894
27 0.0417463
35 0.0478462
42 0.0479557
48 0.0414163
49 0.280669
62 0.0221529
-1 -1
NODE 554 7
2dots_tau0
0 0 -13 11 -14
555 556 
NODE 555 8
2dots_tau0
0 6 -2 15 11
559 560 
LEAF 559 9
65 classes
0 0.39745
12 0.0782856
17 0.0649918
33 0.0642643
35 0.0393215
37 0.139456
47 0.0683445
62 0.0364119
63 0.111475
-1 -1
LEAF 560 9
65 classes
5 0.42307
15 0.34462
49 0.232311
-1 -1
NODE 556 8
2dots_tau0
0 -8 14 -1 -1
557 558 
LEAF 557 9
65 classes
40 0.34653
52 0.186424
62 0.467046
-1 -1
LEAF 558 9
65 classes
5 0.044021
17 0.0408648
19 0.0438428
21 0.284355
24 0.038538
28 0.085269
30 0.0245004
32 0.0241723
35 0.0741724
39 0.0935565
42 0.0247807
45 0.0451215
49 0.0241723
52 0.0456927
59 0.0490008
62 0.0228946
63 0.0350459
-1 -1
NODE 520 5
2dots_tau0
0 5 -10 -1 -5
521 522 
NODE 521 6
2dots_tau0
0 4 0 -9 -6
537 538 
NODE 537 7
2dots_tau0
0 -13 -10 0 -10
545 546 
NODE 545 8
2dots_tau0
0 7 4 6 -1
549 550 
LEAF 549 9
65 classes
1 0.00716146
4 0.374974
9 0.0214844
11 0.0880221
13 0.0405816
20 0.0330957
24 0.0181967
30 0.0308494
35 0.00389139
37 0.00690052
40 0.0668403
41 0.0155656
44 0.0626916
45 0.0213054
47 0.0270544
52 0.0863002
54 0.0249733
55 0.00390924
56 0.0292606
59 0.00771234
61 0.00760905
62 0.0216207
-1 -1
LEAF 550 9
65 classes
1 0.0120795
4 0.0718733
5 0.0116867
6 0.0106479
11 0.080984
20 0.0465199
23 0.0131878
35 0.0131275
37 0.0349182
40 0.0789197
41 0.223168
42 0.00657879
48 0.0113634
49 0.00641726
50 0.0103415
52 0.0606526
53 0.189259
56 0.0740326
61 0.0320863
62 0.0121562
-1 -1
NODE 546 8
2dots_tau0
0 14 -4 -6 14
547 548 
LEAF 547 9
65 classes
0 0.00115887
3 0.00504279
4 0.0286241
6 0.0401742
9 0.0126599
11 0.1358
12 0.0780658
13 0.083218
18 0.00441475
21 0.0382402
23 0.0359356
27 0.0168059
30 0.0449915
33 0.048344
35 0.0337078
37 0.0329363
39 0.0279831
40 0.0189055
44 0.00554127
45 0.0251089
48 0.00119093
50 0.146318
52 0.0546674
54 0.0209701
56 0.0284495
59 0.00136338
62 0.0261175
-1 -1
LEAF 548 9
65 classes
0 0.0407112
4 0.0378032
6 0.00560048
9 0.0317674
11 0.0922896
12 0.0756065
13 0.00720062
23 0.00693637
27 0.0421709
30 0.0136844
33 0.0733496
35 0.0414282
37 0.00612198
39 0.00326594
40 0.0415094
45 0.0693059
48 0.0179304
50 0.250208
52 0.0574226
53 0.0142207
54 0.00553894
56 0.00648983
62 0.0447565
63 0.0146809
-1 -1
NODE 538 7
2dots_tau0
0 -13 12 7 -10
539 540 
NODE 539 8
2dots_tau0
0 -15 11 -13 4
543 544 
LEAF 543 9
65 classes
33 0.169272
35 0.517865
44 0.312862
-1 -1
LEAF 544 9
65 classes
7 0.59589
44 0.40411
-1 -1
NODE 540 8
2dots_tau0
0 0 0 -15 -2
541 542 
LEAF 541 9
65 classes
1 0.0248975
13 0.0141086
21 0.0777979
23 0.0135908
30 0.0737349
33 0.25427
35 0.135288
39 0.00639914
40 0.0232377
41 0.0270576
44 0.0681104
45 0.135795
51 0.00727962
56 0.0127159
59 0.00670318
62 0.119013
-1 -1
LEAF 542 9
65 classes
1 0.161925
3 0.0230353
4 0.0275272
6 0.0203905
7 0.0559875
9 0.0231321
19 0.0445785
23 0.0757629
30 0.0124557
33 0.0616281
40 0.0863598
45 0.0229393
52 0.301986
59 0.0124557
62 0.0698364
-1 -1
NODE 522 6
2dots_tau0
0 0 3 6 7
523 524 
NODE 523 7
2dots_tau0
0 -13 -9 -11 -7
531 532 
NODE 531 8
2dots_tau0
0 -15 6 14 7
535 536 
LEAF 535 9
65 classes
0 0.121897
6 0.352148
33 0.236517
35 0.289437
-1 -1
LEAF 536 9
65 classes
6 0.0487048
7 0.0222886
13 0.0313102
20 0.0212788
21 0.0287752
28 0.0258864
30 0.0446277
35 0.270211
42 0.0150461
44 0.196498
45 0.0273964
49 0.13209
50 0.0709548
59 0.0297518
62 0.0139009
63 0.0212788
-1 -1
NODE 532 8
2dots_tau0
0 -6 1 14 -1
533 534 
LEAF 533 9
65 classes
0 0.159294
6 0.153394
33 0.309078
35 0.378233
-1 -1
LEAF 534 9
65 classes
21 0.0268509
35 0.0840468
39 0.0265029
40 0.0481209
44 0.451341
48 0.0485013
49 0.0547805
50 0.176559
55 0.0281441
59 0.0277621
61 0.0273903
-1 -1
NODE 524 7
2dots_tau0
0 -6 -4 -12 -5
525 526 
NODE 525 8
2dots_tau0
0 5 -7 -4 -5
529 530 
LEAF 529 9
65 classes
0 0.0183792
4 0.0477858
6 0.141588
9 0.010039
11 0.0785213
12 0.0760229
13 0.0682655
18 0.0262559
21 0.0209128
30 0.0108113
33 0.187221
35 0.01091
37 0.154772
39 0.0154814
40 0.00936977
44 0.0274631
45 0.00995538
48 0.00944384
50 0.0515674
52 0.0100814
62 0.0151541
-1 -1
LEAF 530 9
65 classes
0 0.0468656
3 0.101967
6 0.248214
9 0.0127994
18 0.0334754
21 0.0133316
23 0.041921
30 0.020676
32 0.0135994
33 0.1023
35 0.0278198
40 0.0358384
41 0.139099
44 0.0350145
48 0.0120406
50 0.0657467
63 0.0492923
-1 -1
NODE 526 8
2dots_tau0
0 5 4 -7 0
527 528 
LEAF 527 9
65 classes
1 0.0724052
3 0.0180255
4 0.0430811
6 0.111692
7 0.0146038
9 0.0181013
11 0.0404517
13 0.0410296
15 0.0142653
18 0.0157806
19 0.0174417
30 0.0194937
33 0.0803751
35 0.0295076
39 0.00930477
40 0.168945
45 0.0179504
47 0.0341913
48 0.0851405
49 0.0384652
50 0.0154968
54 0.0157806
55 0.00988098
62 0.0546483
63 0.0139421
-1 -1
LEAF 528 9
65 classes
1 0.150819
3 0.300375
37 0.0726616
40 0.211146
44 0.0825168
48 0.141877
59 0.040605
-1 -1
NODE 2 1
2dots_tau0
0 11 13 14 0
3 4 
NODE 3 2
2dots_tau0
0 -10 9 -2 -10
259 260 
NODE 259 3
2dots_tau0
0 -8 7 -6 -7
387 388 
NODE 387 4
2dots_tau0
0 -15 10 -14 -12
451 452 
NODE 451 5
2dots_tau0
0 -15 6 -10 -2
483 484 
NODE 483 6
2dots_tau0
0 12 5 -11 6
499 500 
NODE 499 7
2dots_tau0
0 8 -1 15 -7
507 508 
NODE 507 8
2dots_tau0
0 0 -13 6 12
511 512 
LEAF 511 9
65 classes
7 0.332722
41 0.448187
49 0.219091
-1 -1
LEAF 512 9
65 classes
5 0.0427165
7 0.106864
17 0.158615
27 0.0418655
40 0.0824176
47 0.125098
48 0.0415346
50 0.0377995
52 0.133016
53 0.0658824
61 0.164191
-1 -1
NODE 508 8
2dots_tau0
0 -2 -15 5 -13
509 510 
LEAF 509 9
65 classes
3 0.211993
23 0.464828
40 0.198691
51 0.124487
-1 -1
LEAF 510 9
65 classes
7 0.0905212
22 0.112674
24 0.0950312
47 0.105967
51 0.131222
52 0.225348
59 0.0604158
61 0.17882
-1 -1
NODE 500 7
2dots_tau0
0 0 4 5 -14
501 502 
NODE 501 8
2dots_tau0
0 15 3 1 1
505 506 
LEAF 505 9
65 classes
0 0.404206
40 0.137377
48 0.138463
51 0.172143
52 0.147811
-1 -1
LEAF 506 9
65 classes
1 0.0544547
10 0.0340759
15 0.00613066
21 0.00405133
24 0.0658882
27 0.0516343
30 0.0209441
39 0.0279918
40 0.0217819
41 0.0338166
48 0.00731802
49 0.00413272
51 0.0227452
58 0.617153
62 0.00391429
63 0.0239671
-1 -1
NODE 502 8
2dots_tau0
0 -15 2 2 11
503 504 
LEAF 503 9
65 classes
0 0.101463
1 0.0554211
7 0.0298084
10 0.0269739
14 0.0163448
19 0.0534017
24 0.0782339
30 0.0895265
40 0.0689685
47 0.296606
51 0.129634
53 0.0275658
54 0.0161053
59 0.00994738
-1 -1
LEAF 504 9
65 classes
0 0.0884931
1 0.0193346
5 0.0187059
23 0.0211084
24 0.0655038
27 0.164999
33 0.0171703
40 0.144365
41 0.0420241
47 0.146084
48 0.0363766
53 0.216378
62 0.0194573
-1 -1
NODE 484 6
2dots_tau0
0 -10 -2 -5 6
485 486 
NODE 485 7
2dots_tau0
0 -8 10 15 -5
493 494 
NODE 493 8
2dots_tau0
0 12 11 -15 0
497 498 
LEAF 497 9
65 classes
0 0.0178311
1 0.0389587
3 0.0193978
5 0.207305
19 0.0375392
22 0.215177
28 0.0912615
35 0.0423387
40 0.0181807
48 0.201569
52 0.0586846
59 0.0419555
62 0.00980145
-1 -1
LEAF 498 9
65 classes
0 0.0732603
4 0.0238096
5 0.0580722
7 0.0161421
10 0.0146071
28 0.149982
35 0.010872
47 0.113379
58 0.529102
59 0.0107736
-1 -1
NODE 494 8
2dots_tau0
0 -7 13 -9 -5
495 496 
LEAF 495 9
65 classes
54 0.445674
55 0.279057
59 0.275269
-1 -1
LEAF 496 9
65 classes
0 0.170645
19 0.179626
28 0.174676
51 0.109012
54 0.162519
55 0.203522
-1 -1
NODE 486 7
2dots_tau0
0 11 3 -4 -4
487 488 
NODE 487 8
2dots_tau0
0 3 -10 -7 6
491 492 
LEAF 491 9
65 classes
27 0.319307
30 0.181326
47 0.31804
59 0.181326
-1 -1
LEAF 492 9
65 classes
11 0.090369
12 0.0583291
19 0.0259765
23 0.0588642
28 0.0505213
35 0.0439466
39 0.0138579
40 0.150969
48 0.0253605
50 0.0692396
52 0.0270726
55 0.0147161
58 0.356455
61 0.0143219
-1 -1
NODE 488 8
2dots_tau0
0 2 -6 -4 -1
489 490 
LEAF 489 9
65 classes
0 0.170745
12 0.201789
19 0.179731
20 0.143669
35 0.101355
41 0.202711
-1 -1
LEAF 490 9
65 classes
3 0.24721
19 0.239203
32 0.263764
62 0.249823
-1 -1
NODE 452 5
2dots_tau0
0 -1 14 -10 8
453 454 
NODE 453 6
2dots_tau0
0 0 9 9 4
469 470 
NODE 469 7
2dots_tau0
0 -14 14 8 -7
477 478 
NODE 477 8
2dots_tau0
0 -13 -6 0 -9
481 482 
LEAF 481 9
65 classes
3 0.0955803
10 0.0700727
12 0.103835
20 0.0739278
28 0.0899358
49 0.203962
53 0.214831
63 0.147856
-1 -1
LEAF 482 9
65 classes
3 0.280265
19 0.271187
49 0.448548
-1 -1
NODE 478 8
2dots_tau0
0 10 -8 10 -15
479 480 
LEAF 479 9
65 classes
1 0.0786453
20 0.0605747
27 0.37286
33 0.0698417
35 0.0427342
41 0.0854684
47 0.0742761
53 0.176027
62 0.039572
-1 -1
LEAF 480 9
65 classes
3 0.231742
27 0.0735542
41 0.168604
53 0.057875
54 0.135254
62 0.273224
63 0.0597479
-1 -1
NODE 470 7
2dots_tau0
0 -8 0 7 4
471 472 
NODE 471 8
2dots_tau0
0 -15 4 0 0
475 476 
LEAF 475 9
65 classes
45 1
-1 -1
LEAF 476 9
65 classes
1 0.118442
5 0.114591
7 0.191114
22 0.118942
35 0.0643591
40 0.221093
47 0.111862
62 0.0595968
-1 -1
NODE 472 8
2dots_tau0
0 2 -9 9 5
473 474 
LEAF 473 9
65 classes
35 0.4214
53 0.5786
-1 -1
LEAF 474 9
65 classes
1 0.222094
9 0.148063
11 0.0827204
18 0.0645401
19 0.0713338
28 0.0693679
40 0.0690959
41 0.0804541
49 0.0786583
52 0.0743437
61 0.0393291
-1 -1
NODE 454 6
2dots_tau0
0 -15 13 -3 -3
455 456 
NODE 455 7
2dots_tau0
0 -10 8 2 -12
463 464 
NODE 463 8
2dots_tau0
0 11 -12 -8 10
467 468 
LEAF 467 9
65 classes
5 0.280743
19 0.139803
20 0.335256
28 0.13595
53 0.108249
-1 -1
LEAF 468 9
65 classes
5 0.164027
15 0.100209
20 0.0652923
21 0.0220737
22 0.042564
28 0.238291
47 0.160122
49 0.0450342
51 0.0991417
53 0.0632455
-1 -1
NODE 464 8
2dots_tau0
0 -13 -8 -5 -5
465 466 
LEAF 465 9
65 classes
5 0.320525
17 0.0425062
22 0.0950561
24 0.0400859
47 0.089398
53 0.0353108
54 0.0412606
55 0.335858
-1 -1
LEAF 466 9
65 classes
-1 -1
NODE 456 7
2dots_tau0
0 4 -9 10 12
457 458 
NODE 457 8
2dots_tau0
0 -6 14 8 7
461 462 
LEAF 461 9
65 classes
0 0.350805
27 0.545075
41 0.10412
-1 -1
LEAF 462 9
65 classes
0 0.693463
22 0.0691601
40 0.128556
59 0.0741672
62 0.0346532
-1 -1
NODE 458 8
2dots_tau0
0 -10 -7 13 10
459 460 
LEAF 459 9
65 classes
0 0.0637906
1 0.0696872
4 0.0829278
5 0.067421
19 0.268592
22 0.0699813
27 0.0660779
28 0.130595
35 0.0757332
62 0.105194
-1 -1
LEAF 460 9
65 classes
0 0.0526128
1 0.172428
3 0.0572356
15 0.0452957
19 0.0553818
20 0.0885393
22 0.173156
28 0.0538556
40 0.0536444
44 0.0314467
53 0.0428819
62 0.173522
-1 -1
NODE 388 4
2dots_tau0
0 -12 -10 2 8
389 390 
NODE 389 5
2dots_tau0
0 6 -13 -3 8
421 422 
NODE 421 6
2dots_tau0
0 6 9 0 -6
437 438 
NODE 437 7
2dots_tau0
0 -5 0 10 2
445 446 
NODE 445 8
2dots_tau0
0 -12 -12 -8 5
449 450 
LEAF 449 9
65 classes
-1 -1
LEAF 450 9
65 classes
-1 -1
NODE 446 8
2dots_tau0
0 0 15 -4 1
447 448 
LEAF 447 9
65 classes
1 0.284441
5 0.137595
15 0.112081
22 0.142821
48 0.133788
51 0.0831658
53 0.106108
-1 -1
LEAF 448 9
65 classes
20 0.434066
22 0.565934
-1 -1
NODE 438 7
2dots_tau0
0 0 2 10 5
439 440 
NODE 439 8
2dots_tau0
0 12 0 14 -11
443 444 
LEAF 443 9
65 classes
20 0.568436
51 0.431564
-1 -1
LEAF 444 9
65 classes
42 0.135921
51 0.729696
59 0.134383
-1 -1
NODE 440 8
2dots_tau0
0 10 -11 -13 -6
441 442 
LEAF 441 9
65 classes
-1 -1
LEAF 442 9
65 classes
5 0.388662
28 0.376421
51 0.234916
-1 -1
NODE 422 6
2dots_tau0
0 -14 -3 -5 2
423 424 
NODE 423 7
2dots_tau0
0 13 6 0 -13
431 432 
NODE 431 8
2dots_tau0
0 -2 7 11 0
435 436 
LEAF 435 9
65 classes
22 0.218624
28 0.203992
39 0.223818
44 0.119113
59 0.234452
-1 -1
LEAF 436 9
65 classes
7 0.599729
59 0.400271
-1 -1
NODE 432 8
2dots_tau0
0 -4 -2 14 9
433 434 
LEAF 433 9
65 classes
21 1
-1 -1
LEAF 434 9
65 classes
-1 -1
NODE 424 7
2dots_tau0
0 6 12 8 6
425 426 
NODE 425 8
2dots_tau0
0 0 -6 5 6
429 430 
LEAF 429 9
65 classes
39 0.175701
44 0.561032
63 0.263267
-1 -1
LEAF 430 9
65 classes
28 1
-1 -1
NODE 426 8
2dots_tau0
0 1 1 0 -7
427 428 
LEAF 427 9
65 classes
63 1
-1 -1
LEAF 428 9
65 classes
5 1
-1 -1
NODE 390 5
2dots_tau0
0 11 12 8 -13
391 392 
NODE 391 6
2dots_tau0
0 -4 0 14 -11
407 408 
NODE 407 7
2dots_tau0
0 7 0 13 -4
415 416 
NODE 415 8
2dots_tau0
0 9 15 -6 -6
419 420 
LEAF 419 9
65 classes
1 0.0364073
4 0.0433247
5 0.0352233
15 0.114767
17 0.0653958
18 0.190438
20 0.252377
24 0.0308361
28 0.0341139
35 0.019783
49 0.0580241
51 0.0212898
59 0.0980197
-1 -1
LEAF 420 9
65 classes
0 0.0312234
12 0.0369004
15 0.0806433
18 0.0297366
20 0.0788165
35 0.0185345
39 0.0526011
41 0.148276
58 0.451005
59 0.0551002
62 0.017163
-1 -1
NODE 416 8
2dots_tau0
0 7 7 -6 13
417 418 
LEAF 417 9
65 classes
18 0.530928
20 0.469072
-1 -1
LEAF 418 9
65 classes
3 0.351823
15 0.278429
35 0.191976
62 0.177771
-1 -1
NODE 408 7
2dots_tau0
0 7 -6 -11 14
409 410 
NODE 409 8
2dots_tau0
0 -5 -5 -9 9
413 414 
LEAF 413 9
65 classes
20 0.914735
59 0.0852649
-1 -1
LEAF 414 9
65 classes
20 0.683468
24 0.0939465
28 0.103933
59 0.0597262
61 0.0589263
-1 -1
NODE 410 8
2dots_tau0
0 -13 -1 -8 -5
411 412 
LEAF 411 9
65 classes
24 0.887194
30 0.112806
-1 -1
LEAF 412 9
65 classes
15 0.13348
20 0.717509
23 0.0462282
47 0.0799821
59 0.0228003
-1 -1
NODE 392 6
2dots_tau0
0 -12 15 -4 -15
393 394 
NODE 393 7
2dots_tau0
0 15 -3 8 3
401 402 
NODE 401 8
2dots_tau0
0 1 5 -6 3
405 406 
LEAF 405 9
65 classes
24 1
-1 -1
LEAF 406 9
65 classes
23 0.684515
62 0.315485
-1 -1
NODE 402 8
2dots_tau0
0 12 1 2 7
403 404 
LEAF 403 9
65 classes
49 1
-1 -1
LEAF 404 9
65 classes
17 0.0724263
18 0.0703039
20 0.0621132
24 0.204907
27 0.152932
41 0.350556
42 0.0439198
49 0.0428414
-1 -1
NODE 394 7
2dots_tau0
0 -4 -7 -3 -4
395 396 
NODE 395 8
2dots_tau0
0 15 11 8 10
399 400 
LEAF 399 9
65 classes
19 0.261805
35 0.147639
41 0.590556
-1 -1
LEAF 400 9
65 classes
0 0.059045
5 0.0624052
18 0.0562333
20 0.0993637
24 0.0546324
28 0.0604397
35 0.0350495
41 0.490693
62 0.032456
63 0.0496818
-1 -1
NODE 396 8
2dots_tau0
0 -14 8 3 9
397 398 
LEAF 397 9
65 classes
0 1
-1 -1
LEAF 398 9
65 classes
3 0.326911
19 0.316323
41 0.356766
-1 -1
NODE 260 3
2dots_tau0
0 1 3 14 6
261 262 
NODE 261 4
2dots_tau0
0 -2 14 12 11
325 326 
NODE 325 5
2dots_tau0
0 5 -13 -6 -10
357 358 
NODE 357 6
2dots_tau0
0 9 14 7 -8
373 374 
NODE 373 7
2dots_tau0
0 3 3 14 -1
381 382 
NODE 381 8
2dots_tau0
0 -9 2 -15 -11
385 386 
LEAF 385 9
65 classes
0 0.253086
3 0.0550647
7 0.0446117
27 0.157296
33 0.0491062
35 0.0901401
41 0.120187
47 0.104448
62 0.0834701
63 0.0425905
-1 -1
LEAF 386 9
65 classes
3 0.0466694
6 0.041311
15 0.0923342
18 0.143
19 0.0451578
24 0.297704
27 0.0444382
33 0.0208097
41 0.0254657
45 0.0232375
49 0.0124486
62 0.153279
63 0.0541455
-1 -1
NODE 382 8
2dots_tau0
0 12 0 0 -11
383 384 
LEAF 383 9
65 classes
35 0.366136
48 0.633864
-1 -1
LEAF 384 9
65 classes
47 0.550802
63 0.449198
-1 -1
NODE 374 7
2dots_tau0
0 9 -10 -5 7
375 376 
NODE 375 8
2dots_tau0
0 6 -5 10 8
379 380 
LEAF 379 9
65 classes
0 0.0433599
1 0.011842
3 0.0353773
6 0.0104385
12 0.0128109
19 0.022821
20 0.0364841
27 0.0449147
33 0.0946476
35 0.0128694
40 0.0110525
41 0.21878
42 0.0386965
48 0.0222798
53 0.0088351
62 0.256218
63 0.118573
-1 -1
LEAF 380 9
65 classes
27 0.191081
33 0.477227
35 0.0730005
63 0.258691
-1 -1
NODE 376 8
2dots_tau0
0 13 10 7 -12
377 378 
LEAF 377 9
65 classes
27 0.790309
62 0.209691
-1 -1
LEAF 378 9
65 classes
0 0.0835607
18 0.0265272
19 0.0586391
20 0.0234367
27 0.230818
35 0.165341
37 0.0293195
41 0.0661363
62 0.199038
63 0.117183
-1 -1
NODE 358 6
2dots_tau0
0 -4 15 -9 -8
359 360 
NODE 359 7
2dots_tau0
0 -13 15 -8 -13
367 368 
NODE 367 8
2dots_tau0
0 0 -11 1 9
371 372 
LEAF 371 9
65 classes
0 0.109808
18 0.0522894
19 0.173381
27 0.170617
30 0.0322964
35 0.130365
41 0.0651826
51 0.0350737
63 0.230987
-1 -1
LEAF 372 9
65 classes
18 0.11848
27 0.386593
28 0.127342
41 0.295387
49 0.0721985
-1 -1
NODE 368 8
2dots_tau0
0 -9 5 14 7
369 370 
LEAF 369 9
65 classes
0 0.17921
3 0.0974783
19 0.0943211
27 0.167072
35 0.0638283
40 0.0182724
41 0.0425522
42 0.0106624
48 0.0184169
51 0.0114483
62 0.236421
63 0.0603167
-1 -1
LEAF 370 9
65 classes
19 0.126533
28 0.123046
35 0.0713555
41 0.142711
49 0.0697628
62 0.264302
63 0.202289
-1 -1
NODE 360 7
2dots_tau0
0 -9 -13 0 -9
361 362 
NODE 361 8
2dots_tau0
0 -5 4 -8 -6
365 366 
LEAF 365 9
65 classes
19 0.300128
35 0.16925
40 0.290713
63 0.239908
-1 -1
LEAF 366 9
65 classes
0 0.143848
3 0.0782439
20 0.0605187
22 0.157808
35 0.298863
41 0.0853894
42 0.0427924
48 0.0739142
53 0.0586216
-1 -1
NODE 362 8
2dots_tau0
0 7 -2 15 -1
363 364 
LEAF 363 9
65 classes
0 0.103349
3 0.0374768
12 0.12214
19 0.0362629
27 0.178425
28 0.0352636
35 0.102248
41 0.204496
48 0.0354029
63 0.144934
-1 -1
LEAF 364 9
65 classes
18 0.314876
19 0.348021
40 0.337103
-1 -1
NODE 326 5
2dots_tau0
0 3 14 8 12
327 328 
NODE 327 6
2dots_tau0
0 9 2 0 14
343 344 
NODE 343 7
2dots_tau0
0 13 3 -2 14
351 352 
NODE 351 8
2dots_tau0
0 -14 12 5 -12
355 356 
LEAF 355 9
65 classes
6 0.0673604
15 0.0602229
18 0.266481
24 0.194171
27 0.0724594
28 0.0716036
41 0.0830471
47 0.0721719
48 0.0718866
49 0.0405967
-1 -1
LEAF 356 9
65 classes
0 0.027031
6 0.10412
18 0.0514877
22 0.0296543
24 0.0500218
35 0.0160458
41 0.641833
45 0.0292836
48 0.0277789
63 0.0227446
-1 -1
NODE 352 8
2dots_tau0
0 -6 -15 -4 11
353 354 
LEAF 353 9
65 classes
11 0.192501
35 0.28084
40 0.160795
42 0.187655
49 0.0915237
62 0.0866863
-1 -1
LEAF 354 9
65 classes
35 1
-1 -1
NODE 344 7
2dots_tau0
0 -2 -3 15 4
345 346 
NODE 345 8
2dots_tau0
0 3 -10 -11 -11
349 350 
LEAF 349 9
65 classes
6 0.0228883
7 0.0209486
15 0.0204631
18 0.135821
20 0.0199995
24 0.0219923
28 0.0243301
33 0.0230591
35 0.0282185
41 0.536151
42 0.0565661
51 0.0303678
62 0.0391956
63 0.0199995
-1 -1
LEAF 350 9
65 classes
18 0.0770857
20 0.0681048
28 0.0828519
42 0.096313
48 0.166359
49 0.187896
51 0.0517061
62 0.133474
63 0.13621
-1 -1
NODE 346 8
2dots_tau0
0 -3 -3 10 13
347 348 
LEAF 347 9
65 classes
18 1
-1 -1
LEAF 348 9
65 classes
6 0.0864349
24 0.913565
-1 -1
NODE 328 6
2dots_tau0
0 -10 13 13 11
329 330 
NODE 329 7
2dots_tau0
0 7 6 14 -4
337 338 
NODE 337 8
2dots_tau0
0 15 4 0 -10
341 342 
LEAF 341 9
65 classes
41 0.365217
47 0.634783
-1 -1
LEAF 342 9
65 classes
3 0.0216963
19 0.0209936
24 0.129174
27 0.0619772
28 0.0204151
35 0.0473555
41 0.591944
49 0.0115746
62 0.0109628
63 0.0839066
-1 -1
NODE 338 8
2dots_tau0
0 -5 14 -13 -13
339 340 
LEAF 339 9
65 classes
-1 -1
LEAF 340 9
65 classes
-1 -1
NODE 330 7
2dots_tau0
0 -9 0 13 11
331 332 
NODE 331 8
2dots_tau0
0 5 7 15 13
335 336 
LEAF 335 9
65 classes
0 0.0539174
27 0.0558507
35 0.128023
39 0.0302776
40 0.0549746
41 0.576104
50 0.100853
-1 -1
LEAF 336 9
65 classes
0 0.225676
19 0.237553
35 0.133963
42 0.402808
-1 -1
NODE 332 8
2dots_tau0
0 13 -8 6 6
333 334 
LEAF 333 9
65 classes
5 0.0896565
15 0.0730315
18 0.0807894
27 0.0878705
28 0.0868327
32 0.049231
37 0.0892936
42 0.252351
47 0.0875219
49 0.049231
51 0.0541904
-1 -1
LEAF 334 9
65 classes
1 0.0154457
3 0.199954
4 0.0367608
6 0.0136151
11 0.0345172
12 0.033419
15 0.0608623
18 0.148121
19 0.0446488
20 0.0713803
24 0.117739
27 0.0146458
28 0.0289456
30 0.0166339
35 0.00839289
41 0.0503573
47 0.0145876
49 0.0164111
54 0.026931
62 0.0466311
-1 -1
NODE 262 4
2dots_tau0
0 15 14 -8 -3
263 264 
NODE 263 5
2dots_tau0
0 -9 10 0 6
295 296 
NODE 295 6
2dots_tau0
0 12 3 12 -9
311 312 
NODE 311 7
2dots_tau0
0 0 0 0 0
319 320 
NODE 319 8
2dots_tau0
0 -15 -1 3 -6
323 324 
LEAF 323 9
65 classes
7 0.142839
19 0.0852986
22 0.0888977
23 0.483228
41 0.0962044
51 0.103532
-1 -1
LEAF 324 9
65 classes
3 0.16443
5 0.106501
15 0.0433763
17 0.19773
18 0.047984
22 0.0552727
28 0.0515733
41 0.0598156
47 0.103965
55 0.030045
56 0.0562216
62 0.0830843
-1 -1
NODE 320 8
2dots_tau0
0 -7 13 3 6
321 322 
LEAF 321 9
65 classes
-1 -1
LEAF 322 9
65 classes
-1 -1
NODE 312 7
2dots_tau0
0 -8 5 -10 -5
313 314 
NODE 313 8
2dots_tau0
0 -13 12 13 2
317 318 
LEAF 317 9
65 classes
3 0.285449
19 0.276204
47 0.270724
51 0.167623
-1 -1
LEAF 318 9
65 classes
3 0.391642
35 0.213704
47 0.185719
49 0.104467
61 0.104467
-1 -1
NODE 314 8
2dots_tau0
0 -11 1 -2 -2
315 316 
LEAF 315 9
65 classes
42 1
-1 -1
LEAF 316 9
65 classes
18 0.444557
42 0.555443
-1 -1
NODE 296 6
2dots_tau0
0 -2 10 9 3
297 298 
NODE 297 7
2dots_tau0
0 -8 7 13 11
305 306 
NODE 305 8
2dots_tau0
0 15 -10 -14 13
309 310 
LEAF 309 9
65 classes
3 0.597474
62 0.402526
-1 -1
LEAF 310 9
65 classes
0 0.314888
3 0.685112
-1 -1
NODE 306 8
2dots_tau0
0 -11 -7 -14 -2
307 308 
LEAF 307 9
65 classes
3 0.324989
5 0.022553
15 0.018371
18 0.0406449
23 0.0254497
35 0.0253335
41 0.0506669
49 0.024768
53 0.0173919
59 0.0627605
62 0.387072
-1 -1
LEAF 308 9
65 classes
11 0.0434313
18 0.779376
19 0.0749057
35 0.0422414
59 0.0209295
62 0.0391157
-1 -1
NODE 298 7
2dots_tau0
0 0 -8 -13 9
299 300 
NODE 299 8
2dots_tau0
0 13 -12 10 -5
303 304 
LEAF 303 9
65 classes
3 0.0316018
5 0.061405
6 0.111894
18 0.608652
41 0.0344878
49 0.0505769
59 0.0170878
61 0.0842949
-1 -1
LEAF 304 9
65 classes
3 0.432412
4 0.100013
5 0.0406556
6 0.0246945
11 0.0313029
12 0.0151535
18 0.207597
27 0.106255
30 0.00754244
47 0.0132292
62 0.0211444
-1 -1
NODE 300 8
2dots_tau0
0 9 0 -15 -2
301 302 
LEAF 301 9
65 classes
3 0.25974
15 0.205556
19 0.125664
22 0.130966
30 0.0702239
49 0.0692834
61 0.138567
-1 -1
LEAF 302 9
65 classes
3 0.428938
15 0.169729
18 0.187758
45 0.213575
-1 -1
NODE 264 5
2dots_tau0
0 -3 4 12 -1
265 266 
NODE 265 6
2dots_tau0
0 -13 0 -10 -15
281 282 
NODE 281 7
2dots_tau0
0 0 1 10 5
289 290 
NODE 289 8
2dots_tau0
0 -15 6 -11 -2
293 294 
LEAF 293 9
65 classes
18 0.279646
20 0.247066
28 0.300565
30 0.172723
-1 -1
LEAF 294 9
65 classes
20 0.342371
27 0.421485
32 0.236144
-1 -1
NODE 290 8
2dots_tau0
0 2 -12 -6 -10
291 292 
LEAF 291 9
65 classes
0 0.183296
6 0.353014
18 0.174568
48 0.188367
62 0.100755
-1 -1
LEAF 292 9
65 classes
0 0.131666
5 0.0695794
18 0.564282
41 0.234473
-1 -1
NODE 282 7
2dots_tau0
0 15 -10 0 8
283 284 
NODE 283 8
2dots_tau0
0 10 -9 1 10
287 288 
LEAF 287 9
65 classes
5 0.323571
12 0.361811
48 0.314618
-1 -1
LEAF 288 9
65 classes
35 1
-1 -1
NODE 284 8
2dots_tau0
0 2 -8 14 -10
285 286 
LEAF 285 9
65 classes
0 0.079526
1 0.0868771
3 0.0865136
18 0.302956
41 0.0944144
62 0.349713
-1 -1
LEAF 286 9
65 classes
3 0.827983
49 0.0883429
62 0.0836736
-1 -1
NODE 266 6
2dots_tau0
0 -11 -11 -1 -13
267 268 
NODE 267 7
2dots_tau0
0 -6 10 6 9
275 276 
NODE 275 8
2dots_tau0
0 -5 -9 0 -15
279 280 
LEAF 279 9
65 classes
1 0.220978
7 0.356562
19 0.212927
27 0.209533
-1 -1
LEAF 280 9
65 classes
-1 -1
NODE 276 8
2dots_tau0
0 -15 -3 -8 0
277 278 
LEAF 277 9
65 classes
48 1
-1 -1
LEAF 278 9
65 classes
3 0.158703
5 0.154187
45 0.316084
48 0.149921
49 0.0846653
50 0.136439
-1 -1
NODE 268 7
2dots_tau0
0 -6 -2 6 13
269 270 
NODE 269 8
2dots_tau0
0 -1 -15 11 6
273 274 
LEAF 273 9
65 classes
27 0.318653
41 0.365214
48 0.316134
-1 -1
LEAF 274 9
65 classes
-1 -1
NODE 270 8
2dots_tau0
0 -8 2 0 4
271 272 
LEAF 271 9
65 classes
3 0.10567
5 0.102663
18 0.0925099
47 0.100219
48 0.598937
-1 -1
LEAF 272 9
65 classes
18 0.232796
45 0.264806
48 0.502398
-1 -1
NODE 4 2
2dots_tau0
0 -7 0 -11 -9
5 6 
NODE 5 3
2dots_tau0
0 11 1 11 9
133 134 
NODE 133 4
2dots_tau0
0 0 0 -9 -4
197 198 
NODE 197 5
2dots_tau0
0 -2 0 -14 -3
229 230 
NODE 229 6
2dots_tau0
0 13 9 -10 12
245 246 
NODE 245 7
2dots_tau0
0 -6 -4 0 -15
253 254 
NODE 253 8
2dots_tau0
0 15 -11 10 -13
257 258 
LEAF 257 9
65 classes
12 0.0997482
15 0.108996
18 0.281341
27 0.174857
35 0.0751527
41 0.0501018
44 0.0252237
48 0.0433688
51 0.0808769
59 0.0248242
63 0.0355091
-1 -1
LEAF 258 9
65 classes
6 0.0652527
12 0.0800829
15 0.0583385
18 0.0645357
27 0.210577
35 0.0804486
41 0.0804486
49 0.196632
51 0.0865761
59 0.0398603
62 0.0372479
-1 -1
NODE 254 8
2dots_tau0
0 7 -1 15 13
255 256 
LEAF 255 9
65 classes
11 0.123737
12 0.2995
15 0.0436358
21 0.0288359
27 0.26251
35 0.0601736
41 0.0601736
49 0.0588304
51 0.0323784
55 0.0302248
-1 -1
LEAF 256 9
65 classes
12 0.247509
18 0.199458
21 0.119151
27 0.433881
-1 -1
NODE 246 7
2dots_tau0
0 15 0 15 -13
247 248 
NODE 247 8
2dots_tau0
0 15 0 -5 13
251 252 
LEAF 251 9
65 classes
0 0.0839827
12 0.198505
27 0.0869941
35 0.0997055
49 0.2437
51 0.0536499
52 0.092133
63 0.14133
-1 -1
LEAF 252 9
65 classes
0 0.217839
12 0.257446
27 0.0451299
30 0.0512561
35 0.181035
47 0.0449508
49 0.0252848
51 0.0278319
55 0.0519615
62 0.0239484
63 0.0733178
-1 -1
NODE 248 8
2dots_tau0
0 12 5 -9 -1
249 250 
LEAF 249 9
65 classes
0 0.100267
12 0.236994
15 0.215806
35 0.0595191
41 0.0595191
45 0.108622
48 0.0515205
51 0.0960787
59 0.0294902
63 0.0421834
-1 -1
LEAF 250 9
65 classes
0 0.187496
12 0.0553965
15 0.121065
19 0.049341
27 0.145664
35 0.111299
47 0.048362
51 0.119776
59 0.0827187
63 0.0788817
-1 -1
NODE 230 6
2dots_tau0
0 -11 -9 -1 -1
231 232 
NODE 231 7
2dots_tau0
0 -12 -8 -5 -3
239 240 
NODE 239 8
2dots_tau0
0 13 -1 6 -13
243 244 
LEAF 243 9
65 classes
15 0.158171
20 0.154588
22 0.201552
28 0.188062
30 0.108072
47 0.189555
-1 -1
LEAF 244 9
65 classes
35 0.365217
47 0.634783
-1 -1
NODE 240 8
2dots_tau0
0 14 -4 2 -2
241 242 
LEAF 241 9
65 classes
-1 -1
LEAF 242 9
65 classes
20 0.450658
40 0.273046
47 0.276296
-1 -1
NODE 232 7
2dots_tau0
0 0 0 -8 -15
233 234 
NODE 233 8
2dots_tau0
0 -14 -15 11 -10
237 238 
LEAF 237 9
65 classes
6 0.195907
17 0.0998014
20 0.0855902
22 0.111592
27 0.105368
35 0.0603822
47 0.10495
51 0.0649813
52 0.111592
59 0.0598357
-1 -1
LEAF 238 9
65 classes
19 0.0795755
47 0.779966
49 0.0438731
51 0.0965855
-1 -1
NODE 234 8
2dots_tau0
0 -11 9 6 -13
235 236 
LEAF 235 9
65 classes
0 0.675
6 0.325
-1 -1
LEAF 236 9
65 classes
0 0.391149
6 0.376662
35 0.232189
-1 -1
NODE 198 5
2dots_tau0
0 -10 -9 6 1
199 200 
NODE 199 6
2dots_tau0
0 4 -4 -5 15
215 216 
NODE 215 7
2dots_tau0
0 0 -1 1 5
223 224 
NODE 223 8
2dots_tau0
0 -2 -14 -9 12
227 228 
LEAF 227 9
65 classes
12 0.40711
27 0.178415
32 0.0999602
35 0.204485
51 0.11003
-1 -1
LEAF 228 9
65 classes
12 0.528908
19 0.471092
-1 -1
NODE 224 8
2dots_tau0
0 13 15 -1 -14
225 226 
LEAF 225 9
65 classes
0 0.54393
35 0.161441
45 0.294629
-1 -1
LEAF 226 9
65 classes
0 0.392526
12 0.154631
32 0.075935
40 0.266815
63 0.110093
-1 -1
NODE 216 7
2dots_tau0
0 2 -15 -7 2
217 218 
NODE 217 8
2dots_tau0
0 4 -11 -15 7
221 222 
LEAF 221 9
65 classes
0 0.243271
3 0.264646
19 0.256074
33 0.236009
-1 -1
LEAF 222 9
65 classes
3 1
-1 -1
NODE 218 8
2dots_tau0
0 12 -14 -7 -5
219 220 
LEAF 219 9
65 classes
5 0.229157
7 0.191093
19 0.228229
35 0.128704
48 0.222816
-1 -1
LEAF 220 9
65 classes
1 0.150289
5 0.0484673
7 0.0808336
12 0.162586
18 0.0436738
27 0.0475018
35 0.0272213
40 0.0935133
41 0.0544427
45 0.049679
62 0.126035
63 0.115757
-1 -1
NODE 200 6
2dots_tau0
0 0 14 -8 -7
201 202 
NODE 201 7
2dots_tau0
0 -4 -1 0 12
209 210 
NODE 209 8
2dots_tau0
0 -15 11 12 4
213 214 
LEAF 213 9
65 classes
0 0.469088
12 0.369585
47 0.161327
-1 -1
LEAF 214 9
65 classes
12 0.40491
41 0.406759
62 0.18833
-1 -1
NODE 210 8
2dots_tau0
0 -1 -12 -5 0
211 212 
LEAF 211 9
65 classes
0 0.637
6 0.204469
19 0.0745029
35 0.0840284
-1 -1
LEAF 212 9
65 classes
0 0.0877639
9 0.191753
12 0.207442
45 0.190155
50 0.0820814
52 0.192562
62 0.0482423
-1 -1
NODE 202 7
2dots_tau0
0 13 -13 -5 -13
203 204 
NODE 203 8
2dots_tau0
0 -11 0 6 -4
207 208 
LEAF 207 9
65 classes
0 0.398962
12 0.157167
19 0.279973
35 0.0789423
51 0.0849551
-1 -1
LEAF 208 9
65 classes
0 0.374862
12 0.0886038
19 0.236755
27 0.0776607
35 0.178017
59 0.0441014
-1 -1
NODE 204 8
2dots_tau0
0 0 -9 4 -11
205 206 
LEAF 205 9
65 classes
0 0.280383
12 0.397634
27 0.0580873
35 0.0332875
40 0.114352
50 0.0524457
59 0.0329862
62 0.0308243
-1 -1
LEAF 206 9
65 classes
1 0.190524
5 0.368656
7 0.153711
19 0.183582
35 0.103527
-1 -1
NODE 134 4
2dots_tau0
0 3 -15 6 6
135 136 
NODE 135 5
2dots_tau0
0 7 -10 -1 7
167 168 
NODE 167 6
2dots_tau0
0 -10 0 8 3
183 184 
NODE 183 7
2dots_tau0
0 -15 10 -10 0
191 192 
NODE 191 8
2dots_tau0
0 8 -10 -8 2
195 196 
LEAF 195 9
65 classes
47 1
-1 -1
LEAF 196 9
65 classes
7 0.247992
19 0.296185
47 0.290308
59 0.165515
-1 -1
NODE 192 8
2dots_tau0
0 -13 12 -1 11
193 194 
LEAF 193 9
65 classes
11 0.536957
19 0.463044
-1 -1
LEAF 194 9
65 classes
0 0.186966
19 0.196807
35 0.110985
47 0.385804
51 0.119438
-1 -1
NODE 184 7
2dots_tau0
0 -14 1 -15 -8
185 186 
NODE 185 8
2dots_tau0
0 -4 9 12 11
189 190 
LEAF 189 9
65 classes
12 0.44686
19 0.199006
47 0.195058
63 0.159076
-1 -1
LEAF 190 9
65 classes
47 0.417795
55 0.241478
63 0.340726
-1 -1
NODE 186 8
2dots_tau0
0 12 -14 2 -15
187 188 
LEAF 187 9
65 classes
12 0.667674
59 0.332326
-1 -1
LEAF 188 9
65 classes
12 0.307624
27 0.539261
59 0.153116
-1 -1
NODE 168 6
2dots_tau0
0 4 0 15 9
169 170 
NODE 169 7
2dots_tau0
0 10 0 -9 0
177 178 
NODE 177 8
2dots_tau0
0 -4 -1 2 13
181 182 
LEAF 181 9
65 classes
3 0.649045
59 0.350954
-1 -1
LEAF 182 9
65 classes
15 1
-1 -1
NODE 178 8
2dots_tau0
0 1 -11 -12 -5
179 180 
LEAF 179 9
65 classes
1 0.0746354
3 0.371616
19 0.0719159
27 0.21231
35 0.0811106
40 0.0696597
51 0.0436443
62 0.0751088
-1 -1
LEAF 180 9
65 classes
48 1
-1 -1
NODE 170 7
2dots_tau0
0 -2 -15 -11 -2
171 172 
NODE 171 8
2dots_tau0
0 -10 14 9 3
175 176 
LEAF 175 9
65 classes
44 0.167604
48 0.288172
62 0.308277
63 0.235947
-1 -1
LEAF 176 9
65 classes
27 0.175546
35 0.402394
62 0.279464
63 0.142596
-1 -1
NODE 172 8
2dots_tau0
0 -13 -3 -1 5
173 174 
LEAF 173 9
65 classes
35 0.317225
51 0.682775
-1 -1
LEAF 174 9
65 classes
41 0.243885
44 0.122784
48 0.633331
-1 -1
NODE 136 5
2dots_tau0
0 -8 -13 -2 -14
137 138 
NODE 137 6
2dots_tau0
0 -10 -2 0 3
153 154 
NODE 153 7
2dots_tau0
0 -11 -8 0 6
161 162 
NODE 161 8
2dots_tau0
0 -12 -13 -14 -12
165 166 
LEAF 165 9
65 classes
0 0.268188
3 0.291752
19 0.282303
59 0.157757
-1 -1
LEAF 166 9
65 classes
59 1
-1 -1
NODE 162 8
2dots_tau0
0 8 13 2 -9
163 164 
LEAF 163 9
65 classes
0 0.111886
12 0.132229
35 0.132833
40 0.22816
59 0.394892
-1 -1
LEAF 164 9
65 classes
27 0.125819
35 0.216306
40 0.123846
47 0.12532
48 0.124825
49 0.140985
59 0.142899
-1 -1
NODE 154 7
2dots_tau0
0 -12 -15 15 -8
155 156 
NODE 155 8
2dots_tau0
0 -1 5 12 10
159 160 
LEAF 159 9
65 classes
12 0.821429
48 0.178571
-1 -1
LEAF 160 9
65 classes
3 0.307089
20 0.237522
35 0.167567
40 0.287821
-1 -1
NODE 156 8
2dots_tau0
0 7 11 -10 9
157 158 
LEAF 157 9
65 classes
3 0.0945954
6 0.0837345
35 0.258086
41 0.103234
59 0.46035
-1 -1
LEAF 158 9
65 classes
0 0.113488
35 0.0673675
47 0.117091
51 0.0724987
59 0.534063
63 0.0954918
-1 -1
NODE 138 6
2dots_tau0
0 -1 10 -12 3
139 140 
NODE 139 7
2dots_tau0
0 -4 -11 -14 13
147 148 
NODE 147 8
2dots_tau0
0 3 10 1 -6
151 152 
LEAF 151 9
65 classes
0 0.166996
12 0.197359
27 0.172984
35 0.19826
41 0.09913
59 0.0491165
62 0.0458974
63 0.0702572
-1 -1
LEAF 152 9
65 classes
35 0.319876
63 0.680124
-1 -1
NODE 148 8
2dots_tau0
0 1 15 3 4
149 150 
LEAF 149 9
65 classes
40 0.776119
59 0.223881
-1 -1
LEAF 150 9
65 classes
0 0.203064
27 0.210345
40 0.207046
48 0.208682
63 0.170863
-1 -1
NODE 140 7
2dots_tau0
0 3 8 -8 -13
141 142 
NODE 141 8
2dots_tau0
0 -6 3 -11 5
145 146 
LEAF 145 9
65 classes
0 0.276895
12 0.32724
59 0.162879
63 0.232986
-1 -1
LEAF 146 9
65 classes
47 0.194509
48 0.19374
51 0.120433
59 0.332689
63 0.158629
-1 -1
NODE 142 8
2dots_tau0
0 15 5 2 -5
143 144 
LEAF 143 9
65 classes
59 1
-1 -1
LEAF 144 9
65 classes
-1 -1
NODE 6 3
2dots_tau0
0 -12 -14 -9 1
7 8 
NODE 7 4
2dots_tau0
0 -4 -11 11 5
71 72 
NODE 71 5
2dots_tau0
0 12 -15 0 -3
103 104 
NODE 103 6
2dots_tau0
0 -11 14 -9 -8
119 120 
NODE 119 7
2dots_tau0
0 0 -5 0 -9
127 128 
NODE 127 8
2dots_tau0
0 -8 -1 -11 -13
131 132 
LEAF 131 9
65 classes
-1 -1
LEAF 132 9
65 classes
15 0.650463
24 0.349537
-1 -1
NODE 128 8
2dots_tau0
0 -3 10 -1 0
129 130 
LEAF 129 9
65 classes
15 0.48199
24 0.51801
-1 -1
LEAF 130 9
65 classes
15 0.377689
19 0.06597
24 0.521891
62 0.0344495
-1 -1
NODE 120 7
2dots_tau0
0 -15 6 10 12
121 122 
NODE 121 8
2dots_tau0
0 11 7 14 13
125 126 
LEAF 125 9
65 classes
24 0.770986
62 0.229014
-1 -1
LEAF 126 9
65 classes
15 0.382834
24 0.617166
-1 -1
NODE 122 8
2dots_tau0
0 -12 -8 -5 -4
123 124 
LEAF 123 9
65 classes
12 0.452602
13 0.158051
21 0.145255
22 0.140046
53 0.104046
-1 -1
LEAF 124 9
65 classes
12 1
-1 -1
NODE 104 6
2dots_tau0
0 8 2 -2 9
105 106 
NODE 105 7
2dots_tau0
0 -8 -1 10 0
113 114 
NODE 113 8
2dots_tau0
0 -5 -9 9 9
117 118 
LEAF 117 9
65 classes
12 0.111155
24 0.0435126
32 0.0272925
44 0.0281081
58 0.67928
59 0.110652
-1 -1
LEAF 118 9
65 classes
24 1
-1 -1
NODE 114 8
2dots_tau0
0 -11 10 15 2
115 116 
LEAF 115 9
65 classes
19 0.220137
20 0.0879834
28 0.107035
47 0.323653
53 0.0852253
63 0.175967
-1 -1
LEAF 116 9
65 classes
6 0.194316
18 0.576543
59 0.05935
63 0.169791
-1 -1
NODE 106 7
2dots_tau0
0 10 8 -10 -5
107 108 
NODE 107 8
2dots_tau0
0 14 -13 -11 4
111 112 
LEAF 111 9
65 classes
51 0.431564
63 0.568436
-1 -1
LEAF 112 9
65 classes
-1 -1
NODE 108 8
2dots_tau0
0 -3 5 -13 7
109 110 
LEAF 109 9
65 classes
3 0.279632
13 0.106082
15 0.147532
18 0.244806
32 0.0994523
59 0.0504012
63 0.0720949
-1 -1
LEAF 110 9
65 classes
15 0.0954607
24 0.615568
30 0.130449
59 0.0652243
63 0.0932981
-1 -1
NODE 72 5
2dots_tau0
0 1 6 14 10
73 74 
NODE 73 6
2dots_tau0
0 12 -14 -8 -5
89 90 
NODE 89 7
2dots_tau0
0 11 -14 -6 -6
97 98 
NODE 97 8
2dots_tau0
0 0 -14 -10 -2
101 102 
LEAF 101 9
65 classes
5 0.170896
6 0.0389263
24 0.673244
28 0.0413783
48 0.0415419
63 0.0340132
-1 -1
LEAF 102 9
65 classes
5 0.191303
6 0.0580994
22 0.132378
24 0.11165
28 0.123518
47 0.124499
48 0.124007
51 0.0770851
54 0.0574609
-1 -1
NODE 98 8
2dots_tau0
0 12 -13 11 3
99 100 
LEAF 99 9
65 classes
-1 -1
LEAF 100 9
65 classes
63 1
-1 -1
NODE 90 7
2dots_tau0
0 8 10 0 2
91 92 
NODE 91 8
2dots_tau0
0 -4 5 13 14
95 96 
LEAF 95 9
65 classes
1 0.237045
3 0.413094
6 0.0522378
12 0.06411
15 0.233513
-1 -1
LEAF 96 9
65 classes
5 0.0581305
6 0.15889
15 0.189405
17 0.161888
18 0.209525
47 0.113493
49 0.0638398
53 0.0448279
-1 -1
NODE 92 8
2dots_tau0
0 6 -4 3 -8
93 94 
LEAF 93 9
65 classes
3 0.0446569
5 0.0867724
15 0.565457
22 0.0450338
28 0.168079
47 0.0423532
49 0.0476474
-1 -1
LEAF 94 9
65 classes
5 0.0387736
6 0.0706541
15 0.0631676
17 0.0719872
20 0.0308683
47 0.113551
49 0.0212909
53 0.0598013
58 0.529906
-1 -1
NODE 74 6
2dots_tau0
0 -14 -11 -1 -10
75 76 
NODE 75 7
2dots_tau0
0 -12 -10 15 15
83 84 
NODE 83 8
2dots_tau0
0 -15 -12 12 13
87 88 
LEAF 87 9
65 classes
1 0.0483402
3 0.0481379
5 0.0935362
7 0.117
15 0.190479
17 0.17366
22 0.145632
28 0.0452951
39 0.0248487
51 0.113071
-1 -1
LEAF 88 9
65 classes
3 0.158486
7 0.2568
17 0.285872
28 0.149126
48 0.149716
-1 -1
NODE 84 8
2dots_tau0
0 -11 -5 2 4
85 86 
LEAF 85 9
65 classes
5 0.113869
7 0.284865
22 0.472772
55 0.128494
-1 -1
LEAF 86 9
65 classes
15 0.0756765
17 0.0862426
20 0.221886
22 0.192863
24 0.162664
55 0.157254
59 0.103413
-1 -1
NODE 76 7
2dots_tau0
0 -13 1 -12 9
77 78 
NODE 77 8
2dots_tau0
0 6 -6 -4 -8
81 82 
LEAF 81 9
65 classes
17 0.209873
18 0.407446
55 0.382681
-1 -1
LEAF 82 9
65 classes
3 0.338191
18 0.296072
59 0.365736
-1 -1
NODE 78 8
2dots_tau0
0 -2 3 0 11
79 80 
LEAF 79 9
65 classes
5 0.339088
6 0.308947
22 0.351965
-1 -1
LEAF 80 9
65 classes
3 0.106845
5 0.207609
18 0.280614
47 0.303999
48 0.100932
-1 -1
NODE 8 4
2dots_tau0
0 -7 -11 4 0
9 10 
NODE 9 5
2dots_tau0
0 7 -3 5 3
41 42 
NODE 41 6
2dots_tau0
0 12 -14 -13 5
57 58 
NODE 57 7
2dots_tau0
0 -7 2 8 -5
65 66 
NODE 65 8
2dots_tau0
0 10 -8 -6 9
69 70 
LEAF 69 9
65 classes
19 1
-1 -1
LEAF 70 9
65 classes
-1 -1
NODE 66 8
2dots_tau0
0 14 12 9 -11
67 68 
LEAF 67 9
65 classes
47 1
-1 -1
LEAF 68 9
65 classes
35 0.251708
59 0.748292
-1 -1
NODE 58 7
2dots_tau0
0 11 -15 -9 -15
59 60 
NODE 59 8
2dots_tau0
0 -1 0 9 -1
63 64 
LEAF 63 9
65 classes
30 0.6
59 0.4
-1 -1
LEAF 64 9
65 classes
7 0.597544
35 0.402456
-1 -1
NODE 60 8
2dots_tau0
0 7 4 -4 -8
61 62 
LEAF 61 9
65 classes
7 0.494315
22 0.205095
40 0.190618
59 0.109972
-1 -1
LEAF 62 9
65 classes
3 0.187776
4 0.224392
19 0.181694
30 0.406139
-1 -1
NODE 42 6
2dots_tau0
0 12 -4 1 0
43 44 
NODE 43 7
2dots_tau0
0 -2 -1 15 -9
51 52 
NODE 51 8
2dots_tau0
0 13 -15 -6 15
55 56 
LEAF 55 9
65 classes
7 1
-1 -1
LEAF 56 9
65 classes
45 1
-1 -1
NODE 52 8
2dots_tau0
0 6 -15 -9 -4
53 54 
LEAF 53 9
65 classes
-1 -1
LEAF 54 9
65 classes
0 0.487179
19 0.512821
-1 -1
NODE 44 7
2dots_tau0
0 -10 -14 8 -10
45 46 
NODE 45 8
2dots_tau0
0 -13 10 -5 1
49 50 
LEAF 49 9
65 classes
5 0.303807
7 0.253345
18 0.273761
59 0.169087
-1 -1
LEAF 50 9
65 classes
-1 -1
NODE 46 8
2dots_tau0
0 -15 13 1 2
47 48 
LEAF 47 9
65 classes
5 0.196041
19 0.585742
59 0.218217
-1 -1
LEAF 48 9
65 classes
5 0.562982
19 0.280351
59 0.156667
-1 -1
NODE 10 5
2dots_tau0
0 5 -13 -7 11
11 12 
NODE 11 6
2dots_tau0
0 8 0 4 -11
27 28 
NODE 27 7
2dots_tau0
0 -13 11 5 0
35 36 
NODE 35 8
2dots_tau0
0 -10 11 12 4
39 40 
LEAF 39 9
65 classes
59 1
-1 -1
LEAF 40 9
65 classes
-1 -1
NODE 36 8
2dots_tau0
0 0 -5 2 -4
37 38 
LEAF 37 9
65 classes
22 0.735782
35 0.13271
59 0.131509
-1 -1
LEAF 38 9
65 classes
19 0.0700072
20 0.279802
22 0.145922
24 0.0615366
28 0.0680779
35 0.118437
47 0.137236
55 0.11898
-1 -1
NODE 28 7
2dots_tau0
0 15 -11 12 -8
29 30 
NODE 29 8
2dots_tau0
0 -11 -6 14 -9
33 34 
LEAF 33 9
65 classes
5 0.555614
22 0.288357
35 0.156029
-1 -1
LEAF 34 9
65 classes
35 0.33383
55 0.335361
59 0.330809
-1 -1
NODE 30 8
2dots_tau0
0 6 -1 -12 -8
31 32 
LEAF 31 9
65 classes
-1 -1
LEAF 32 9
65 classes
5 1
-1 -1
NODE 12 6
2dots_tau0
0 -15 -13 14 -3
13 14 
NODE 13 7
2dots_tau0
0 -5 -6 5 -5
21 22 
NODE 21 8
2dots_tau0
0 5 5 10 5
25 26 
LEAF 25 9
65 classes
24 0.273208
47 0.304649
59 0.173691
63 0.248452
-1 -1
LEAF 26 9
65 classes
-1 -1
NODE 22 8
2dots_tau0
0 13 -15 8 -14
23 24 
LEAF 23 9
65 classes
5 0.137725
20 0.109645
22 0.142955
28 0.40016
30 0.0766521
40 0.132864
-1 -1
LEAF 24 9
65 classes
7 0.090097
20 0.0860149
22 0.448584
27 0.105891
28 0.20928
59 0.0601326
-1 -1
NODE 14 7
2dots_tau0
0 13 -11 -13 -4
15 16 
NODE 15 8
2dots_tau0
0 -12 -9 -11 -6
19 20 
LEAF 19 9
65 classes
48 1
-1 -1
LEAF 20 9
65 classes
19 0.471087
35 0.265659
59 0.263254
-1 -1
NODE 16 8
2dots_tau0
0 12 -11 -1 7
17 18 
LEAF 17 9
65 classes
22 1
-1 -1
LEAF 18 9
65 classes
0 0.130519
22 0.715929
59 0.153552
-1 -1
