image_size: 32 32
class_number: 65
max_depth:  10
1023
NODE 0 0
2dots_tau0
0 14 0 0 1
1 2 
NODE 1 1
2dots_tau0
0 14 13 -3 -2
513 514 
NODE 513 2
2dots_tau0
0 7 1 -4 6
769 770 
NODE 769 3
2dots_tau0
0 9 0 12 -11
897 898 
NODE 897 4
2dots_tau0
0 0 15 -3 12
961 962 
NODE 961 5
2dots_tau0
0 -6 14 2 -9
993 994 
NODE 993 6
2dots_tau0
0 -10 15 -9 -14
1009 1010 
NODE 1009 7
2dots_tau0
0 7 7 6 2
1017 1018 
NODE 1017 8
2dots_tau0
0 2 -13 -12 13
1021 1022 
LEAF 1021 9
65 classes
1 0.0533155
4 0.0634454
5 0.0171939
10 0.025949
11 0.0595731
18 0.0154934
21 0.0370214
23 0.0388045
27 0.0168514
30 0.0191389
35 0.00965683
39 0.109625
40 0.016587
44 0.0583406
50 0.0152147
51 0.0103924
52 0.267702
56 0.108919
59 0.00956944
61 0.0472064
-1 -1
LEAF 1022 9
65 classes
1 0.0190488
4 0.015112
5 0.00921466
7 0.161366
9 0.0920691
10 0.0324492
11 0.00354743
13 0.0719621
14 0.00561786
19 0.00611823
21 0.00992038
22 0.015941
23 0.0693213
30 0.00854753
35 0.00172512
39 0.0179517
40 0.0325946
44 0.132013
45 0.0598185
47 0.00899526
48 0.00895971
49 0.00168661
50 0.0271799
51 0.0185652
52 0.10521
53 0.00473732
56 0.00972878
61 0.0505983
-1 -1
NODE 1018 8
2dots_tau0
0 -13 13 3 -2
1019 1020 
LEAF 1019 9
65 classes
1 0.0149203
2 0.0136578
5 0.0288701
7 0.252785
9 0.059681
13 0.0169096
19 0.0287532
21 0.00777029
22 0.0149832
23 0.0488673
27 0.028295
35 0.00810735
42 0.00812591
44 0.00816327
45 0.0295918
48 0.0561426
50 0.0894142
52 0.0149832
53 0.200371
56 0.0457213
59 0.00803399
61 0.0158528
-1 -1
LEAF 1020 9
65 classes
1 0.0112446
5 0.0217578
9 0.0337337
13 0.0254877
15 0.0531697
21 0.00585604
22 0.124212
23 0.0245524
28 0.08429
30 0.00605477
35 0.0122201
39 0.0115603
44 0.0061522
47 0.0106199
48 0.0423116
49 0.017921
50 0.308053
52 0.022584
53 0.125841
56 0.0344576
61 0.017921
-1 -1
NODE 1010 7
2dots_tau0
0 1 -7 -15 -10
1011 1012 
NODE 1011 8
2dots_tau0
0 15 -11 3 -2
1015 1016 
LEAF 1015 9
65 classes
9 0.0294316
11 0.032886
23 0.0321317
30 0.0316955
35 0.0159925
39 0.0302579
44 0.193233
45 0.0291863
52 0.0295557
56 0.450947
59 0.0316955
61 0.0781776
62 0.0148091
-1 -1
LEAF 1016 9
65 classes
4 0.210274
11 0.0493601
13 0.150196
15 0.174068
22 0.133085
35 0.0240039
45 0.0438071
49 0.11734
50 0.0756382
62 0.0222277
-1 -1
NODE 1012 8
2dots_tau0
0 0 -4 -4 -15
1013 1014 
LEAF 1013 9
65 classes
1 0.0966636
7 0.207963
9 0.161106
11 0.036003
15 0.0761786
16 0.0291584
22 0.0323572
30 0.0520496
40 0.0902194
44 0.0352581
45 0.0319527
49 0.0513526
52 0.0323572
56 0.0329126
59 0.0173499
61 0.0171175
-1 -1
LEAF 1014 9
65 classes
1 0.0122096
4 0.0871764
7 0.0985045
14 0.313273
20 0.00940415
22 0.0122611
24 0.0206824
28 0.0114405
42 0.0132992
44 0.120243
47 0.0230626
49 0.00648634
51 0.00713976
52 0.0122611
53 0.027328
56 0.187074
59 0.0197232
62 0.0184305
-1 -1
NODE 994 6
2dots_tau0
0 2 -7 4 0
995 996 
NODE 995 7
2dots_tau0
0 9 11 -3 6
1003 1004 
NODE 1003 8
2dots_tau0
0 1 -1 9 8
1007 1008 
LEAF 1007 9
65 classes
5 0.0206923
7 0.0172553
11 0.0477963
15 0.0337106
16 0.0290321
17 0.057626
18 0.0093229
21 0.00556926
27 0.01014
28 0.130264
37 0.0515213
46 0.169677
47 0.0100998
49 0.0227246
50 0.0183104
53 0.0319141
55 0.0291875
56 0.0109234
58 0.282795
59 0.00575826
61 0.00568114
-1 -1
LEAF 1008 9
65 classes
1 0.00450721
3 0.0718137
4 0.0268179
5 0.00436064
6 0.0437033
7 0.0399996
9 0.0180289
10 0.00329054
11 0.12087
12 0.00487599
13 0.00510818
14 0.00797559
15 0.00355204
17 0.18216
18 0.0275056
19 0.00868597
21 0.0328622
23 0.00492072
27 0.0170951
30 0.00242696
33 0.00400268
37 0.0694878
39 0.0231688
40 0.0168269
42 0.00245473
44 0.00986406
45 0.00446965
47 0.00425681
48 0.00423999
49 0.00478892
50 0.0308696
51 0.00263567
52 0.00905246
53 0.0100882
55 0.0172225
56 0.101287
59 0.00242696
61 0.0454947
62 0.0068037
-1 -1
NODE 1004 8
2dots_tau0
0 8 -14 0 -2
1005 1006 
LEAF 1005 9
65 classes
13 0.311777
23 0.100112
49 0.146146
52 0.092086
53 0.068415
56 0.0936669
59 0.0493765
62 0.138421
-1 -1
LEAF 1006 9
65 classes
11 0.127829
12 0.123762
18 0.0997349
19 0.220467
35 0.124327
49 0.30388
-1 -1
NODE 996 7
2dots_tau0
0 -7 9 -15 14
997 998 
NODE 997 8
2dots_tau0
0 -6 -2 3 -5
1001 1002 
LEAF 1001 9
65 classes
1 0.152851
3 0.0761057
7 0.0616585
21 0.119404
22 0.0767479
56 0.390327
59 0.0823043
61 0.040601
-1 -1
LEAF 1002 9
65 classes
4 0.259094
5 0.01359
6 0.00928651
11 0.227585
12 0.0189951
13 0.0437793
15 0.0027675
16 0.00317789
18 0.00918446
21 0.0512079
22 0.0317387
27 0.00998947
28 0.00987149
30 0.00945459
39 0.070401
46 0.0557191
47 0.00331661
50 0.0360771
53 0.00786006
54 0.0183689
55 0.00766776
56 0.0860895
59 0.00378184
61 0.00746238
62 0.00353398
-1 -1
NODE 998 8
2dots_tau0
0 0 9 0 8
999 1000 
LEAF 999 9
65 classes
2 0.0108104
3 0.0196004
4 0.0702675
5 0.0304683
6 0.13186
7 0.047639
9 0.0275559
10 0.040235
11 0.0307901
13 0.0401528
15 0.00310232
16 0.00356236
17 0.0742449
20 0.0363845
21 0.00410022
22 0.0355785
24 0.020005
27 0.0149307
28 0.0368858
33 0.00349589
37 0.00379312
39 0.00809417
40 0.00734823
42 0.00214394
44 0.0129228
45 0.00390375
47 0.0148714
49 0.0460085
53 0.0558028
55 0.0666144
56 0.0884626
61 0.00836518
-1 -1
LEAF 1000 9
65 classes
3 0.0145086
4 0.0520133
5 0.0352394
6 0.147692
9 0.0509934
10 0.015955
11 0.0651184
13 0.0330243
15 0.0172229
16 0.00659231
17 0.137394
19 0.00701934
20 0.0224437
21 0.00379382
22 0.0512086
24 0.01234
27 0.013815
28 0.00682589
30 0.00392257
39 0.00374466
40 0.00679912
41 0.00791679
49 0.0309603
53 0.0326102
54 0.00635083
55 0.147132
56 0.0520877
61 0.0116101
62 0.00366549
-1 -1
NODE 962 5
2dots_tau0
0 2 -13 5 9
963 964 
NODE 963 6
2dots_tau0
0 -2 -13 -1 4
979 980 
NODE 979 7
2dots_tau0
0 -13 3 -14 0
987 988 
NODE 987 8
2dots_tau0
0 1 -6 7 8
991 992 
LEAF 991 9
65 classes
5 0.0539959
7 0.0600361
13 0.168673
17 0.0835408
19 0.0179258
21 0.00968854
22 0.186821
27 0.0176401
40 0.086817
45 0.0184486
47 0.0702804
49 0.00988318
53 0.0416395
54 0.0324371
55 0.142173
-1 -1
LEAF 992 9
65 classes
0 0.0558608
1 0.0610244
3 0.0303845
4 0.0181548
5 0.01476
6 0.013448
7 0.110775
10 0.0111379
11 0.0170467
13 0.0172902
14 0.0539918
17 0.178122
21 0.00794519
30 0.0164296
39 0.00784223
40 0.0996732
42 0.00830881
44 0.025041
51 0.0178425
52 0.0306409
55 0.00832787
56 0.171418
59 0.0164296
61 0.0081048
-1 -1
NODE 988 8
2dots_tau0
0 14 0 -14 11
989 990 
LEAF 989 9
65 classes
1 0.0121858
3 0.0606738
4 0.014501
5 0.0117895
7 0.0294936
10 0.0355854
11 0.027232
13 0.290021
14 0.0215629
15 0.00960334
17 0.13133
18 0.0106235
19 0.0117417
24 0.010321
27 0.0115546
28 0.0114181
39 0.00626395
40 0.0113734
44 0.0133343
47 0.0115088
49 0.00647368
50 0.0104324
52 0.0122372
54 0.0531174
55 0.126385
56 0.0124472
62 0.0367891
-1 -1
LEAF 990 9
65 classes
0 0.16171
1 0.264986
5 0.0854562
40 0.16488
47 0.166843
53 0.0659004
56 0.0902242
-1 -1
NODE 980 7
2dots_tau0
0 -4 5 -1 11
981 982 
NODE 981 8
2dots_tau0
0 5 10 -7 -1
985 986 
LEAF 985 9
65 classes
0 0.0382365
14 0.0369572
17 0.22509
20 0.0321731
21 0.0870152
22 0.0838944
40 0.0389862
52 0.0419472
53 0.124658
55 0.159611
56 0.0426673
61 0.0887633
-1 -1
LEAF 986 9
65 classes
0 0.0480639
3 0.0522871
6 0.0462838
7 0.127084
14 0.0929117
17 0.0943141
22 0.158185
44 0.0287279
53 0.0391744
55 0.200634
59 0.0565458
61 0.0557885
-1 -1
NODE 982 8
2dots_tau0
0 -3 11 -11 11
983 984 
LEAF 983 9
65 classes
4 0.0507643
5 0.0412717
12 0.0461493
16 0.038604
21 0.0222163
37 0.0411047
39 0.175427
40 0.0796302
44 0.0233399
48 0.0401298
49 0.0226626
50 0.0730421
52 0.0856781
53 0.22279
54 0.0371899
-1 -1
LEAF 984 9
65 classes
1 0.0824244
3 0.0410398
7 0.0332492
15 0.0974355
22 0.0827722
30 0.0221912
40 0.0384647
45 0.122606
47 0.0389226
51 0.0240995
53 0.215234
55 0.157476
59 0.0221912
61 0.021894
-1 -1
NODE 964 6
2dots_tau0
0 2 10 0 -3
965 966 
NODE 965 7
2dots_tau0
0 -8 -9 -13 -4
973 974 
NODE 973 8
2dots_tau0
0 -13 -13 -1 -10
977 978 
LEAF 977 9
65 classes
3 0.0183791
4 0.021963
5 0.0178561
6 0.0488067
7 0.0148902
9 0.0184563
11 0.0206226
14 0.0326588
15 0.0145451
16 0.0167019
20 0.12794
39 0.00948727
40 0.103355
41 0.0200576
44 0.0504897
45 0.109815
47 0.017431
49 0.00980493
50 0.158007
52 0.0741368
56 0.0377048
59 0.00993803
61 0.00980493
62 0.0371468
-1 -1
LEAF 978 9
65 classes
0 0.0119685
1 0.00653739
6 0.0864389
9 0.0261496
11 0.0146094
12 0.0212168
13 0.0592724
15 0.00515198
18 0.00569926
21 0.00340459
23 0.00713715
33 0.00580559
35 0.00710456
37 0.0125984
39 0.0806514
40 0.0305078
42 0.0106812
44 0.00715356
45 0.0129658
47 0.0123484
49 0.00694598
50 0.313419
52 0.150994
56 0.0734545
61 0.0277839
-1 -1
NODE 974 8
2dots_tau0
0 -4 -11 -2 1
975 976 
LEAF 975 9
65 classes
0 0.0158706
1 0.0866881
3 0.0345301
4 0.0618953
5 0.0167738
6 0.0611311
7 0.0559505
9 0.0520128
14 0.0460188
18 0.0302297
20 0.0133539
23 0.0189282
24 0.0881072
39 0.00891221
40 0.0970906
47 0.0327488
48 0.0489291
52 0.0522323
53 0.0517411
55 0.00946411
56 0.0708387
59 0.0373425
61 0.00921061
-1 -1
LEAF 976 9
65 classes
1 0.0273286
3 0.0435428
5 0.0105759
6 0.00963586
7 0.00440963
9 0.196766
10 0.0438934
11 0.00610724
12 0.0177387
14 0.00483584
18 0.00476499
19 0.0210663
20 0.00420984
21 0.00284648
30 0.00882924
37 0.00526656
39 0.0421439
40 0.0663174
44 0.0388757
45 0.124664
48 0.0411333
49 0.026133
50 0.0233964
52 0.104287
53 0.0693238
56 0.016749
59 0.0235446
61 0.0116147
-1 -1
NODE 966 7
2dots_tau0
0 -9 -3 -8 9
967 968 
NODE 967 8
2dots_tau0
0 -10 8 -2 -9
971 972 
LEAF 971 9
65 classes
0 0.0390352
7 0.0688079
14 0.150917
15 0.100819
17 0.114896
19 0.0410897
20 0.0656904
22 0.0428235
28 0.0399573
30 0.0229619
44 0.0466628
51 0.0748095
55 0.0232779
56 0.0435586
59 0.0918476
63 0.0328452
-1 -1
LEAF 972 9
65 classes
6 0.162139
12 0.0397978
15 0.0579835
17 0.0660793
18 0.128286
22 0.0369431
39 0.0756416
41 0.0399795
42 0.0601065
49 0.0390871
52 0.0369431
55 0.0803258
59 0.0594265
61 0.117261
-1 -1
NODE 968 8
2dots_tau0
0 -7 10 8 -4
969 970 
LEAF 969 9
65 classes
7 0.221151
14 0.323368
17 0.0820623
18 0.0796575
30 0.0492002
39 0.0469687
44 0.0499919
59 0.147601
-1 -1
LEAF 970 9
65 classes
6 0.0535444
7 0.0857618
14 0.0268717
15 0.0119677
16 0.109939
17 0.122748
18 0.026478
28 0.0142293
39 0.117092
42 0.0165412
44 0.249258
47 0.0143422
53 0.0226598
56 0.0155118
59 0.00817703
61 0.104878
-1 -1
NODE 898 4
2dots_tau0
0 5 0 6 -14
899 900 
NODE 899 5
2dots_tau0
0 8 13 10 2
931 932 
NODE 931 6
2dots_tau0
0 -6 -14 -13 -3
947 948 
NODE 947 7
2dots_tau0
0 5 -7 -1 9
955 956 
NODE 955 8
2dots_tau0
0 1 -1 8 9
959 960 
LEAF 959 9
65 classes
2 0.037845
42 0.0225165
46 0.65598
51 0.0241762
53 0.0925364
55 0.112841
59 0.0222618
63 0.0318437
-1 -1
LEAF 960 9
65 classes
6 0.0124433
9 0.0423492
10 0.0103058
11 0.0157733
13 0.0319972
17 0.0126781
21 0.0367582
22 0.014176
23 0.0462344
35 0.0153411
39 0.0870765
45 0.0139988
50 0.265876
53 0.0421279
55 0.0770574
56 0.230709
59 0.00760114
61 0.0374967
-1 -1
NODE 956 8
2dots_tau0
0 8 -2 13 -1
957 958 
LEAF 957 9
65 classes
35 0.34155
39 0.107703
42 0.114111
56 0.214019
61 0.222618
-1 -1
LEAF 958 9
65 classes
13 0.0525103
21 0.120647
23 0.354083
35 0.0503523
39 0.1429
50 0.079332
51 0.0541875
52 0.0465281
59 0.0748449
61 0.0246142
-1 -1
NODE 948 7
2dots_tau0
0 -4 -6 -5 0
949 950 
NODE 949 8
2dots_tau0
0 -5 3 0 13
953 954 
LEAF 953 9
65 classes
0 0.079969
7 0.0704812
14 0.154587
17 0.0784601
51 0.102172
55 0.0953759
59 0.0940812
61 0.324874
-1 -1
LEAF 954 9
65 classes
2 0.0213742
3 0.0465046
4 0.0277865
7 0.0753533
12 0.0252605
13 0.0264633
16 0.0422609
22 0.0234485
35 0.0253758
40 0.152553
42 0.0763016
44 0.0127754
48 0.0219656
49 0.0124047
51 0.0136543
55 0.0892228
56 0.0954043
59 0.0754385
61 0.136452
-1 -1
NODE 950 8
2dots_tau0
0 2 0 4 13
951 952 
LEAF 951 9
65 classes
0 0.0714923
2 0.0714923
7 0.0630101
16 0.0706768
19 0.0376275
28 0.0365905
35 0.0424383
44 0.085462
53 0.0582696
55 0.170532
59 0.14719
61 0.145219
-1 -1
LEAF 952 9
65 classes
1 0.0300285
4 0.0357339
7 0.0484527
9 0.120114
14 0.0265679
21 0.0625538
27 0.0284732
30 0.0161692
35 0.0326337
39 0.0463074
40 0.112106
45 0.0297782
48 0.0282481
51 0.0351193
53 0.0448074
59 0.0485075
61 0.239289
62 0.0151095
-1 -1
NODE 932 6
2dots_tau0
0 -4 1 2 6
933 934 
NODE 933 7
2dots_tau0
0 1 14 0 -3
941 942 
NODE 941 8
2dots_tau0
0 -4 -14 2 -9
945 946 
LEAF 945 9
65 classes
7 0.0541445
14 0.534401
21 0.0524266
35 0.0182336
42 0.0182753
48 0.0315665
51 0.215846
53 0.0751064
-1 -1
LEAF 946 9
65 classes
9 0.0443613
21 0.32344
30 0.0238869
39 0.0912138
42 0.0966407
51 0.0518821
53 0.297875
61 0.0707009
-1 -1
NODE 942 8
2dots_tau0
0 -15 -10 10 -11
943 944 
LEAF 943 9
65 classes
7 0.328903
14 0.270519
51 0.178795
55 0.166903
59 0.0548791
-1 -1
LEAF 944 9
65 classes
6 0.0451183
7 0.0412948
14 0.135858
17 0.114924
21 0.0266564
30 0.0137805
39 0.0657773
42 0.0418145
44 0.0700112
49 0.0135959
51 0.209518
55 0.153671
61 0.0679796
-1 -1
NODE 934 7
2dots_tau0
0 -3 -7 2 -1
935 936 
NODE 935 8
2dots_tau0
0 12 -10 13 -15
939 940 
LEAF 939 9
65 classes
6 0.221411
7 0.101324
13 0.0711679
14 0.0555586
35 0.0341216
50 0.2688
51 0.0367206
52 0.0630602
53 0.0468504
59 0.0676256
61 0.03336
-1 -1
LEAF 940 9
65 classes
6 0.235752
13 0.30311
14 0.236628
35 0.0484422
40 0.0832066
59 0.0480038
62 0.0448577
-1 -1
NODE 936 8
2dots_tau0
0 -10 14 -1 6
937 938 
LEAF 937 9
65 classes
2 0.0111131
5 0.0117455
7 0.0587675
9 0.109263
15 0.0191351
17 0.0981306
19 0.0935838
21 0.0252902
42 0.0066119
44 0.0332115
45 0.0601958
47 0.0114659
48 0.0228411
49 0.00644955
50 0.0207871
51 0.00709926
52 0.0121916
53 0.0905768
55 0.218693
56 0.0248017
61 0.058046
-1 -1
LEAF 938 9
65 classes
4 0.0164176
6 0.0121612
9 0.041389
11 0.0154156
13 0.0312717
15 0.0326178
16 0.0374547
19 0.0797618
21 0.0143699
23 0.0150621
39 0.134745
44 0.0528384
49 0.0293172
50 0.0708675
51 0.00806764
52 0.0138545
53 0.0205864
55 0.0903723
56 0.0422772
58 0.182418
59 0.0074288
61 0.0513051
-1 -1
NODE 900 5
2dots_tau0
0 9 -6 -12 -14
901 902 
NODE 901 6
2dots_tau0
0 -9 -9 -5 13
917 918 
NODE 917 7
2dots_tau0
0 10 -3 -9 11
925 926 
NODE 925 8
2dots_tau0
0 -6 -8 -7 -4
929 930 
LEAF 929 9
65 classes
3 0.00904089
4 0.135048
7 0.0183116
10 0.00331407
11 0.0760836
13 0.118328
14 0.0441794
17 0.00815386
19 0.00874807
21 0.198583
22 0.00455859
23 0.178412
30 0.0219988
33 0.00403129
37 0.00437404
39 0.0653366
42 0.00247228
44 0.00248365
45 0.00450161
51 0.00530903
52 0.0273516
55 0.0198236
56 0.0231843
61 0.00723473
62 0.00913646
-1 -1
LEAF 930 9
65 classes
4 0.0458164
7 0.0232965
11 0.0322651
13 0.0654521
14 0.0170321
16 0.00871035
17 0.0605123
19 0.00927459
21 0.20051
22 0.00966592
23 0.0735585
30 0.150303
33 0.00854784
39 0.0544256
40 0.0269509
42 0.00524216
44 0.00526626
45 0.00954509
51 0.0393999
55 0.0630502
56 0.00983186
59 0.00518286
61 0.0664748
62 0.00968635
-1 -1
NODE 926 8
2dots_tau0
0 -11 -12 11 15
927 928 
LEAF 927 9
65 classes
5 0.132334
22 0.13736
23 0.447995
48 0.128673
51 0.0799859
59 0.0736522
-1 -1
LEAF 928 9
65 classes
1 0.143659
5 0.138987
14 0.254206
23 0.156838
59 0.0773546
61 0.228956
-1 -1
NODE 918 7
2dots_tau0
0 10 2 -3 7
919 920 
NODE 919 8
2dots_tau0
0 3 0 0 -10
923 924 
LEAF 923 9
65 classes
1 0.0734342
2 0.00248965
3 0.00541681
4 0.00970963
7 0.00877707
9 0.0271978
11 0.0212731
14 0.0168445
16 0.00246125
17 0.00244267
19 0.0104827
21 0.0722379
23 0.00296931
27 0.00515784
30 0.162559
33 0.00241533
37 0.00524137
39 0.155186
40 0.0279231
42 0.00592502
44 0.0386897
45 0.115976
47 0.00256869
48 0.00255853
49 0.00144489
50 0.0186276
51 0.0413514
52 0.0600877
53 0.0365253
55 0.00148465
56 0.0055563
59 0.005858
61 0.0491261
-1 -1
LEAF 924 9
65 classes
1 0.0759484
2 0.0130354
3 0.00945383
4 0.0903786
7 0.0153184
11 0.0212156
13 0.00537968
14 0.0419975
17 0.00426314
21 0.103827
22 0.00953361
23 0.11401
28 0.00444777
30 0.148246
33 0.0126463
35 0.0051586
39 0.0780809
40 0.0221516
42 0.0232668
44 0.0181796
45 0.00470722
48 0.00446535
49 0.00252173
52 0.00953361
56 0.0193946
59 0.00255596
61 0.123565
62 0.0167191
-1 -1
NODE 920 8
2dots_tau0
0 -9 -13 -4 -5
921 922 
LEAF 921 9
65 classes
23 0.404515
37 0.0714042
42 0.242153
45 0.0734868
52 0.074417
53 0.0552879
61 0.0787359
-1 -1
LEAF 922 9
65 classes
2 0.115116
9 0.0628782
21 0.0327462
30 0.067715
33 0.0558396
37 0.0605871
50 0.53831
61 0.0668081
-1 -1
NODE 902 6
2dots_tau0
0 2 -11 15 -12
903 904 
NODE 903 7
2dots_tau0
0 12 -5 -11 2
911 912 
NODE 911 8
2dots_tau0
0 -12 8 14 9
915 916 
LEAF 915 9
65 classes
52 0.666197
62 0.333803
-1 -1
LEAF 916 9
65 classes
2 0.148521
3 0.323141
30 0.0582434
37 0.0521125
39 0.0278008
45 0.0536324
50 0.0463014
51 0.126504
52 0.0543113
53 0.0807009
61 0.0287317
-1 -1
NODE 912 8
2dots_tau0
0 -2 10 1 -4
913 914 
LEAF 913 9
65 classes
2 0.324193
5 0.342643
48 0.333163
-1 -1
LEAF 914 9
65 classes
2 0.212483
5 0.748584
62 0.0389327
-1 -1
NODE 904 7
2dots_tau0
0 -12 8 4 -9
905 906 
NODE 905 8
2dots_tau0
0 2 7 6 -3
909 910 
LEAF 909 9
65 classes
5 0.1459
7 0.0912492
14 0.0333563
23 0.0823196
30 0.0203005
44 0.0412544
51 0.374787
53 0.028128
59 0.182705
-1 -1
LEAF 910 9
65 classes
7 0.220757
14 0.605236
51 0.0266681
59 0.147338
-1 -1
NODE 906 8
2dots_tau0
0 -8 9 -8 15
907 908 
LEAF 907 9
65 classes
7 0.17058
21 0.0660669
23 0.046166
42 0.0230302
44 0.0231361
45 0.0419341
51 0.0247278
52 0.467115
55 0.046166
59 0.0910787
-1 -1
LEAF 908 9
65 classes
2 0.111697
3 0.0607554
4 0.108904
7 0.0738333
14 0.0269899
17 0.0273973
21 0.0953209
22 0.0306341
23 0.066608
30 0.0328519
44 0.0166903
51 0.0535155
52 0.245073
55 0.033304
59 0.016426
-1 -1
NODE 770 3
2dots_tau0
0 -1 -6 14 -9
771 772 
NODE 771 4
2dots_tau0
0 2 -2 3 -7
835 836 
NODE 835 5
2dots_tau0
0 15 -14 -7 -7
867 868 
NODE 867 6
2dots_tau0
0 3 -4 11 6
883 884 
NODE 883 7
2dots_tau0
0 14 4 -2 6
891 892 
NODE 891 8
2dots_tau0
0 0 -10 -7 -13
895 896 
LEAF 895 9
65 classes
22 0.265415
37 0.25467
49 0.14041
53 0.19719
59 0.142316
-1 -1
LEAF 896 9
65 classes
7 0.381372
59 0.254535
63 0.364093
-1 -1
NODE 892 8
2dots_tau0
0 0 9 1 -1
893 894 
LEAF 893 9
65 classes
48 0.536359
50 0.244063
63 0.219578
-1 -1
LEAF 894 9
65 classes
47 0.64
49 0.36
-1 -1
NODE 884 7
2dots_tau0
0 -5 -15 5 8
885 886 
NODE 885 8
2dots_tau0
0 0 4 -1 -8
889 890 
LEAF 889 9
65 classes
59 1
-1 -1
LEAF 890 9
65 classes
14 0.23715
23 0.29263
51 0.470221
-1 -1
NODE 886 8
2dots_tau0
0 -9 -9 2 -13
887 888 
LEAF 887 9
65 classes
59 1
-1 -1
LEAF 888 9
65 classes
23 0.324605
33 0.226323
37 0.122783
39 0.0873358
44 0.0232393
48 0.079914
51 0.0248381
52 0.0426545
59 0.0457426
61 0.022565
-1 -1
NODE 868 6
2dots_tau0
0 14 -7 -5 -7
869 870 
NODE 869 7
2dots_tau0
0 -3 10 1 -10
877 878 
NODE 877 8
2dots_tau0
0 -6 -13 -13 -10
881 882 
LEAF 881 9
65 classes
1 0.315101
23 0.34401
35 0.171219
59 0.16967
-1 -1
LEAF 882 9
65 classes
5 0.32648
22 0.338878
45 0.334642
-1 -1
NODE 878 8
2dots_tau0
0 -14 11 -13 4
879 880 
LEAF 879 9
65 classes
61 1
-1 -1
LEAF 880 9
65 classes
48 0.639087
49 0.360913
-1 -1
NODE 870 7
2dots_tau0
0 -1 10 0 6
871 872 
NODE 871 8
2dots_tau0
0 2 10 4 -2
875 876 
LEAF 875 9
65 classes
1 0.201811
3 0.6029
7 0.0271362
11 0.037583
19 0.0324096
21 0.0175168
33 0.0298701
62 0.0507728
-1 -1
LEAF 876 9
65 classes
7 0.315015
51 0.684985
-1 -1
NODE 872 8
2dots_tau0
0 -7 3 -2 15
873 874 
LEAF 873 9
65 classes
1 0.173162
44 0.378966
59 0.186482
62 0.26139
-1 -1
LEAF 874 9
65 classes
7 0.166506
12 0.22327
15 0.162647
23 0.225318
59 0.222259
-1 -1
NODE 836 5
2dots_tau0
0 -11 2 -7 3
837 838 
NODE 837 6
2dots_tau0
0 -7 -4 -1 0
853 854 
NODE 853 7
2dots_tau0
0 5 13 -3 5
861 862 
NODE 861 8
2dots_tau0
0 12 9 -12 -8
865 866 
LEAF 865 9
65 classes
23 0.858808
59 0.141192
-1 -1
LEAF 866 9
65 classes
7 0.284894
23 0.385522
40 0.329584
-1 -1
NODE 862 8
2dots_tau0
0 -2 2 1 -9
863 864 
LEAF 863 9
65 classes
7 1
-1 -1
LEAF 864 9
65 classes
0 0.320553
3 0.348718
47 0.330729
-1 -1
NODE 854 7
2dots_tau0
0 -3 7 1 11
855 856 
NODE 855 8
2dots_tau0
0 -14 -10 -9 -9
859 860 
LEAF 859 9
65 classes
5 0.197316
14 0.180445
48 0.383714
51 0.238525
-1 -1
LEAF 860 9
65 classes
23 1
-1 -1
NODE 856 8
2dots_tau0
0 2 8 -2 -4
857 858 
LEAF 857 9
65 classes
5 0.149812
6 0.136496
23 0.338109
40 0.144525
53 0.231059
-1 -1
LEAF 858 9
65 classes
-1 -1
NODE 838 6
2dots_tau0
0 6 5 -6 6
839 840 
NODE 839 7
2dots_tau0
0 -7 -13 2 3
847 848 
NODE 847 8
2dots_tau0
0 6 5 15 -2
851 852 
LEAF 851 9
65 classes
18 0.495379
33 0.504621
-1 -1
LEAF 852 9
65 classes
33 0.625698
61 0.374302
-1 -1
NODE 848 8
2dots_tau0
0 -6 -13 -12 -9
849 850 
LEAF 849 9
65 classes
33 0.674757
50 0.325243
-1 -1
LEAF 850 9
65 classes
33 0.19031
37 0.20649
40 0.200012
48 0.403187
-1 -1
NODE 840 7
2dots_tau0
0 -2 -7 0 -8
841 842 
NODE 841 8
2dots_tau0
0 -8 -6 -2 15
845 846 
LEAF 845 9
65 classes
3 0.356867
7 0.144562
33 0.318251
62 0.18032
-1 -1
LEAF 846 9
65 classes
0 0.101466
3 0.55191
13 0.125625
33 0.0492188
35 0.0602312
62 0.111549
-1 -1
NODE 842 8
2dots_tau0
0 2 7 4 11
843 844 
LEAF 843 9
65 classes
0 0.514584
19 0.135417
35 0.0763652
48 0.132205
62 0.141429
-1 -1
LEAF 844 9
65 classes
3 0.199552
7 0.161671
23 0.109388
47 0.283887
48 0.094255
62 0.151246
-1 -1
NODE 772 4
2dots_tau0
0 3 -7 -9 14
773 774 
NODE 773 5
2dots_tau0
0 9 3 -15 12
805 806 
NODE 805 6
2dots_tau0
0 -2 12 15 9
821 822 
NODE 821 7
2dots_tau0
0 -14 12 -3 -8
829 830 
NODE 829 8
2dots_tau0
0 -7 0 1 -15
833 834 
LEAF 833 9
65 classes
45 0.3383
48 0.160458
50 0.0730143
52 0.428228
-1 -1
LEAF 834 9
65 classes
9 0.072691
30 0.0391413
45 0.0720853
48 0.136763
50 0.497855
52 0.0729977
53 0.108467
-1 -1
NODE 830 8
2dots_tau0
0 5 0 9 -15
831 832 
LEAF 831 9
65 classes
0 0.242646
3 0.197975
13 0.0751047
35 0.252064
37 0.0638542
42 0.0360915
45 0.0657166
52 0.0665485
-1 -1
LEAF 832 9
65 classes
3 0.213071
33 0.342027
35 0.116265
40 0.0399404
48 0.0402561
50 0.073272
51 0.175169
-1 -1
NODE 822 7
2dots_tau0
0 1 1 -12 11
823 824 
NODE 823 8
2dots_tau0
0 -6 3 -10 -15
827 828 
LEAF 827 9
65 classes
0 0.0487928
1 0.0106606
3 0.021232
9 0.0106606
21 0.072175
23 0.0581933
30 0.200912
35 0.0810986
39 0.0383598
40 0.00994991
44 0.099156
45 0.0105718
47 0.0100684
48 0.0802285
49 0.00566345
51 0.0498718
52 0.0107056
59 0.0574033
61 0.118933
62 0.00536412
-1 -1
LEAF 828 9
65 classes
3 0.0664188
7 0.0807157
15 0.0131408
19 0.0160669
21 0.104206
23 0.0546127
30 0.00897855
35 0.0271816
37 0.0803344
39 0.0342853
44 0.0456152
48 0.0470576
50 0.0285505
51 0.204764
55 0.00910211
59 0.134678
61 0.0442915
-1 -1
NODE 824 8
2dots_tau0
0 -15 11 -8 6
825 826 
LEAF 825 9
65 classes
9 0.156545
23 0.0854532
30 0.0842933
44 0.171299
50 0.0670101
51 0.183084
59 0.210733
61 0.0415822
-1 -1
LEAF 826 9
65 classes
0 0.282072
5 0.033125
9 0.102715
44 0.0187327
48 0.0322085
50 0.117248
52 0.103149
59 0.258105
61 0.0181892
62 0.0344556
-1 -1
NODE 806 6
2dots_tau0
0 -6 -11 -6 7
807 808 
NODE 807 7
2dots_tau0
0 7 6 -4 9
815 816 
NODE 815 8
2dots_tau0
0 -6 12 -12 -13
819 820 
LEAF 819 9
65 classes
-1 -1
LEAF 820 9
65 classes
7 0.160366
24 0.168356
51 0.348708
55 0.108505
59 0.214064
-1 -1
NODE 816 8
2dots_tau0
0 -14 3 12 14
817 818 
LEAF 817 9
65 classes
7 0.256459
51 0.743541
-1 -1
LEAF 818 9
65 classes
23 0.179725
35 0.0298174
44 0.060046
51 0.641769
59 0.0886426
-1 -1
NODE 808 7
2dots_tau0
0 15 -11 9 -7
809 810 
NODE 809 8
2dots_tau0
0 0 14 -7 -11
813 814 
LEAF 813 9
65 classes
1 0.0264634
30 0.0712475
35 0.0143796
44 0.36197
47 0.0749796
48 0.0746832
50 0.0906228
51 0.0464247
59 0.128246
61 0.084352
62 0.0266312
-1 -1
LEAF 814 9
65 classes
0 0.19693
22 0.108021
30 0.0579207
59 0.637128
-1 -1
NODE 810 8
2dots_tau0
0 10 1 -11 -13
811 812 
LEAF 811 9
65 classes
0 0.146433
1 0.119977
16 0.0723814
40 0.0746522
47 0.0755409
48 0.112864
50 0.376618
59 0.0215343
-1 -1
LEAF 812 9
65 classes
22 0.471142
28 0.109902
47 0.110774
48 0.220673
53 0.0875083
-1 -1
NODE 774 5
2dots_tau0
0 -13 7 5 -8
775 776 
NODE 775 6
2dots_tau0
0 8 1 -14 6
791 792 
NODE 791 7
2dots_tau0
0 4 1 4 12
799 800 
NODE 799 8
2dots_tau0
0 6 -9 -3 -3
803 804 
LEAF 803 9
65 classes
5 0.078
7 0.32522
14 0.213993
44 0.0441104
45 0.07995
59 0.130235
61 0.128491
-1 -1
LEAF 804 9
65 classes
1 0.0582526
7 0.234985
44 0.191229
51 0.204385
59 0.125467
61 0.18568
-1 -1
NODE 800 8
2dots_tau0
0 -2 8 -4 -9
801 802 
LEAF 801 9
65 classes
0 0.0283258
7 0.0124825
9 0.0154721
13 0.087675
14 0.0684452
23 0.287156
30 0.0416556
35 0.0084072
39 0.00795324
40 0.0288812
44 0.304746
45 0.0153431
51 0.0271426
59 0.0416556
61 0.0246586
-1 -1
LEAF 802 9
65 classes
14 0.103961
23 0.769694
35 0.0319242
42 0.0319972
61 0.0624231
-1 -1
NODE 792 7
2dots_tau0
0 0 -13 1 6
793 794 
NODE 793 8
2dots_tau0
0 12 2 -11 8
797 798 
LEAF 797 9
65 classes
1 0.022738
7 0.256824
14 0.321883
23 0.0744722
42 0.13622
44 0.087084
51 0.0398893
59 0.0367307
61 0.0241592
-1 -1
LEAF 798 9
65 classes
0 0.0516579
1 0.0846495
14 0.699014
23 0.0924155
40 0.0263354
42 0.0307347
59 0.0151935
-1 -1
NODE 794 8
2dots_tau0
0 -1 2 -6 -9
795 796 
LEAF 795 9
65 classes
0 0.0548213
1 0.0698703
3 0.0298191
7 0.00805285
14 0.0971431
19 0.00961777
23 0.0108972
30 0.00537464
35 0.0162712
39 0.0102617
40 0.0279481
44 0.322206
45 0.0890846
51 0.0175105
52 0.0400943
53 0.029788
59 0.161239
-1 -1
LEAF 796 9
65 classes
0 0.15095
1 0.0235576
7 0.114035
14 0.1459
23 0.128594
30 0.0126849
35 0.0128007
40 0.0439743
44 0.012889
48 0.0221609
51 0.0275514
52 0.0473141
53 0.0175759
59 0.215643
61 0.012515
62 0.0118535
-1 -1
NODE 776 6
2dots_tau0
0 -8 -1 -13 -8
777 778 
NODE 777 7
2dots_tau0
0 -11 12 -12 -14
785 786 
NODE 785 8
2dots_tau0
0 1 4 -15 2
789 790 
LEAF 789 9
65 classes
0 0.017446
13 0.0215998
21 0.00992551
23 0.14565
30 0.266821
35 0.0414243
39 0.0195938
40 0.0889404
44 0.020855
45 0.113399
48 0.0179287
50 0.0326328
51 0.0111449
52 0.172252
59 0.0102623
61 0.0101249
-1 -1
LEAF 790 9
65 classes
30 0.252845
52 0.157183
59 0.589972
-1 -1
NODE 786 8
2dots_tau0
0 3 -8 0 -15
787 788 
LEAF 787 9
65 classes
3 0.212397
30 0.229697
44 0.116697
45 0.211512
59 0.229697
-1 -1
LEAF 788 9
65 classes
1 0.0684472
3 0.136322
21 0.0356464
22 0.0687359
23 0.0747267
35 0.0371927
40 0.127768
44 0.0748985
51 0.160102
52 0.0687359
59 0.147425
-1 -1
NODE 778 7
2dots_tau0
0 1 -5 9 -15
779 780 
NODE 779 8
2dots_tau0
0 -3 -6 -3 0
783 784 
LEAF 783 9
65 classes
3 0.787177
59 0.212823
-1 -1
LEAF 784 9
65 classes
5 0.262783
39 0.139621
51 0.158832
59 0.438764
-1 -1
NODE 780 8
2dots_tau0
0 -1 -1 -15 -7
781 782 
LEAF 781 9
65 classes
9 0.132097
30 0.142259
44 0.072274
45 0.130997
51 0.308985
59 0.213388
-1 -1
LEAF 782 9
65 classes
1 0.113085
7 0.18247
23 0.12346
30 0.0608922
35 0.0614483
44 0.061872
51 0.396772
-1 -1
NODE 514 2
2dots_tau0
0 -4 5 0 11
515 516 
NODE 515 3
2dots_tau0
0 10 3 10 15
643 644 
NODE 643 4
2dots_tau0
0 -6 4 -7 0
707 708 
NODE 707 5
2dots_tau0
0 3 7 5 6
739 740 
NODE 739 6
2dots_tau0
0 7 15 -1 -5
755 756 
NODE 755 7
2dots_tau0
0 0 11 1 -4
763 764 
NODE 763 8
2dots_tau0
0 -13 -2 11 -7
767 768 
LEAF 767 9
65 classes
6 1
-1 -1
LEAF 768 9
65 classes
0 0.297525
14 0.0958569
21 0.0282117
30 0.233353
33 0.144322
35 0.0294355
50 0.0463768
53 0.0404162
56 0.0553337
59 0.0291691
-1 -1
NODE 764 8
2dots_tau0
0 1 2 13 1
765 766 
LEAF 765 9
65 classes
-1 -1
LEAF 766 9
65 classes
0 0.0641056
6 0.0617313
14 0.123922
19 0.134959
23 0.229369
30 0.113127
37 0.0674796
39 0.0359988
41 0.0761071
51 0.040952
53 0.0522491
-1 -1
NODE 756 7
2dots_tau0
0 2 -11 -11 9
757 758 
NODE 757 8
2dots_tau0
0 -13 -7 -5 5
761 762 
LEAF 761 9
65 classes
13 0.075449
21 0.046227
23 0.0726802
28 0.020793
30 0.0119489
37 0.0427646
46 0.352095
55 0.0726802
58 0.293413
59 0.0119489
-1 -1
LEAF 762 9
65 classes
0 0.294928
3 0.0291674
6 0.0129093
12 0.0792161
21 0.0305077
22 0.0147068
23 0.0319771
30 0.00788577
33 0.195084
35 0.21486
40 0.0136687
49 0.0466809
51 0.0171278
63 0.01128
-1 -1
NODE 758 8
2dots_tau0
0 -4 -7 15 3
759 760 
LEAF 759 9
65 classes
0 0.205141
15 0.0883058
18 0.0976863
41 0.608867
-1 -1
LEAF 760 9
65 classes
0 0.040181
3 0.0437116
12 0.0474867
14 0.0388367
16 0.0397227
19 0.0845917
33 0.0779632
35 0.143111
48 0.0825855
59 0.40181
-1 -1
NODE 740 6
2dots_tau0
0 -3 -2 10 -13
741 742 
NODE 741 7
2dots_tau0
0 12 -14 -13 12
749 750 
NODE 749 8
2dots_tau0
0 12 -13 -11 6
753 754 
LEAF 753 9
65 classes
0 0.0563564
14 0.0272354
17 0.0829396
27 0.116754
32 0.0163534
33 0.0273371
35 0.0501803
41 0.100361
42 0.0670602
48 0.0289578
49 0.245301
55 0.0840176
59 0.0497262
63 0.0474196
-1 -1
LEAF 754 9
65 classes
5 0.153401
41 0.172314
48 0.298314
49 0.168468
59 0.0853773
63 0.122125
-1 -1
NODE 750 8
2dots_tau0
0 -14 11 9 -5
751 752 
LEAF 751 9
65 classes
0 0.26528
1 0.11592
6 0.0510909
14 0.0512808
18 0.202118
19 0.0558483
22 0.0582048
51 0.169466
61 0.0307914
-1 -1
LEAF 752 9
65 classes
0 0.0871185
5 0.0460382
6 0.0838919
12 0.257396
15 0.0750027
19 0.0458519
27 0.0902423
28 0.0445882
33 0.042259
41 0.155143
45 0.0471892
49 0.0252799
-1 -1
NODE 742 7
2dots_tau0
0 -3 0 -13 9
743 744 
NODE 743 8
2dots_tau0
0 11 15 8 3
747 748 
LEAF 747 9
65 classes
14 0.12469
30 0.227659
42 0.153509
45 0.419272
61 0.0748699
-1 -1
LEAF 748 9
65 classes
0 0.0376659
4 0.0163219
11 0.0153257
13 0.0621787
14 0.048541
19 0.0264322
21 0.00714306
33 0.024361
35 0.111794
39 0.0211515
42 0.388439
45 0.0272032
49 0.145731
59 0.0295419
62 0.0276058
63 0.0105643
-1 -1
NODE 744 8
2dots_tau0
0 -3 10 -9 0
745 746 
LEAF 745 9
65 classes
1 0.0440379
3 0.0438536
9 0.308265
23 0.048078
35 0.0717878
45 0.0436709
49 0.140371
54 0.230352
59 0.0474254
62 0.0221586
-1 -1
LEAF 746 9
65 classes
0 0.0478274
1 0.0522484
7 0.0843058
14 0.138682
17 0.046925
19 0.201378
45 0.051813
49 0.0277569
52 0.0524688
53 0.155926
59 0.140669
-1 -1
NODE 708 5
2dots_tau0
0 -12 12 -12 -3
709 710 
NODE 709 6
2dots_tau0
0 -10 -14 12 0
725 726 
NODE 725 7
2dots_tau0
0 12 -15 5 -13
733 734 
NODE 733 8
2dots_tau0
0 -5 -14 2 -8
737 738 
LEAF 737 9
65 classes
5 0.719178
13 0.280822
-1 -1
LEAF 738 9
65 classes
5 0.642442
59 0.357558
-1 -1
NODE 734 8
2dots_tau0
0 -11 -2 -1 7
735 736 
LEAF 735 9
65 classes
1 0.66573
52 0.33427
-1 -1
LEAF 736 9
65 classes
13 0.527852
41 0.25308
48 0.219069
-1 -1
NODE 726 7
2dots_tau0
0 -8 6 -5 10
727 728 
NODE 727 8
2dots_tau0
0 0 4 7 8
731 732 
LEAF 731 9
65 classes
0 0.0435099
6 0.0418985
19 0.229
20 0.0366103
35 0.0516556
42 0.181208
49 0.0252513
51 0.0833851
55 0.0259463
59 0.281535
-1 -1
LEAF 732 9
65 classes
6 0.174259
9 0.0282412
17 0.101455
18 0.0246205
19 0.0544243
21 0.0147077
32 0.0450094
41 0.0306913
42 0.353758
50 0.0483554
51 0.033029
55 0.0154161
59 0.0760339
-1 -1
NODE 728 8
2dots_tau0
0 11 -4 4 -10
729 730 
LEAF 729 9
65 classes
5 0.0249827
12 0.0279352
13 0.146327
20 0.0994458
30 0.0139044
35 0.0561256
41 0.0280628
42 0.478159
49 0.0274364
51 0.0151001
55 0.0140958
59 0.0417133
61 0.0137182
62 0.0129931
-1 -1
LEAF 730 9
65 classes
0 0.0975043
13 0.603598
18 0.185723
49 0.113175
-1 -1
NODE 710 6
2dots_tau0
0 -2 11 8 -3
711 712 
NODE 711 7
2dots_tau0
0 -2 0 -12 2
719 720 
NODE 719 8
2dots_tau0
0 -12 -5 13 14
723 724 
LEAF 723 9
65 classes
10 0.171085
21 0.366129
33 0.208111
35 0.254675
-1 -1
LEAF 724 9
65 classes
18 0.461444
27 0.250944
35 0.287612
-1 -1
NODE 720 8
2dots_tau0
0 8 4 0 -4
721 722 
LEAF 721 9
65 classes
59 1
-1 -1
LEAF 722 9
65 classes
51 0.265785
59 0.734215
-1 -1
NODE 712 7
2dots_tau0
0 -15 -12 -13 -14
713 714 
NODE 713 8
2dots_tau0
0 -13 8 5 4
717 718 
LEAF 717 9
65 classes
4 0.148446
14 0.220738
19 0.360598
35 0.0677836
55 0.0680945
59 0.13434
-1 -1
LEAF 718 9
65 classes
0 0.0844639
4 0.0219606
5 0.0178542
6 0.0488013
11 0.103101
13 0.0627446
15 0.116348
17 0.016574
19 0.0355637
21 0.00961077
27 0.0174985
33 0.0163885
35 0.0200553
39 0.0189724
40 0.017224
42 0.251265
45 0.0183005
48 0.0173602
49 0.0392154
51 0.0215829
54 0.0160884
59 0.00993693
61 0.00980384
62 0.00928567
-1 -1
NODE 714 8
2dots_tau0
0 -15 8 8 -9
715 716 
LEAF 715 9
65 classes
15 0.369557
19 0.542217
48 0.0882263
-1 -1
LEAF 716 9
65 classes
0 0.0368508
4 0.023953
10 0.102866
11 0.0449822
12 0.0653264
13 0.182499
19 0.0387903
21 0.0209654
35 0.0218749
39 0.0517344
41 0.0218749
42 0.295987
45 0.0199608
48 0.0378704
50 0.0344648
-1 -1
NODE 644 4
2dots_tau0
0 -12 7 -8 0
645 646 
NODE 645 5
2dots_tau0
0 -12 12 -10 0
677 678 
NODE 677 6
2dots_tau0
0 10 7 3 -10
693 694 
NODE 693 7
2dots_tau0
0 -10 -6 -11 -7
701 702 
NODE 701 8
2dots_tau0
0 2 -11 -11 -10
705 706 
LEAF 705 9
65 classes
6 0.397999
9 0.225756
35 0.122671
51 0.132014
59 0.121561
-1 -1
LEAF 706 9
65 classes
14 0.352496
41 0.432975
59 0.214528
-1 -1
NODE 702 8
2dots_tau0
0 13 -6 10 6
703 704 
LEAF 703 9
65 classes
9 0.42851
14 0.252752
15 0.112567
16 0.129259
59 0.0769121
-1 -1
LEAF 704 9
65 classes
6 0.153657
18 0.455905
24 0.295284
55 0.0951545
-1 -1
NODE 694 7
2dots_tau0
0 -10 -8 13 -11
695 696 
NODE 695 8
2dots_tau0
0 9 14 11 3
699 700 
LEAF 699 9
65 classes
0 0.186579
6 0.179668
51 0.476761
63 0.156992
-1 -1
LEAF 700 9
65 classes
-1 -1
NODE 696 8
2dots_tau0
0 5 -4 -14 3
697 698 
LEAF 697 9
65 classes
0 0.363438
39 0.20409
49 0.316386
51 0.116086
-1 -1
LEAF 698 9
65 classes
22 0.7745
51 0.2255
-1 -1
NODE 678 6
2dots_tau0
0 -10 0 -13 3
679 680 
NODE 679 7
2dots_tau0
0 13 -12 -10 8
687 688 
NODE 687 8
2dots_tau0
0 -1 -7 6 0
691 692 
LEAF 691 9
65 classes
33 1
-1 -1
LEAF 692 9
65 classes
0 1
-1 -1
NODE 688 8
2dots_tau0
0 8 9 -12 15
689 690 
LEAF 689 9
65 classes
0 0.478958
3 0.521042
-1 -1
LEAF 690 9
65 classes
45 1
-1 -1
NODE 680 7
2dots_tau0
0 0 15 7 -2
681 682 
NODE 681 8
2dots_tau0
0 -11 9 -8 -8
685 686 
LEAF 685 9
65 classes
51 1
-1 -1
LEAF 686 9
65 classes
-1 -1
NODE 682 8
2dots_tau0
0 1 -15 0 2
683 684 
LEAF 683 9
65 classes
6 0.531925
22 0.302995
44 0.16508
-1 -1
LEAF 684 9
65 classes
35 0.505643
49 0.494357
-1 -1
NODE 646 5
2dots_tau0
0 -15 2 -4 -7
647 648 
NODE 647 6
2dots_tau0
0 -4 -9 9 11
663 664 
NODE 663 7
2dots_tau0
0 1 -5 -13 8
671 672 
NODE 671 8
2dots_tau0
0 -5 9 15 2
675 676 
LEAF 675 9
65 classes
42 1
-1 -1
LEAF 676 9
65 classes
42 0.801814
59 0.198186
-1 -1
NODE 672 8
2dots_tau0
0 -15 14 2 -8
673 674 
LEAF 673 9
65 classes
-1 -1
LEAF 674 9
65 classes
-1 -1
NODE 664 7
2dots_tau0
0 8 4 0 -12
665 666 
NODE 665 8
2dots_tau0
0 5 4 -3 9
669 670 
LEAF 669 9
65 classes
19 0.375728
30 0.209965
61 0.414307
-1 -1
LEAF 670 9
65 classes
0 0.188001
33 0.182389
45 0.203668
49 0.109108
52 0.206246
59 0.110589
-1 -1
NODE 666 8
2dots_tau0
0 6 7 7 -2
667 668 
LEAF 667 9
65 classes
33 1
-1 -1
LEAF 668 9
65 classes
-1 -1
NODE 648 6
2dots_tau0
0 -6 -11 -6 4
649 650 
NODE 649 7
2dots_tau0
0 -3 -14 -6 2
657 658 
NODE 657 8
2dots_tau0
0 -5 0 -9 11
661 662 
LEAF 661 9
65 classes
13 0.193857
21 0.178162
27 0.162191
42 0.46579
-1 -1
LEAF 662 9
65 classes
-1 -1
NODE 658 8
2dots_tau0
0 -13 -10 -3 0
659 660 
LEAF 659 9
65 classes
-1 -1
LEAF 660 9
65 classes
27 0.267517
35 0.306606
62 0.425878
-1 -1
NODE 650 7
2dots_tau0
0 10 8 -8 1
651 652 
NODE 651 8
2dots_tau0
0 14 -8 9 5
655 656 
LEAF 655 9
65 classes
12 0.14804
19 0.131858
21 0.2138
30 0.0736852
35 0.0743581
39 0.140686
41 0.148716
62 0.068856
-1 -1
LEAF 656 9
65 classes
21 0.423252
33 0.36087
49 0.215878
-1 -1
NODE 652 8
2dots_tau0
0 -6 14 14 -7
653 654 
LEAF 653 9
65 classes
0 0.141888
3 0.154355
12 0.167685
27 0.0734876
28 0.0726196
62 0.389966
-1 -1
LEAF 654 9
65 classes
0 0.224229
3 0.0609827
19 0.0590076
27 0.522605
41 0.0665519
51 0.0358105
62 0.0308137
-1 -1
NODE 516 3
2dots_tau0
0 -7 -11 11 -10
517 518 
NODE 517 4
2dots_tau0
0 -8 -5 2 0
581 582 
NODE 581 5
2dots_tau0
0 9 7 8 -9
613 614 
NODE 613 6
2dots_tau0
0 -7 -2 -9 8
629 630 
NODE 629 7
2dots_tau0
0 2 5 8 -5
637 638 
NODE 637 8
2dots_tau0
0 -11 11 -10 9
641 642 
LEAF 641 9
65 classes
3 0.617438
18 0.0900901
19 0.0995733
40 0.192899
-1 -1
LEAF 642 9
65 classes
0 0.0308434
1 0.0673889
3 0.536855
35 0.0732354
40 0.0943444
41 0.146471
62 0.0508622
-1 -1
NODE 638 8
2dots_tau0
0 -9 -3 0 -6
639 640 
LEAF 639 9
65 classes
1 0.0696539
3 0.0693624
19 0.0671159
35 0.0378485
40 0.0650103
45 0.414441
48 0.0655242
52 0.139896
56 0.0711486
-1 -1
LEAF 640 9
65 classes
45 0.437799
52 0.443341
59 0.11886
-1 -1
NODE 630 7
2dots_tau0
0 -9 13 -11 -9
631 632 
NODE 631 8
2dots_tau0
0 11 13 -4 -8
635 636 
LEAF 635 9
65 classes
35 0.148483
40 0.637602
61 0.145168
62 0.0687477
-1 -1
LEAF 636 9
65 classes
1 0.281304
40 0.26255
42 0.153204
59 0.302942
-1 -1
NODE 632 8
2dots_tau0
0 6 14 -15 -12
633 634 
LEAF 633 9
65 classes
3 0.284938
19 0.27571
52 0.287343
61 0.152009
-1 -1
LEAF 634 9
65 classes
3 0.497899
52 0.502101
-1 -1
NODE 614 6
2dots_tau0
0 -6 0 15 0
615 616 
NODE 615 7
2dots_tau0
0 5 -12 6 -7
623 624 
NODE 623 8
2dots_tau0
0 3 0 15 -1
627 628 
LEAF 627 9
65 classes
62 1
-1 -1
LEAF 628 9
65 classes
3 0.449602
5 0.436809
62 0.113589
-1 -1
NODE 624 8
2dots_tau0
0 9 -5 1 -4
625 626 
LEAF 625 9
65 classes
0 1
-1 -1
LEAF 626 9
65 classes
0 1
-1 -1
NODE 616 7
2dots_tau0
0 5 0 4 0
617 618 
NODE 617 8
2dots_tau0
0 13 10 -3 -9
621 622 
LEAF 621 9
65 classes
52 0.852808
56 0.0963832
59 0.0508084
-1 -1
LEAF 622 9
65 classes
0 0.463644
33 0.149935
52 0.169546
53 0.125964
59 0.0909106
-1 -1
NODE 618 8
2dots_tau0
0 -3 5 0 0
619 620 
LEAF 619 9
65 classes
0 0.732235
52 0.267765
-1 -1
LEAF 620 9
65 classes
30 0.0821925
45 0.151371
52 0.766436
-1 -1
NODE 582 5
2dots_tau0
0 -2 -13 3 1
583 584 
NODE 583 6
2dots_tau0
0 -8 -13 -12 -9
599 600 
NODE 599 7
2dots_tau0
0 -12 -4 9 13
607 608 
NODE 607 8
2dots_tau0
0 9 -8 7 4
611 612 
LEAF 611 9
65 classes
0 0.302389
12 0.178684
13 0.187193
52 0.331734
-1 -1
LEAF 612 9
65 classes
37 0.638889
42 0.361111
-1 -1
NODE 608 8
2dots_tau0
0 -4 -13 -13 -6
609 610 
LEAF 609 9
65 classes
3 0.240811
11 0.0900686
27 0.0764327
33 0.0715843
37 0.310682
51 0.0471366
52 0.0809477
56 0.0823373
-1 -1
LEAF 610 9
65 classes
18 0.598529
51 0.401471
-1 -1
NODE 600 7
2dots_tau0
0 5 10 10 -3
601 602 
NODE 601 8
2dots_tau0
0 -5 -11 14 -15
605 606 
LEAF 605 9
65 classes
6 0.408724
7 0.187043
18 0.404233
-1 -1
LEAF 606 9
65 classes
6 0.602649
18 0.397351
-1 -1
NODE 602 8
2dots_tau0
0 0 -6 11 -9
603 604 
LEAF 603 9
65 classes
6 0.525952
51 0.174456
52 0.299593
-1 -1
LEAF 604 9
65 classes
56 1
-1 -1
NODE 584 6
2dots_tau0
0 -2 -2 2 -12
585 586 
NODE 585 7
2dots_tau0
0 10 -12 7 -1
593 594 
NODE 593 8
2dots_tau0
0 12 -14 -2 0
597 598 
LEAF 597 9
65 classes
-1 -1
LEAF 598 9
65 classes
-1 -1
NODE 594 8
2dots_tau0
0 -5 -4 -4 0
595 596 
LEAF 595 9
65 classes
0 0.17654
6 0.425003
12 0.104319
18 0.0840665
49 0.153684
51 0.0563886
-1 -1
LEAF 596 9
65 classes
6 0.0979965
11 0.0621104
12 0.240537
16 0.0503024
17 0.0499227
20 0.085628
47 0.0524981
49 0.206711
51 0.0975149
56 0.0567791
-1 -1
NODE 586 7
2dots_tau0
0 -1 -15 6 -5
587 588 
NODE 587 8
2dots_tau0
0 6 14 8 -1
591 592 
LEAF 591 9
65 classes
6 0.502762
18 0.497238
-1 -1
LEAF 592 9
65 classes
0 0.0552999
6 0.745525
12 0.130709
13 0.0684666
-1 -1
NODE 588 8
2dots_tau0
0 -2 6 -5 -14
589 590 
LEAF 589 9
65 classes
6 0.205989
11 0.0870377
12 0.589878
37 0.0375284
56 0.0795666
-1 -1
LEAF 590 9
65 classes
4 0.105569
6 0.312797
35 0.0482049
37 0.170962
56 0.362468
-1 -1
NODE 518 4
2dots_tau0
0 -10 -6 12 3
519 520 
NODE 519 5
2dots_tau0
0 -6 -1 -5 -4
551 552 
NODE 551 6
2dots_tau0
0 -1 -5 -6 13
567 568 
NODE 567 7
2dots_tau0
0 -10 -4 4 -2
575 576 
NODE 575 8
2dots_tau0
0 -3 1 -8 -5
579 580 
LEAF 579 9
65 classes
19 0.684547
33 0.315453
-1 -1
LEAF 580 9
65 classes
-1 -1
NODE 576 8
2dots_tau0
0 15 1 14 -6
577 578 
LEAF 577 9
65 classes
35 0.360584
37 0.639416
-1 -1
LEAF 578 9
65 classes
11 0.140695
13 0.142705
33 0.223643
37 0.121328
47 0.237842
49 0.133786
-1 -1
NODE 568 7
2dots_tau0
0 -14 -1 -2 6
569 570 
NODE 569 8
2dots_tau0
0 14 7 -9 8
573 574 
LEAF 573 9
65 classes
-1 -1
LEAF 574 9
65 classes
0 0.14565
9 0.159113
14 0.140777
20 0.122553
35 0.172918
42 0.173313
59 0.0856763
-1 -1
NODE 570 8
2dots_tau0
0 -3 -2 14 13
571 572 
LEAF 571 9
65 classes
15 0.326557
30 0.223123
35 0.45032
-1 -1
LEAF 572 9
65 classes
-1 -1
NODE 552 6
2dots_tau0
0 -1 -9 14 5
553 554 
NODE 553 7
2dots_tau0
0 -14 11 1 -13
561 562 
NODE 561 8
2dots_tau0
0 14 -11 0 12
565 566 
LEAF 565 9
65 classes
20 0.124876
22 0.162814
23 0.177004
30 0.0873005
42 0.353198
51 0.0948079
-1 -1
LEAF 566 9
65 classes
22 0.265561
41 0.287388
47 0.249754
53 0.197298
-1 -1
NODE 562 8
2dots_tau0
0 -11 -2 1 9
563 564 
LEAF 563 9
65 classes
4 0.202608
11 0.190243
21 0.354675
28 0.159534
55 0.0929396
-1 -1
LEAF 564 9
65 classes
0 0.202893
6 0.0325631
13 0.209334
21 0.115432
33 0.295255
35 0.0200731
37 0.0355953
40 0.0344786
48 0.0347511
49 0.0196251
-1 -1
NODE 554 7
2dots_tau0
0 1 4 -9 15
555 556 
NODE 555 8
2dots_tau0
0 -13 -15 -4 14
559 560 
LEAF 559 9
65 classes
59 1
-1 -1
LEAF 560 9
65 classes
21 0.358146
40 0.641854
-1 -1
NODE 556 8
2dots_tau0
0 -10 15 0 11
557 558 
LEAF 557 9
65 classes
22 0.503145
45 0.496855
-1 -1
LEAF 558 9
65 classes
59 1
-1 -1
NODE 520 5
2dots_tau0
0 -12 -2 -13 -7
521 522 
NODE 521 6
2dots_tau0
0 14 10 5 5
537 538 
NODE 537 7
2dots_tau0
0 11 -11 1 -4
545 546 
NODE 545 8
2dots_tau0
0 5 -12 8 4
549 550 
LEAF 549 9
65 classes
1 0.127629
3 0.0423651
4 0.253132
12 0.046024
27 0.0403397
30 0.0687236
33 0.0377809
35 0.0693512
40 0.198535
51 0.0497556
56 0.0434561
59 0.0229079
-1 -1
LEAF 550 9
65 classes
1 0.0918127
3 0.0914286
9 0.160672
12 0.0248312
19 0.132701
21 0.0239075
23 0.025059
33 0.0203838
35 0.0249446
40 0.128538
45 0.204857
48 0.0215923
49 0.0121939
59 0.0370782
-1 -1
NODE 546 8
2dots_tau0
0 -8 -3 -9 0
547 548 
LEAF 547 9
65 classes
32 0.107885
33 0.180345
35 0.110348
37 0.391355
49 0.107885
62 0.102183
-1 -1
LEAF 548 9
65 classes
20 0.058909
22 0.153611
32 0.0812628
37 0.368479
48 0.215844
49 0.121894
-1 -1
NODE 538 7
2dots_tau0
0 0 8 -1 15
539 540 
NODE 539 8
2dots_tau0
0 -4 0 4 -12
543 544 
LEAF 543 9
65 classes
3 0.04205
6 0.018611
9 0.401154
12 0.0685224
15 0.016639
16 0.0191064
18 0.0184065
19 0.0610321
30 0.0227375
33 0.0749997
35 0.0229451
40 0.0394116
45 0.167499
62 0.0106236
63 0.0162621
-1 -1
LEAF 544 9
65 classes
0 0.0555354
1 0.0346679
2 0.00793362
6 0.00763979
9 0.104004
12 0.131265
13 0.00982258
16 0.0156863
18 0.0151117
19 0.0250536
20 0.00667554
21 0.0451366
30 0.00933368
33 0.223207
35 0.0235473
37 0.0835118
39 0.00445517
40 0.0242676
41 0.0376757
45 0.0257843
48 0.0244594
53 0.00646628
56 0.0177059
62 0.0610537
-1 -1
NODE 540 8
2dots_tau0
0 7 -13 2 11
541 542 
LEAF 541 9
65 classes
1 0.162389
3 0.129368
9 0.129911
19 0.125178
20 0.0250153
21 0.016914
30 0.0349761
35 0.0176478
40 0.0909379
42 0.0353763
44 0.0177695
45 0.0322072
47 0.0306735
49 0.0862692
62 0.0653676
-1 -1
LEAF 542 9
65 classes
0 0.0128247
1 0.0700511
3 0.0558064
9 0.196143
12 0.0151565
14 0.0123957
18 0.012214
19 0.0134997
28 0.0131277
30 0.0377198
32 0.0297717
33 0.124419
35 0.00761285
37 0.134997
40 0.0523048
41 0.0304514
45 0.0972542
48 0.0131796
52 0.0140693
56 0.0143109
61 0.00744293
62 0.0352477
-1 -1
NODE 522 6
2dots_tau0
0 -8 9 4 10
523 524 
NODE 523 7
2dots_tau0
0 -3 9 -12 1
531 532 
NODE 531 8
2dots_tau0
0 13 7 7 14
535 536 
LEAF 535 9
65 classes
0 0.0321454
1 0.175584
13 0.0397991
19 0.101512
20 0.0540958
30 0.0567272
42 0.0765016
47 0.0663318
48 0.0330348
49 0.0186558
53 0.1572
54 0.153073
62 0.0353395
-1 -1
LEAF 536 9
65 classes
9 0.0585545
12 0.0633453
42 0.510241
45 0.232266
48 0.0550828
54 0.0510475
62 0.0294629
-1 -1
NODE 532 8
2dots_tau0
0 3 0 14 -7
533 534 
LEAF 533 9
65 classes
1 0.534247
18 0.465753
-1 -1
LEAF 534 9
65 classes
1 0.112108
9 0.112108
14 0.0991881
35 0.0609169
40 0.0523168
42 0.274753
45 0.111173
52 0.0562903
55 0.0305981
59 0.0905484
-1 -1
NODE 524 7
2dots_tau0
0 8 15 -9 -5
525 526 
NODE 525 8
2dots_tau0
0 -10 2 -4 -7
529 530 
LEAF 529 9
65 classes
1 0.163213
5 0.0451158
9 0.116581
12 0.0252238
19 0.0224666
30 0.0376646
33 0.103531
37 0.179733
40 0.087047
41 0.050678
44 0.0127569
45 0.0231219
47 0.0220208
48 0.0219338
52 0.0234145
53 0.0173958
56 0.0238165
59 0.0125549
62 0.011732
-1 -1
LEAF 530 9
65 classes
1 0.035751
3 0.00890036
4 0.0319078
5 0.00864709
6 0.0787846
11 0.0499339
12 0.154704
13 0.0101295
15 0.00704366
18 0.0467513
21 0.00465467
23 0.0195155
28 0.0418737
33 0.0714353
35 0.0194263
37 0.0258363
39 0.00918871
40 0.0333676
41 0.00971317
42 0.0048677
45 0.0354531
48 0.0168157
49 0.0142445
50 0.0459105
51 0.0052265
52 0.0179509
54 0.0467513
55 0.00975773
56 0.0365182
62 0.0989388
-1 -1
NODE 526 8
2dots_tau0
0 0 3 -8 -14
527 528 
LEAF 527 9
65 classes
1 0.090234
3 0.0224641
4 0.0536892
11 0.126031
12 0.29285
21 0.0822374
33 0.100167
35 0.0245156
37 0.0434731
40 0.0210546
41 0.0490313
48 0.021221
50 0.0193127
54 0.0196664
62 0.0340524
-1 -1
LEAF 528 9
65 classes
0 0.0273459
1 0.298737
4 0.0710993
11 0.03338
13 0.0338568
21 0.0777892
23 0.0326144
33 0.0265296
37 0.115141
39 0.0153562
40 0.223057
62 0.0450947
-1 -1
NODE 2 1
2dots_tau0
0 3 -14 3 4
3 4 
NODE 3 2
2dots_tau0
0 -12 9 14 7
259 260 
NODE 259 3
2dots_tau0
0 1 -14 7 -14
387 388 
NODE 387 4
2dots_tau0
0 1 -10 -7 8
451 452 
NODE 451 5
2dots_tau0
0 -14 4 2 -8
483 484 
NODE 483 6
2dots_tau0
0 0 -9 2 -7
499 500 
NODE 499 7
2dots_tau0
0 0 -3 -13 14
507 508 
NODE 507 8
2dots_tau0
0 4 14 -9 14
511 512 
LEAF 511 9
65 classes
1 0.160177
22 0.321707
32 0.0850943
35 0.0870371
42 0.0872363
59 0.258748
-1 -1
LEAF 512 9
65 classes
17 0.0715083
22 0.799566
32 0.0422985
35 0.0432642
42 0.0433632
-1 -1
NODE 508 8
2dots_tau0
0 -11 5 -11 13
509 510 
LEAF 509 9
65 classes
5 0.576186
17 0.267437
44 0.0814607
62 0.0749163
-1 -1
LEAF 510 9
65 classes
1 0.0308151
3 0.0306861
5 0.357756
14 0.109056
19 0.178154
22 0.0928353
28 0.028874
30 0.0829637
42 0.0167826
51 0.0720785
-1 -1
NODE 500 7
2dots_tau0
0 5 0 -15 -14
501 502 
NODE 501 8
2dots_tau0
0 1 -1 -8 -13
505 506 
LEAF 505 9
65 classes
2 0.055561
14 0.161106
17 0.109025
22 0.548577
27 0.0575533
30 0.032683
51 0.0354935
-1 -1
LEAF 506 9
65 classes
3 0.649045
59 0.350954
-1 -1
NODE 502 8
2dots_tau0
0 -6 -14 -12 -2
503 504 
LEAF 503 9
65 classes
14 0.448205
42 0.551795
-1 -1
LEAF 504 9
65 classes
5 0.37756
22 0.195949
32 0.207321
51 0.114103
59 0.105068
-1 -1
NODE 484 6
2dots_tau0
0 13 1 2 9
485 486 
NODE 485 7
2dots_tau0
0 15 7 9 7
493 494 
NODE 493 8
2dots_tau0
0 6 -14 -15 4
497 498 
LEAF 497 9
65 classes
2 0.0199933
7 0.0176212
14 0.0193244
16 0.0197652
28 0.0409312
35 0.0118682
46 0.34655
47 0.082512
48 0.164372
49 0.104429
51 0.0127721
53 0.0162955
55 0.0476904
59 0.0117608
63 0.0841142
-1 -1
LEAF 498 9
65 classes
20 0.0433338
42 0.030641
47 0.797032
51 0.0986988
59 0.0302944
-1 -1
NODE 494 8
2dots_tau0
0 -12 5 -9 0
495 496 
LEAF 495 9
65 classes
0 0.0292839
11 0.0357456
17 0.229851
18 0.0278894
19 0.0308251
20 0.0739205
37 0.0616503
42 0.0174229
47 0.151068
48 0.0300941
49 0.203941
51 0.0187071
53 0.0477355
59 0.0172258
63 0.0246402
-1 -1
LEAF 496 9
65 classes
4 0.0522128
5 0.0424494
12 0.237331
20 0.168974
33 0.0389648
37 0.0845552
42 0.11948
47 0.0414387
48 0.0825499
49 0.0233093
51 0.0513148
59 0.0236257
63 0.0337947
-1 -1
NODE 486 7
2dots_tau0
0 11 8 -8 -3
487 488 
NODE 487 8
2dots_tau0
0 15 2 -14 -15
491 492 
LEAF 491 9
65 classes
1 0.0314399
2 0.0287796
3 0.0626166
5 0.0304174
12 0.0680244
27 0.149058
35 0.0341675
37 0.0908828
47 0.178159
48 0.118303
49 0.0167024
53 0.0703701
63 0.121079
-1 -1
LEAF 492 9
65 classes
0 0.0104119
2 0.0104119
3 0.0226535
5 0.0660266
18 0.109077
20 0.0175216
22 0.0114223
27 0.161778
33 0.0101011
35 0.0494446
37 0.0986389
41 0.0247223
47 0.171879
48 0.0107
49 0.0181278
53 0.0763756
62 0.0343394
63 0.0963689
-1 -1
NODE 488 8
2dots_tau0
0 10 -4 -14 -7
489 490 
LEAF 489 9
65 classes
0 0.134115
1 0.0266386
5 0.0128861
11 0.0148826
12 0.129681
19 0.012834
20 0.0820709
27 0.164183
33 0.0118283
35 0.101324
37 0.0770038
40 0.0124313
42 0.014508
45 0.0132083
47 0.0503173
48 0.0125296
49 0.0141517
53 0.0198745
59 0.00717192
62 0.0268075
63 0.0615532
-1 -1
LEAF 490 9
65 classes
3 0.0232472
5 0.0451713
18 0.0814077
20 0.0539425
27 0.110679
35 0.0634255
41 0.380553
47 0.0220479
51 0.0136513
52 0.0234434
62 0.16445
63 0.0179808
-1 -1
NODE 452 5
2dots_tau0
0 7 -10 -13 13
453 454 
NODE 453 6
2dots_tau0
0 5 2 -11 1
469 470 
NODE 469 7
2dots_tau0
0 15 -4 -6 11
477 478 
NODE 477 8
2dots_tau0
0 3 15 -15 6
481 482 
LEAF 481 9
65 classes
-1 -1
LEAF 482 9
65 classes
35 0.536017
48 0.463983
-1 -1
NODE 478 8
2dots_tau0
0 -4 -3 11 4
479 480 
LEAF 479 9
65 classes
18 0.136583
27 0.0742772
35 0.255392
40 0.146224
41 0.0851305
47 0.0739825
48 0.14738
49 0.0416152
62 0.0394156
-1 -1
LEAF 480 9
65 classes
1 0.0678636
27 0.0321744
35 0.0921891
40 0.0316697
47 0.0640934
48 0.606481
53 0.0759476
54 0.0295816
-1 -1
NODE 470 7
2dots_tau0
0 -3 -13 4 -9
471 472 
NODE 471 8
2dots_tau0
0 1 11 -13 -11
475 476 
LEAF 475 9
65 classes
1 0.289462
18 0.126176
19 0.139457
35 0.235931
48 0.13615
62 0.0728244
-1 -1
LEAF 476 9
65 classes
1 0.515275
48 0.484725
-1 -1
NODE 472 8
2dots_tau0
0 7 14 8 -13
473 474 
LEAF 473 9
65 classes
5 0.264934
48 0.257603
54 0.477463
-1 -1
LEAF 474 9
65 classes
19 0.246265
22 0.513311
48 0.240424
-1 -1
NODE 454 6
2dots_tau0
0 -9 13 12 4
455 456 
NODE 455 7
2dots_tau0
0 13 14 -10 7
463 464 
NODE 463 8
2dots_tau0
0 1 -7 11 -10
467 468 
LEAF 467 9
65 classes
5 0.0540974
7 0.135335
19 0.107757
28 0.0523936
41 0.060767
48 0.473406
59 0.0301085
63 0.0861357
-1 -1
LEAF 468 9
65 classes
51 1
-1 -1
NODE 464 8
2dots_tau0
0 -10 -7 15 9
465 466 
LEAF 465 9
65 classes
0 0.0273966
1 0.179574
5 0.0289557
19 0.057677
22 0.150276
28 0.0280437
30 0.225619
35 0.0162628
40 0.111735
41 0.0325256
47 0.0282663
51 0.0525045
62 0.0150594
63 0.0461042
-1 -1
LEAF 466 9
65 classes
14 0.37804
19 0.0588159
22 0.183893
40 0.0569707
47 0.115298
48 0.114842
62 0.0921408
-1 -1
NODE 456 7
2dots_tau0
0 9 3 7 -6
457 458 
NODE 457 8
2dots_tau0
0 2 -6 -14 -4
461 462 
LEAF 461 9
65 classes
5 0.172223
19 0.171526
40 0.166145
48 0.334916
54 0.15519
-1 -1
LEAF 462 9
65 classes
7 0.445489
22 0.554511
-1 -1
NODE 458 8
2dots_tau0
0 -7 0 -5 0
459 460 
LEAF 459 9
65 classes
35 0.413655
63 0.586345
-1 -1
LEAF 460 9
65 classes
1 1
-1 -1
NODE 388 4
2dots_tau0
0 -4 -14 -11 2
389 390 
NODE 389 5
2dots_tau0
0 -5 8 0 -3
421 422 
NODE 421 6
2dots_tau0
0 14 5 -15 3
437 438 
NODE 437 7
2dots_tau0
0 -10 -6 -13 -12
445 446 
NODE 445 8
2dots_tau0
0 0 10 -3 -14
449 450 
LEAF 449 9
65 classes
12 0.533898
47 0.466102
-1 -1
LEAF 450 9
65 classes
5 1
-1 -1
NODE 446 8
2dots_tau0
0 15 13 10 -12
447 448 
LEAF 447 9
65 classes
1 0.160674
41 0.174614
48 0.302296
53 0.119876
62 0.24254
-1 -1
LEAF 448 9
65 classes
2 0.12568
35 0.0746046
51 0.080287
53 0.512176
62 0.207253
-1 -1
NODE 438 7
2dots_tau0
0 -15 6 -2 -13
439 440 
NODE 439 8
2dots_tau0
0 10 -5 15 -14
443 444 
LEAF 443 9
65 classes
1 0.172378
27 0.326901
41 0.187334
42 0.0938811
62 0.0867358
63 0.13277
-1 -1
LEAF 444 9
65 classes
15 0.504878
19 0.205767
51 0.124876
63 0.16448
-1 -1
NODE 440 8
2dots_tau0
0 4 10 1 9
441 442 
LEAF 441 9
65 classes
1 0.0257615
3 0.128268
27 0.0488544
37 0.0248228
40 0.0480881
48 0.0242341
62 0.699971
-1 -1
LEAF 442 9
65 classes
0 0.121124
3 0.131766
35 0.1438
62 0.399478
63 0.203833
-1 -1
NODE 422 6
2dots_tau0
0 2 -14 -7 2
423 424 
NODE 423 7
2dots_tau0
0 -15 -7 -15 -3
431 432 
NODE 431 8
2dots_tau0
0 -4 15 0 -1
435 436 
LEAF 435 9
65 classes
14 0.0307828
27 0.0329904
30 0.0749374
42 0.58741
51 0.0813817
52 0.0349392
62 0.157559
-1 -1
LEAF 436 9
65 classes
1 0.0351752
11 0.0196519
14 0.0155608
18 0.0153328
20 0.0406393
21 0.00915942
27 0.0333534
30 0.0284108
32 0.00934342
35 0.00955674
37 0.118627
41 0.0191135
42 0.143679
47 0.0498316
48 0.0661795
49 0.0467171
51 0.0617079
58 0.232547
59 0.00947026
62 0.00884958
63 0.0270929
-1 -1
NODE 432 8
2dots_tau0
0 1 1 -10 9
433 434 
LEAF 433 9
65 classes
1 0.0739773
5 0.0238572
16 0.0446302
21 0.0128422
22 0.0247632
27 0.0701458
33 0.0218988
37 0.118803
41 0.053597
42 0.295458
48 0.115986
49 0.0524006
51 0.0288396
62 0.0248155
63 0.0379862
-1 -1
LEAF 434 9
65 classes
7 0.229032
9 0.141942
20 0.109328
41 0.154257
42 0.231915
48 0.133527
-1 -1
NODE 424 7
2dots_tau0
0 7 -4 1 6
425 426 
NODE 425 8
2dots_tau0
0 -7 14 -7 3
429 430 
LEAF 429 9
65 classes
30 0.107431
35 0.325238
42 0.217321
51 0.35001
-1 -1
LEAF 430 9
65 classes
15 0.0874893
27 0.105266
42 0.36277
48 0.104434
51 0.194755
59 0.0597778
63 0.0855074
-1 -1
NODE 426 8
2dots_tau0
0 10 5 -6 -3
427 428 
LEAF 427 9
65 classes
59 1
-1 -1
LEAF 428 9
65 classes
15 0.178806
30 0.122171
63 0.699023
-1 -1
NODE 390 5
2dots_tau0
0 -12 -6 -15 -9
391 392 
NODE 391 6
2dots_tau0
0 9 4 -7 7
407 408 
NODE 407 7
2dots_tau0
0 -1 8 13 -4
415 416 
NODE 415 8
2dots_tau0
0 1 14 -5 -1
419 420 
LEAF 419 9
65 classes
1 0.0417864
2 0.229504
5 0.16171
19 0.0402638
22 0.0419627
27 0.0792443
28 0.0391542
30 0.0450007
32 0.022199
40 0.0780012
45 0.0414382
48 0.157236
59 0.0225004
-1 -1
LEAF 420 9
65 classes
1 0.159808
19 0.153985
40 0.149155
48 0.451001
59 0.0860507
-1 -1
NODE 416 8
2dots_tau0
0 -12 0 -9 -5
417 418 
LEAF 417 9
65 classes
1 0.0349219
2 0.0959009
14 0.0308974
17 0.0627277
27 0.0331132
37 0.0336495
40 0.0325938
41 0.0379517
42 0.0380385
45 0.103893
47 0.428763
49 0.0371045
54 0.0304447
-1 -1
LEAF 418 9
65 classes
30 0.664134
42 0.335866
-1 -1
NODE 408 7
2dots_tau0
0 1 0 10 5
409 410 
NODE 409 8
2dots_tau0
0 -4 8 2 -4
413 414 
LEAF 413 9
65 classes
0 0.46432
19 0.195503
30 0.0546259
40 0.0946848
48 0.190867
-1 -1
LEAF 414 9
65 classes
5 0.0227321
14 0.0415769
19 0.0679201
20 0.0723895
22 0.0471906
28 0.0440322
30 0.0253036
41 0.0255346
42 0.0511861
47 0.466007
48 0.0221031
51 0.0549591
54 0.0409677
63 0.0180974
-1 -1
NODE 410 8
2dots_tau0
0 -4 -5 -10 -13
411 412 
LEAF 411 9
65 classes
0 0.384273
19 0.404498
62 0.211228
-1 -1
LEAF 412 9
65 classes
1 0.693299
14 0.306701
-1 -1
NODE 392 6
2dots_tau0
0 -1 -10 6 -14
393 394 
NODE 393 7
2dots_tau0
0 7 -11 0 10
401 402 
NODE 401 8
2dots_tau0
0 -15 -15 2 -6
405 406 
LEAF 405 9
65 classes
5 0.220496
22 0.343304
30 0.245439
42 0.124124
51 0.0666365
-1 -1
LEAF 406 9
65 classes
14 0.275908
16 0.0940674
22 0.104387
28 0.389602
30 0.0559722
63 0.0800638
-1 -1
NODE 402 8
2dots_tau0
0 11 -12 0 -12
403 404 
LEAF 403 9
65 classes
22 0.650957
30 0.349043
-1 -1
LEAF 404 9
65 classes
0 0.216275
22 0.474526
30 0.12722
63 0.181979
-1 -1
NODE 394 7
2dots_tau0
0 -2 -1 -1 -2
395 396 
NODE 395 8
2dots_tau0
0 11 -9 6 2
399 400 
LEAF 399 9
65 classes
1 0.0609421
2 0.0278927
3 0.0606871
5 0.147401
9 0.030471
19 0.117443
30 0.0164075
37 0.0293608
40 0.0284396
42 0.0497856
49 0.0161877
51 0.23164
53 0.136403
63 0.0469392
-1 -1
LEAF 400 9
65 classes
1 0.0927783
5 0.0448806
22 0.0931698
23 0.050645
35 0.0252069
40 0.303076
41 0.0504138
53 0.207661
59 0.0249788
63 0.10719
-1 -1
NODE 396 8
2dots_tau0
0 -10 -12 -9 -15
397 398 
LEAF 397 9
65 classes
1 0.0196491
2 0.0359729
5 0.0760403
7 0.0158525
16 0.0177813
17 0.0176471
18 0.01713
22 0.118392
27 0.0186314
28 0.0368227
30 0.0105803
35 0.0320307
40 0.0183391
42 0.032104
47 0.185575
48 0.0184841
49 0.0208772
51 0.0574506
53 0.205237
63 0.0454027
-1 -1
LEAF 398 9
65 classes
1 0.0372997
2 0.0341435
19 0.0359406
20 0.0574584
27 0.0353678
28 0.0349501
30 0.0200844
35 0.0202678
40 0.069626
41 0.0405357
42 0.0406285
47 0.317047
51 0.196304
53 0.0278286
54 0.0325176
-1 -1
NODE 260 3
2dots_tau0
0 -2 9 -6 0
261 262 
NODE 261 4
2dots_tau0
0 5 -11 -8 5
325 326 
NODE 325 5
2dots_tau0
0 -13 15 12 -8
357 358 
NODE 357 6
2dots_tau0
0 7 -1 0 12
373 374 
NODE 373 7
2dots_tau0
0 -5 4 -1 -12
381 382 
NODE 381 8
2dots_tau0
0 8 6 15 3
385 386 
LEAF 385 9
65 classes
2 0.620442
5 0.0504424
18 0.0454536
30 0.0280743
32 0.0830949
47 0.0492414
53 0.0777983
54 0.0454536
-1 -1
LEAF 386 9
65 classes
2 0.534784
18 0.0463016
27 0.0503599
44 0.0290583
47 0.0501601
51 0.0310574
53 0.118875
55 0.0289916
59 0.0285981
63 0.0818145
-1 -1
NODE 382 8
2dots_tau0
0 -3 12 7 13
383 384 
LEAF 383 9
65 classes
2 0.120902
5 0.28751
9 0.0330194
22 0.0994761
32 0.0175415
35 0.017942
40 0.0616362
47 0.031185
49 0.0175415
53 0.0739054
54 0.0863584
55 0.0180243
62 0.0332288
63 0.10173
-1 -1
LEAF 384 9
65 classes
1 0.0118699
2 0.152117
3 0.141843
5 0.0803871
9 0.0237398
11 0.0132631
13 0.0269051
18 0.16557
22 0.01192
27 0.0900408
32 0.0441411
41 0.0128997
51 0.00694111
54 0.0206962
55 0.0194383
59 0.00639147
61 0.00630587
62 0.101534
63 0.0639975
-1 -1
NODE 374 7
2dots_tau0
0 -4 12 -8 -13
375 376 
NODE 375 8
2dots_tau0
0 5 5 2 -8
379 380 
LEAF 379 9
65 classes
2 0.0250658
5 0.503353
18 0.262594
27 0.0519291
37 0.10554
48 0.0515186
-1 -1
LEAF 380 9
65 classes
2 0.094272
5 0.099637
16 0.0186393
18 0.0718262
37 0.0595402
47 0.116718
48 0.503777
50 0.0176336
54 0.0179566
-1 -1
NODE 376 8
2dots_tau0
0 1 4 -3 14
377 378 
LEAF 377 9
65 classes
2 0.0471499
3 0.0512928
5 0.448499
16 0.0466121
18 0.0898094
22 0.0517257
41 0.0559771
62 0.129588
63 0.0793462
-1 -1
LEAF 378 9
65 classes
3 0.386214
5 0.125075
18 0.112705
19 0.124568
22 0.129824
48 0.121614
-1 -1
NODE 358 6
2dots_tau0
0 8 3 1 -3
359 360 
NODE 359 7
2dots_tau0
0 -4 13 1 2
367 368 
NODE 367 8
2dots_tau0
0 4 14 0 12
371 372 
LEAF 371 9
65 classes
5 0.0396824
11 0.0458303
12 0.177488
20 0.0315918
33 0.0364248
45 0.122023
52 0.0411893
56 0.0837928
61 0.174319
62 0.247658
-1 -1
LEAF 372 9
65 classes
5 0.202929
12 0.340368
15 0.041325
19 0.0505269
33 0.0931355
41 0.056987
45 0.0520006
61 0.0835725
62 0.0791553
-1 -1
NODE 368 8
2dots_tau0
0 -13 6 -11 -8
369 370 
LEAF 369 9
65 classes
2 0.294985
5 0.00916979
11 0.0105905
12 0.0717745
13 0.0214835
18 0.0165258
22 0.019036
27 0.0179743
30 0.0204142
32 0.24169
35 0.0206006
37 0.082194
40 0.00884616
49 0.0100704
53 0.0424283
54 0.0578402
61 0.025176
63 0.0292009
-1 -1
LEAF 370 9
65 classes
2 0.122977
7 0.0216774
9 0.026869
11 0.0300226
12 0.116269
13 0.0304515
21 0.0839583
27 0.152864
30 0.0144679
37 0.0517799
39 0.0138117
45 0.0266451
48 0.025276
56 0.0548912
59 0.0578717
61 0.0142742
62 0.135197
63 0.0206952
-1 -1
NODE 360 7
2dots_tau0
0 11 13 -4 10
361 362 
NODE 361 8
2dots_tau0
0 3 14 0 -13
365 366 
LEAF 365 9
65 classes
2 0.231385
5 0.0128712
16 0.0601963
18 0.00579913
27 0.0315371
32 0.243835
35 0.00361452
37 0.282021
42 0.00724559
48 0.0187727
49 0.00353384
53 0.0347402
54 0.0231965
55 0.0108933
59 0.00358181
62 0.0267765
-1 -1
LEAF 366 9
65 classes
1 0.00394832
2 0.104813
15 0.00622318
16 0.135774
17 0.00354604
21 0.0143937
27 0.0112315
28 0.00739922
30 0.00212602
32 0.0524386
33 0.00350634
37 0.0266312
39 0.00202959
45 0.00391542
46 0.56382
49 0.0167804
55 0.0301739
59 0.00212602
63 0.0091233
-1 -1
NODE 362 8
2dots_tau0
0 -13 14 -12 4
363 364 
LEAF 363 9
65 classes
2 0.026751
12 0.0158074
14 0.012928
16 0.198344
18 0.0127386
19 0.0140795
20 0.0225089
27 0.124696
30 0.0236038
32 0.124201
37 0.112636
42 0.00795796
48 0.0549822
49 0.0388128
53 0.119918
63 0.0900356
-1 -1
LEAF 364 9
65 classes
12 0.0582268
19 0.025931
20 0.020728
21 0.0280304
22 0.0270251
27 0.178624
28 0.0252164
30 0.0144908
32 0.0428903
35 0.0146232
37 0.025931
44 0.014724
48 0.050632
49 0.0571871
50 0.0230394
54 0.0938455
59 0.0144908
62 0.284364
-1 -1
NODE 326 5
2dots_tau0
0 -11 13 -14 -6
327 328 
NODE 327 6
2dots_tau0
0 13 5 -2 9
343 344 
NODE 343 7
2dots_tau0
0 14 11 -8 -2
351 352 
NODE 351 8
2dots_tau0
0 -12 -2 12 5
355 356 
LEAF 355 9
65 classes
22 0.650957
59 0.349043
-1 -1
LEAF 356 9
65 classes
1 0.0415715
3 0.0413976
5 0.0804392
15 0.0327617
18 0.144967
22 0.125241
28 0.0389528
47 0.235572
49 0.0441697
54 0.0724837
61 0.110424
63 0.0320195
-1 -1
NODE 352 8
2dots_tau0
0 0 6 -13 -5
353 354 
LEAF 353 9
65 classes
40 0.248634
54 0.464481
59 0.286885
-1 -1
LEAF 354 9
65 classes
-1 -1
NODE 344 7
2dots_tau0
0 15 -10 7 -12
345 346 
NODE 345 8
2dots_tau0
0 14 8 5 -1
349 350 
LEAF 349 9
65 classes
3 0.269808
48 0.254878
51 0.475313
-1 -1
LEAF 350 9
65 classes
11 0.371681
47 0.628319
-1 -1
NODE 346 8
2dots_tau0
0 12 8 13 2
347 348 
LEAF 347 9
65 classes
5 0.126574
19 0.252123
27 0.124052
35 0.0710894
54 0.114056
59 0.211338
63 0.100768
-1 -1
LEAF 348 9
65 classes
0 0.19939
19 0.209884
35 0.236719
41 0.236719
59 0.117288
-1 -1
NODE 328 6
2dots_tau0
0 -7 -10 14 0
329 330 
NODE 329 7
2dots_tau0
0 -2 -1 -5 -10
337 338 
NODE 337 8
2dots_tau0
0 -5 -14 -9 4
341 342 
LEAF 341 9
65 classes
18 0.159551
27 0.173536
48 0.172164
51 0.107021
59 0.295639
62 0.0920878
-1 -1
LEAF 342 9
65 classes
1 0.381105
18 0.166123
35 0.103542
61 0.202462
63 0.146769
-1 -1
NODE 338 8
2dots_tau0
0 13 -8 -3 -3
339 340 
LEAF 339 9
65 classes
35 0.502273
59 0.497727
-1 -1
LEAF 340 9
65 classes
1 0.127384
3 0.253702
5 0.123241
12 0.0689031
18 0.0555263
19 0.184114
27 0.120786
59 0.0342957
62 0.032048
-1 -1
NODE 330 7
2dots_tau0
0 -5 4 2 9
331 332 
NODE 331 8
2dots_tau0
0 -8 0 -8 6
335 336 
LEAF 335 9
65 classes
5 1
-1 -1
LEAF 336 9
65 classes
27 0.152983
47 0.152376
49 0.171423
54 0.140654
59 0.0868748
61 0.171423
63 0.124267
-1 -1
NODE 332 8
2dots_tau0
0 10 1 10 6
333 334 
LEAF 333 9
65 classes
11 0.366381
45 0.325163
48 0.308455
-1 -1
LEAF 334 9
65 classes
48 0.85784
49 0.0538277
54 0.0883327
-1 -1
NODE 262 4
2dots_tau0
0 15 12 3 9
263 264 
NODE 263 5
2dots_tau0
0 5 -1 -7 7
295 296 
NODE 295 6
2dots_tau0
0 0 -5 -9 2
311 312 
NODE 311 7
2dots_tau0
0 13 -7 12 9
319 320 
NODE 319 8
2dots_tau0
0 -5 0 6 5
323 324 
LEAF 323 9
65 classes
13 0.159789
20 0.0465405
21 0.0104894
28 0.0377455
32 0.171203
39 0.0103535
42 0.131634
44 0.0110199
49 0.128402
55 0.0109947
58 0.266315
63 0.0155135
-1 -1
LEAF 324 9
65 classes
11 0.0645449
13 0.147301
17 0.168608
18 0.0125898
21 0.00752083
39 0.0890804
49 0.0537034
52 0.0145022
55 0.0157661
58 0.381891
63 0.0444921
-1 -1
NODE 320 8
2dots_tau0
0 -10 -11 12 -1
321 322 
LEAF 321 9
65 classes
3 0.456654
17 0.0823701
18 0.133261
32 0.0162411
35 0.0166119
42 0.0332999
47 0.0866194
48 0.028759
49 0.0162411
51 0.0357544
63 0.094188
-1 -1
LEAF 322 9
65 classes
11 0.040896
13 0.0414802
17 0.230098
18 0.28717
21 0.0190609
27 0.0347045
32 0.116663
37 0.0352665
48 0.0344302
49 0.0194438
53 0.0819201
55 0.019979
61 0.0388877
-1 -1
NODE 312 7
2dots_tau0
0 14 -11 9 1
313 314 
NODE 313 8
2dots_tau0
0 -13 -14 8 -1
317 318 
LEAF 317 9
65 classes
-1 -1
LEAF 318 9
65 classes
7 0.156794
30 0.104648
32 0.103246
42 0.529225
55 0.106088
-1 -1
NODE 314 8
2dots_tau0
0 1 -3 8 5
315 316 
LEAF 315 9
65 classes
22 1
-1 -1
LEAF 316 9
65 classes
3 0.0878241
17 0.237622
22 0.442826
48 0.165928
53 0.0657992
-1 -1
NODE 296 6
2dots_tau0
0 4 10 13 -11
297 298 
NODE 297 7
2dots_tau0
0 -7 -5 11 -10
305 306 
NODE 305 8
2dots_tau0
0 -10 7 13 -2
309 310 
LEAF 309 9
65 classes
5 0.391906
27 0.19205
42 0.110308
62 0.305737
-1 -1
LEAF 310 9
65 classes
7 0.143479
18 0.155042
27 0.337262
59 0.0957612
62 0.268455
-1 -1
NODE 306 8
2dots_tau0
0 -3 11 -3 -7
307 308 
LEAF 307 9
65 classes
18 0.634048
62 0.365952
-1 -1
LEAF 308 9
65 classes
5 0.180411
17 0.334953
47 0.176116
49 0.0990652
51 0.109045
59 0.10041
-1 -1
NODE 298 7
2dots_tau0
0 -4 3 -11 11
299 300 
NODE 299 8
2dots_tau0
0 3 -7 2 8
303 304 
LEAF 303 9
65 classes
5 0.0968293
15 0.0788742
19 0.0964373
21 0.0521226
27 0.189801
28 0.0937796
32 0.0531697
44 0.109517
51 0.175578
59 0.0538914
-1 -1
LEAF 304 9
65 classes
-1 -1
NODE 300 8
2dots_tau0
0 12 -8 8 -14
301 302 
LEAF 301 9
65 classes
5 0.209051
22 0.21699
61 0.573958
-1 -1
LEAF 302 9
65 classes
5 0.293403
22 0.456817
51 0.0886697
61 0.16111
-1 -1
NODE 264 5
2dots_tau0
0 -10 -11 6 15
265 266 
NODE 265 6
2dots_tau0
0 12 10 -15 0
281 282 
NODE 281 7
2dots_tau0
0 -10 -2 -12 -13
289 290 
NODE 289 8
2dots_tau0
0 10 -13 -3 7
293 294 
LEAF 293 9
65 classes
5 0.325592
11 0.125345
19 0.216183
21 0.116843
49 0.059595
50 0.096038
59 0.060404
-1 -1
LEAF 294 9
65 classes
35 0.505643
49 0.494357
-1 -1
NODE 290 8
2dots_tau0
0 14 6 0 -7
291 292 
LEAF 291 9
65 classes
1 0.341176
5 0.33008
37 0.328744
-1 -1
LEAF 292 9
65 classes
27 0.388399
35 0.111288
40 0.191153
62 0.309159
-1 -1
NODE 282 7
2dots_tau0
0 -6 3 -14 11
283 284 
NODE 283 8
2dots_tau0
0 4 -4 15 14
287 288 
LEAF 287 9
65 classes
0 0.090386
11 0.11033
19 0.190286
35 0.160961
41 0.214615
49 0.157368
63 0.0760529
-1 -1
LEAF 288 9
65 classes
1 0.396039
21 0.206252
22 0.39771
-1 -1
NODE 284 8
2dots_tau0
0 0 -1 3 -7
285 286 
LEAF 285 9
65 classes
5 0.650071
21 0.349929
-1 -1
LEAF 286 9
65 classes
5 0.508982
40 0.491018
-1 -1
NODE 266 6
2dots_tau0
0 11 -5 -6 5
267 268 
NODE 267 7
2dots_tau0
0 -3 13 0 12
275 276 
NODE 275 8
2dots_tau0
0 8 -12 14 -9
279 280 
LEAF 279 9
65 classes
11 0.0558039
17 0.0448537
19 0.0481224
20 0.0769335
27 0.094711
32 0.265318
35 0.0271375
41 0.2171
45 0.049526
48 0.0939623
49 0.0265318
-1 -1
LEAF 280 9
65 classes
49 0.463178
59 0.312977
63 0.223845
-1 -1
NODE 276 8
2dots_tau0
0 2 4 -5 0
277 278 
LEAF 277 9
65 classes
3 0.0886076
6 0.0784341
17 0.239742
27 0.0843714
37 0.171475
41 0.290099
49 0.0472706
-1 -1
LEAF 278 9
65 classes
12 0.13342
18 0.107518
27 0.116941
32 0.327593
35 0.0670144
47 0.116477
49 0.131037
-1 -1
NODE 268 7
2dots_tau0
0 13 0 8 9
269 270 
NODE 269 8
2dots_tau0
0 -5 -10 2 -2
273 274 
LEAF 273 9
65 classes
27 0.379597
35 0.217532
62 0.402871
-1 -1
LEAF 274 9
65 classes
49 1
-1 -1
NODE 270 8
2dots_tau0
0 5 -9 5 -10
271 272 
LEAF 271 9
65 classes
18 0.343085
27 0.0339233
32 0.0570184
35 0.0388801
41 0.272161
47 0.101366
62 0.126011
63 0.0275558
-1 -1
LEAF 272 9
65 classes
18 0.282304
27 0.0511746
32 0.172029
35 0.0293261
41 0.234609
42 0.0293932
47 0.0509715
62 0.108624
63 0.041569
-1 -1
NODE 4 2
2dots_tau0
0 2 -3 -1 -14
5 6 
NODE 5 3
2dots_tau0
0 0 -5 13 15
133 134 
NODE 133 4
2dots_tau0
0 -12 -4 2 0
197 198 
NODE 197 5
2dots_tau0
0 4 -15 -14 11
229 230 
NODE 229 6
2dots_tau0
0 -15 -15 2 8
245 246 
NODE 245 7
2dots_tau0
0 -10 13 -12 -10
253 254 
NODE 253 8
2dots_tau0
0 1 -3 -12 14
257 258 
LEAF 257 9
65 classes
-1 -1
LEAF 258 9
65 classes
53 1
-1 -1
NODE 254 8
2dots_tau0
0 5 1 5 -14
255 256 
LEAF 255 9
65 classes
1 0.137321
35 0.29847
40 0.384499
59 0.0739421
63 0.105768
-1 -1
LEAF 256 9
65 classes
1 0.633742
19 0.20355
63 0.162708
-1 -1
NODE 246 7
2dots_tau0
0 -6 10 9 -15
247 248 
NODE 247 8
2dots_tau0
0 -6 2 13 -6
251 252 
LEAF 251 9
65 classes
0 0.208702
12 0.246648
15 0.179677
39 0.117198
41 0.247774
-1 -1
LEAF 252 9
65 classes
17 0.145236
19 0.623282
33 0.143611
35 0.0878713
-1 -1
NODE 248 8
2dots_tau0
0 -13 -8 6 5
249 250 
LEAF 249 9
65 classes
19 0.698067
20 0.223201
35 0.0787318
-1 -1
LEAF 250 9
65 classes
0 0.0445867
19 0.234667
40 0.272766
41 0.423472
62 0.0245086
-1 -1
NODE 230 6
2dots_tau0
0 13 7 -14 5
231 232 
NODE 231 7
2dots_tau0
0 0 -15 -15 14
239 240 
NODE 239 8
2dots_tau0
0 0 -2 -4 -10
243 244 
LEAF 243 9
65 classes
18 0.320637
59 0.396081
63 0.283281
-1 -1
LEAF 244 9
65 classes
-1 -1
NODE 240 8
2dots_tau0
0 12 8 -7 1
241 242 
LEAF 241 9
65 classes
5 0.496897
19 0.0989771
28 0.288748
51 0.0600672
59 0.0553107
-1 -1
LEAF 242 9
65 classes
12 0.418686
19 0.372919
59 0.208396
-1 -1
NODE 232 7
2dots_tau0
0 14 -4 -6 -5
233 234 
NODE 233 8
2dots_tau0
0 -9 2 12 -12
237 238 
LEAF 237 9
65 classes
28 0.354256
30 0.203577
51 0.442167
-1 -1
LEAF 238 9
65 classes
5 0.0821808
15 0.066942
19 0.572937
24 0.0719448
44 0.0929493
51 0.0496719
53 0.0633745
-1 -1
NODE 234 8
2dots_tau0
0 6 -1 8 14
235 236 
LEAF 235 9
65 classes
0 0.0561486
1 0.0306694
3 0.0305411
12 0.0663574
19 0.206863
21 0.063889
28 0.0287375
32 0.0162931
35 0.0333302
40 0.0286248
58 0.405517
59 0.0330286
-1 -1
LEAF 236 9
65 classes
12 0.12326
19 0.109786
39 0.644252
59 0.122702
-1 -1
NODE 198 5
2dots_tau0
0 10 3 -3 -4
199 200 
NODE 199 6
2dots_tau0
0 4 -12 14 -3
215 216 
NODE 215 7
2dots_tau0
0 -15 9 -10 0
223 224 
NODE 223 8
2dots_tau0
0 0 -8 10 3
227 228 
LEAF 227 9
65 classes
0 0.00889393
2 0.0266818
5 0.00940009
6 0.017129
15 0.00765703
16 0.298944
18 0.0169408
20 0.00748357
27 0.138193
28 0.00910402
32 0.00516166
33 0.0258853
37 0.0468102
47 0.0275288
49 0.0103233
50 0.00831806
53 0.00724897
54 0.160938
55 0.0265186
58 0.128468
62 0.00488884
63 0.00748357
-1 -1
LEAF 228 9
65 classes
0 0.00776832
2 0.0155366
6 0.0299224
11 0.00948245
15 0.0869434
16 0.0153594
17 0.0152435
18 0.0591872
19 0.0163544
20 0.00653645
22 0.0255666
24 0.0215633
27 0.056328
28 0.0636146
30 0.0045696
32 0.0135252
33 0.0226093
35 0.0368906
37 0.0327087
40 0.0158413
48 0.00798325
49 0.0315588
53 0.0253262
54 0.258944
55 0.0833847
59 0.0045696
63 0.0326822
-1 -1
NODE 224 8
2dots_tau0
0 12 -7 -2 -8
225 226 
LEAF 225 9
65 classes
0 0.00710182
12 0.0251792
15 0.0122283
16 0.0210624
20 0.0179269
27 0.0220694
28 0.0799653
30 0.00835508
32 0.0329727
33 0.00688982
35 0.0463726
37 0.0149512
40 0.00724107
41 0.0505883
47 0.0146545
49 0.0164864
54 0.0946909
58 0.512909
59 0.00835508
-1 -1
LEAF 226 9
65 classes
0 0.0212402
4 0.0276122
6 0.0204535
11 0.025927
12 0.100408
15 0.073145
16 0.0209979
18 0.0404575
19 0.0223581
27 0.24202
28 0.0869677
32 0.0493076
35 0.0504333
37 0.0447162
40 0.0216567
41 0.0504333
49 0.0246538
50 0.0397298
59 0.0374827
-1 -1
NODE 216 7
2dots_tau0
0 -9 -14 11 -13
217 218 
NODE 217 8
2dots_tau0
0 6 -15 12 -6
221 222 
LEAF 221 9
65 classes
15 0.362028
17 0.027505
18 0.080097
20 0.165119
27 0.0290391
28 0.286961
49 0.0162697
59 0.0329811
-1 -1
LEAF 222 9
65 classes
6 0.0112735
11 0.0357259
12 0.117603
15 0.297329
16 0.0983752
18 0.0111496
20 0.0394025
22 0.00642161
28 0.299591
37 0.0246465
49 0.0475601
51 0.00747873
59 0.00344326
-1 -1
NODE 218 8
2dots_tau0
0 5 -9 4 -2
219 220 
LEAF 219 9
65 classes
2 0.0470156
5 0.0165637
9 0.034241
12 0.0185213
15 0.0674616
16 0.325355
19 0.0164967
24 0.0145006
30 0.0184375
32 0.0727622
37 0.0494901
45 0.0679114
49 0.0545716
50 0.0146571
54 0.164181
59 0.00921874
62 0.00861455
-1 -1
LEAF 220 9
65 classes
0 0.00582669
2 0.0233068
5 0.00615829
6 0.0168327
12 0.0206583
14 0.00563175
15 0.0200654
16 0.144006
18 0.0166477
19 0.0122667
20 0.00490272
22 0.102274
24 0.00539125
28 0.0417503
30 0.00342747
32 0.236709
35 0.0311289
42 0.00346668
45 0.00631225
47 0.03607
49 0.0270525
50 0.0217977
51 0.0186111
54 0.160928
55 0.0173732
56 0.00650189
63 0.00490272
-1 -1
NODE 200 6
2dots_tau0
0 6 -13 13 -8
201 202 
NODE 201 7
2dots_tau0
0 -1 9 -2 -13
209 210 
NODE 209 8
2dots_tau0
0 5 -15 -12 -13
213 214 
LEAF 213 9
65 classes
0 0.0844741
6 0.0271151
12 0.0332777
16 0.0974289
18 0.0134086
20 0.0118464
27 0.0583353
32 0.228784
33 0.0136587
35 0.0334296
37 0.01482
41 0.183863
53 0.0114751
54 0.0268172
62 0.030956
63 0.130311
-1 -1
LEAF 214 9
65 classes
0 0.128282
12 0.151606
18 0.0244346
27 0.159458
28 0.10505
35 0.0152298
41 0.0304596
49 0.0148898
58 0.370592
-1 -1
NODE 210 8
2dots_tau0
0 1 4 0 1
211 212 
LEAF 211 9
65 classes
12 0.0408353
35 0.0615327
41 0.410218
50 0.0323157
62 0.0189932
63 0.436105
-1 -1
LEAF 212 9
65 classes
12 0.0404512
18 0.293382
27 0.106366
28 0.0350364
32 0.0794577
35 0.0203179
41 0.0812718
49 0.0397288
51 0.0218655
55 0.224523
63 0.0576004
-1 -1
NODE 202 7
2dots_tau0
0 -14 14 -8 -13
203 204 
NODE 203 8
2dots_tau0
0 -6 -4 -15 -7
207 208 
LEAF 207 9
65 classes
0 0.0855025
6 0.0137226
9 0.0155677
12 0.11789
16 0.0422636
18 0.0271437
19 0.0150004
27 0.0147614
32 0.396976
35 0.0422958
39 0.00800239
49 0.024811
51 0.100138
63 0.0959251
-1 -1
LEAF 208 9
65 classes
0 0.0186024
6 0.0716536
14 0.03596
15 0.0480459
16 0.239073
18 0.0885828
22 0.0408154
24 0.0172122
27 0.0385388
28 0.323711
47 0.0383859
51 0.0237672
63 0.0156525
-1 -1
NODE 204 8
2dots_tau0
0 9 4 11 12
205 206 
LEAF 205 9
65 classes
0 0.475247
12 0.336993
16 0.0469826
19 0.025013
21 0.0135191
33 0.046106
35 0.028211
42 0.0141378
49 0.0137906
-1 -1
LEAF 206 9
65 classes
0 0.0331592
16 0.163905
18 0.0947405
27 0.0686963
28 0.101827
35 0.0196835
39 0.0186207
49 0.0384883
51 0.0423655
63 0.418514
-1 -1
NODE 134 4
2dots_tau0
0 5 1 8 -3
135 136 
NODE 135 5
2dots_tau0
0 5 14 13 8
167 168 
NODE 167 6
2dots_tau0
0 1 0 -2 9
183 184 
NODE 183 7
2dots_tau0
0 10 9 -1 5
191 192 
NODE 191 8
2dots_tau0
0 11 -9 -2 15
195 196 
LEAF 195 9
65 classes
2 0.0232852
5 0.0246104
6 0.0747427
10 0.501418
15 0.00668229
16 0.0306928
18 0.0221764
20 0.189397
24 0.0430901
27 0.00804005
28 0.0238353
41 0.00921485
49 0.00900916
53 0.0126524
54 0.00739213
55 0.00925712
61 0.00450458
-1 -1
LEAF 196 9
65 classes
5 0.0403999
10 0.274372
18 0.0728086
20 0.139373
24 0.0471571
27 0.0131984
28 0.026085
47 0.013146
49 0.00739462
54 0.182021
58 0.184044
-1 -1
NODE 192 8
2dots_tau0
0 11 -10 3 4
193 194 
LEAF 193 9
65 classes
2 0.19925
5 0.140393
16 0.0656589
19 0.139824
22 0.072862
32 0.0770906
35 0.0394253
51 0.0848565
53 0.0541326
54 0.126508
-1 -1
LEAF 194 9
65 classes
2 0.0261173
6 0.0419167
10 0.284673
15 0.0824453
16 0.00860646
18 0.0165824
20 0.109879
22 0.0191013
24 0.144993
27 0.00901793
28 0.0267342
35 0.0155034
47 0.062875
49 0.0303147
53 0.00709561
54 0.0994945
63 0.0146505
-1 -1
NODE 184 7
2dots_tau0
0 11 -14 7 -8
185 186 
NODE 185 8
2dots_tau0
0 -4 -4 -10 4
189 190 
LEAF 189 9
65 classes
3 0.101912
10 0.0747145
15 0.0806521
18 0.0892195
20 0.3153
48 0.0962725
49 0.163104
63 0.078825
-1 -1
LEAF 190 9
65 classes
4 0.07619
5 0.0309715
10 0.0233712
15 0.0504569
20 0.0246569
24 0.298252
49 0.0170067
54 0.0558168
58 0.423278
-1 -1
NODE 186 8
2dots_tau0
0 4 15 14 11
187 188 
LEAF 187 9
65 classes
10 0.834757
19 0.013274
20 0.0212213
37 0.0265481
41 0.0149712
50 0.0235877
53 0.0513901
61 0.0073185
62 0.00693168
-1 -1
LEAF 188 9
65 classes
0 0.372738
20 0.627262
-1 -1
NODE 168 6
2dots_tau0
0 -8 -2 4 14
169 170 
NODE 169 7
2dots_tau0
0 -7 0 6 7
177 178 
NODE 177 8
2dots_tau0
0 -5 8 7 9
181 182 
LEAF 181 9
65 classes
5 0.101625
12 0.227271
14 0.092936
15 0.165561
22 0.105484
51 0.307123
-1 -1
LEAF 182 9
65 classes
22 0.81829
24 0.0862699
28 0.0954403
-1 -1
NODE 178 8
2dots_tau0
0 -1 -9 3 3
179 180 
LEAF 179 9
65 classes
5 0.805687
40 0.194313
-1 -1
LEAF 180 9
65 classes
5 0.0281976
15 0.126329
19 0.0140417
20 0.269383
22 0.146342
24 0.0246854
46 0.23122
49 0.00774175
51 0.0170433
55 0.119322
59 0.0156937
-1 -1
NODE 170 7
2dots_tau0
0 3 4 12 -12
171 172 
NODE 171 8
2dots_tau0
0 -3 4 10 -12
175 176 
LEAF 175 9
65 classes
6 0.0136783
10 0.0113286
12 0.016787
15 0.0244579
18 0.0811678
20 0.179278
22 0.0467486
24 0.0657142
47 0.0439659
49 0.148385
51 0.0181481
54 0.121752
55 0.220233
59 0.00835551
-1 -1
LEAF 176 9
65 classes
2 0.0128605
6 0.0247684
11 0.0313966
20 0.259708
22 0.0282172
24 0.0951954
28 0.0131643
32 0.0223911
47 0.0398064
51 0.00821557
54 0.257211
55 0.207066
-1 -1
NODE 172 8
2dots_tau0
0 1 -3 -11 -11
173 174 
LEAF 173 9
65 classes
2 0.253646
6 0.0488502
16 0.100301
22 0.0556522
24 0.046938
32 0.117764
39 0.0569744
45 0.0549565
49 0.058882
51 0.0972204
54 0.0483134
55 0.0605026
-1 -1
LEAF 174 9
65 classes
2 0.883303
5 0.116697
-1 -1
NODE 136 5
2dots_tau0
0 5 -14 14 0
137 138 
NODE 137 6
2dots_tau0
0 -12 -15 -7 -1
153 154 
NODE 153 7
2dots_tau0
0 0 -11 -3 2
161 162 
NODE 161 8
2dots_tau0
0 -15 3 -9 -14
165 166 
LEAF 165 9
65 classes
2 0.107384
4 0.0697998
18 0.0511354
22 0.0589028
24 0.496796
27 0.0556174
41 0.0637441
51 0.0342996
61 0.0623212
-1 -1
LEAF 166 9
65 classes
4 0.292504
9 0.081934
15 0.0645705
20 0.0631078
24 0.0693961
28 0.383864
42 0.0446231
-1 -1
NODE 162 8
2dots_tau0
0 -2 -13 -2 -10
163 164 
LEAF 163 9
65 classes
2 0.0342108
4 0.044474
11 0.167038
15 0.117812
20 0.0863573
24 0.0316541
27 0.0354374
28 0.175094
45 0.0370617
51 0.0655636
53 0.0557668
59 0.120744
63 0.0287858
-1 -1
LEAF 164 9
65 classes
2 0.135123
11 0.0824695
15 0.174497
20 0.0568479
24 0.0625125
28 0.0691575
39 0.0758791
51 0.129479
53 0.0550659
59 0.158968
-1 -1
NODE 154 7
2dots_tau0
0 -3 1 -2 -13
155 156 
NODE 155 8
2dots_tau0
0 -15 -2 12 -11
159 160 
LEAF 159 9
65 classes
1 0.206783
11 0.308071
12 0.0745673
15 0.108641
18 0.120182
40 0.128665
63 0.05309
-1 -1
LEAF 160 9
65 classes
2 0.0451166
3 0.0163603
4 0.0195505
9 0.016429
15 0.0129474
18 0.0286455
19 0.490742
27 0.0155781
32 0.174558
39 0.0253355
40 0.0153338
45 0.0814606
50 0.0140651
59 0.0176928
61 0.0261838
-1 -1
NODE 156 8
2dots_tau0
0 14 -6 5 -7
157 158 
LEAF 157 9
65 classes
9 0.555407
30 0.149533
61 0.29506
-1 -1
LEAF 158 9
65 classes
1 0.0631856
6 0.0556969
18 0.330509
20 0.194669
27 0.059913
28 0.296027
-1 -1
NODE 138 6
2dots_tau0
0 -10 2 -9 -4
139 140 
NODE 139 7
2dots_tau0
0 5 -9 9 -10
147 148 
NODE 147 8
2dots_tau0
0 12 5 3 12
151 152 
LEAF 151 9
65 classes
2 0.0491073
5 0.0519021
11 0.119886
16 0.194189
17 0.0481808
24 0.0454374
28 0.150802
40 0.0500702
45 0.0531996
49 0.113999
50 0.0918555
51 0.0313708
-1 -1
LEAF 152 9
65 classes
2 0.0242019
6 0.0233055
10 0.347438
11 0.0295422
16 0.0957032
27 0.0250697
28 0.272509
35 0.0143664
37 0.0509513
49 0.0561829
50 0.0452697
51 0.0154606
-1 -1
NODE 148 8
2dots_tau0
0 4 -9 -3 -8
149 150 
LEAF 149 9
65 classes
2 0.214273
4 0.0214273
9 0.0180062
10 0.144602
16 0.0651782
19 0.173501
24 0.0610031
28 0.202463
32 0.0286973
37 0.0173501
39 0.00925587
49 0.00956578
50 0.0154154
59 0.00969563
61 0.00956578
-1 -1
LEAF 150 9
65 classes
5 0.0820331
10 0.123805
28 0.0794493
32 0.0450449
45 0.0840839
49 0.135135
61 0.450449
-1 -1
NODE 140 7
2dots_tau0
0 -2 4 -2 -14
141 142 
NODE 141 8
2dots_tau0
0 15 -2 -14 6
145 146 
LEAF 145 9
65 classes
15 0.0709813
16 0.203768
19 0.173574
20 0.0346866
21 0.0469067
28 0.0421975
32 0.0239245
35 0.0244707
49 0.167471
50 0.115664
55 0.024583
61 0.0717735
-1 -1
LEAF 146 9
65 classes
15 0.162713
16 0.093421
20 0.318055
28 0.193462
50 0.176761
59 0.0555876
-1 -1
NODE 142 8
2dots_tau0
0 -7 0 -12 -14
143 144 
LEAF 143 9
65 classes
28 1
-1 -1
LEAF 144 9
65 classes
7 0.105596
15 0.103148
24 0.66514
37 0.126116
-1 -1
NODE 6 3
2dots_tau0
0 13 -6 2 -10
7 8 
NODE 7 4
2dots_tau0
0 6 -14 -4 -3
71 72 
NODE 71 5
2dots_tau0
0 8 2 15 14
103 104 
NODE 103 6
2dots_tau0
0 1 3 -1 2
119 120 
NODE 119 7
2dots_tau0
0 10 12 15 -10
127 128 
NODE 127 8
2dots_tau0
0 -9 6 4 -2
131 132 
LEAF 131 9
65 classes
1 0.0595909
5 0.0288265
20 0.0229493
24 0.605665
33 0.0264602
35 0.0323805
40 0.0834273
47 0.140701
-1 -1
LEAF 132 9
65 classes
5 0.0288744
6 0.0263078
20 0.0919495
24 0.101112
28 0.027965
33 0.159025
35 0.0324342
40 0.0835659
41 0.259474
47 0.0281869
53 0.0445335
54 0.0260187
56 0.0304854
62 0.0600685
-1 -1
NODE 128 8
2dots_tau0
0 5 0 -9 -3
129 130 
LEAF 129 9
65 classes
5 0.0163963
9 0.033895
12 0.0183341
13 0.0192072
15 0.120204
24 0.114833
30 0.00912557
33 0.255856
40 0.0158177
41 0.0736713
42 0.00922998
45 0.13445
47 0.016006
49 0.0180067
62 0.144967
-1 -1
LEAF 130 9
65 classes
5 0.140829
15 0.172073
22 0.0730886
24 0.369865
35 0.0395479
40 0.135859
47 0.0687381
-1 -1
NODE 120 7
2dots_tau0
0 11 -11 1 9
121 122 
NODE 121 8
2dots_tau0
0 9 0 3 -14
125 126 
LEAF 125 9
65 classes
1 0.0504853
9 0.0504853
17 0.317391
22 0.0506983
35 0.082298
42 0.0549909
48 0.0474921
49 0.107281
54 0.0440128
59 0.0543688
62 0.101611
63 0.0388851
-1 -1
LEAF 126 9
65 classes
17 0.254156
22 0.284183
41 0.30754
42 0.154122
-1 -1
NODE 122 8
2dots_tau0
0 4 -14 2 -4
123 124 
LEAF 123 9
65 classes
6 0.0147314
15 0.158046
17 0.0450281
20 0.0128721
24 0.636963
33 0.103889
40 0.015598
63 0.0128721
-1 -1
LEAF 124 9
65 classes
20 0.811009
59 0.188991
-1 -1
NODE 104 6
2dots_tau0
0 3 9 12 2
105 106 
NODE 105 7
2dots_tau0
0 -13 11 1 -14
113 114 
NODE 113 8
2dots_tau0
0 2 1 1 -6
117 118 
LEAF 117 9
65 classes
5 0.0698132
15 0.142169
20 0.111159
24 0.5195
47 0.0340755
53 0.0269186
55 0.019695
61 0.0766699
-1 -1
LEAF 118 9
65 classes
15 0.597333
61 0.402667
-1 -1
NODE 114 8
2dots_tau0
0 7 -11 -14 12
115 116 
LEAF 115 9
65 classes
15 0.106869
20 0.34816
24 0.421137
47 0.042691
53 0.0337246
55 0.0246746
62 0.0227445
-1 -1
LEAF 116 9
65 classes
7 0.473214
17 0.526786
-1 -1
NODE 106 7
2dots_tau0
0 -12 5 5 2
107 108 
NODE 107 8
2dots_tau0
0 14 10 -10 5
111 112 
LEAF 111 9
65 classes
15 0.300149
22 0.191234
55 0.103951
61 0.404666
-1 -1
LEAF 112 9
65 classes
-1 -1
NODE 108 8
2dots_tau0
0 -9 -12 9 0
109 110 
LEAF 109 9
65 classes
-1 -1
LEAF 110 9
65 classes
4 0.149249
17 0.112641
35 0.0681504
55 0.136926
61 0.533033
-1 -1
NODE 72 5
2dots_tau0
0 -8 -12 -10 1
73 74 
NODE 73 6
2dots_tau0
0 -6 4 7 -3
89 90 
NODE 89 7
2dots_tau0
0 0 15 -9 -5
97 98 
NODE 97 8
2dots_tau0
0 -3 10 0 10
101 102 
LEAF 101 9
65 classes
15 0.322397
18 0.0713288
41 0.355667
44 0.0447649
62 0.205843
-1 -1
LEAF 102 9
65 classes
15 0.520875
35 0.134678
41 0.0897856
49 0.0438907
59 0.0444865
62 0.166284
-1 -1
NODE 98 8
2dots_tau0
0 2 -7 -11 -15
99 100 
LEAF 99 9
65 classes
35 1
-1 -1
LEAF 100 9
65 classes
15 0.524406
35 0.361577
39 0.114018
-1 -1
NODE 90 7
2dots_tau0
0 15 -6 -3 3
91 92 
NODE 91 8
2dots_tau0
0 -11 -8 3 7
95 96 
LEAF 95 9
65 classes
42 0.349353
48 0.301714
51 0.187552
62 0.161382
-1 -1
LEAF 96 9
65 classes
0 0.233163
18 0.11103
20 0.0980945
33 0.113101
35 0.0692036
47 0.120283
48 0.119807
49 0.0676589
61 0.0676589
-1 -1
NODE 92 8
2dots_tau0
0 0 -12 -12 -12
93 94 
LEAF 93 9
65 classes
0 0.337218
35 0.200175
41 0.2669
49 0.195707
-1 -1
LEAF 94 9
65 classes
18 0.220557
20 0.779443
-1 -1
NODE 74 6
2dots_tau0
0 2 2 0 0
75 76 
NODE 75 7
2dots_tau0
0 6 10 13 -6
83 84 
NODE 83 8
2dots_tau0
0 3 6 -11 15
87 88 
LEAF 87 9
65 classes
6 0.213838
33 0.430869
40 0.226417
49 0.128876
-1 -1
LEAF 88 9
65 classes
17 0.452479
41 0.547521
-1 -1
NODE 84 8
2dots_tau0
0 8 -5 15 14
85 86 
LEAF 85 9
65 classes
0 0.356433
6 0.228821
33 0.345793
49 0.0689528
-1 -1
LEAF 86 9
65 classes
63 1
-1 -1
NODE 76 7
2dots_tau0
0 13 13 -6 1
77 78 
NODE 77 8
2dots_tau0
0 -14 -13 0 -15
81 82 
LEAF 81 9
65 classes
1 0.325316
22 0.326689
30 0.17517
61 0.172824
-1 -1
LEAF 82 9
65 classes
17 0.419176
49 0.08265
55 0.0849247
61 0.41325
-1 -1
NODE 78 8
2dots_tau0
0 -3 -8 -10 3
79 80 
LEAF 79 9
65 classes
35 0.101451
41 0.202901
49 0.595116
59 0.100532
-1 -1
LEAF 80 9
65 classes
15 0.290247
19 0.709753
-1 -1
NODE 8 4
2dots_tau0
0 -14 -3 15 -15
9 10 
NODE 9 5
2dots_tau0
0 13 11 -6 13
41 42 
NODE 41 6
2dots_tau0
0 -11 3 15 -9
57 58 
NODE 57 7
2dots_tau0
0 -15 -14 11 -13
65 66 
NODE 65 8
2dots_tau0
0 -5 -13 3 9
69 70 
LEAF 69 9
65 classes
7 0.0664799
18 0.215512
19 0.158798
32 0.0437758
35 0.0447753
41 0.0895505
47 0.233471
56 0.0841698
63 0.0634678
-1 -1
LEAF 70 9
65 classes
1 0.0453245
4 0.0404521
5 0.0219253
6 0.129846
11 0.0253221
15 0.00892983
17 0.0305299
18 0.167933
20 0.0523652
22 0.0227579
24 0.0383887
27 0.0322328
40 0.0105757
41 0.0985136
47 0.128419
48 0.0213186
49 0.0963146
56 0.0231486
62 0.0057015
-1 -1
NODE 66 8
2dots_tau0
0 -2 4 9 -11
67 68 
LEAF 67 9
65 classes
3 0.546883
18 0.119693
20 0.211497
33 0.121926
-1 -1
LEAF 68 9
65 classes
4 0.0615013
5 0.050001
20 0.11942
35 0.224662
41 0.449324
49 0.0274559
59 0.0278286
63 0.0398066
-1 -1
NODE 58 7
2dots_tau0
0 4 -1 -1 -10
59 60 
NODE 59 8
2dots_tau0
0 5 -10 -13 -8
63 64 
LEAF 63 9
65 classes
6 0.120362
15 0.0538043
17 0.18395
18 0.119039
24 0.173476
41 0.296783
63 0.0525854
-1 -1
LEAF 64 9
65 classes
6 0.0590035
17 0.0601168
20 0.309339
24 0.113387
47 0.189654
49 0.177801
51 0.0391424
63 0.0515564
-1 -1
NODE 60 8
2dots_tau0
0 -6 5 3 -6
61 62 
LEAF 61 9
65 classes
5 0.19967
19 0.397723
47 0.194916
62 0.207691
-1 -1
LEAF 62 9
65 classes
6 0.389755
27 0.209629
33 0.0981658
47 0.104399
56 0.112912
63 0.0851405
-1 -1
NODE 42 6
2dots_tau0
0 10 12 13 2
43 44 
NODE 43 7
2dots_tau0
0 9 -4 9 -6
51 52 
NODE 51 8
2dots_tau0
0 -11 10 4 8
55 56 
LEAF 55 9
65 classes
27 0.296986
35 0.0850952
40 0.146164
48 0.147319
49 0.0831958
63 0.241241
-1 -1
LEAF 56 9
65 classes
0 0.0276588
3 0.0150445
6 0.0133172
18 0.0395125
24 0.0383876
27 0.200554
33 0.0268331
35 0.0492553
40 0.0282011
41 0.31195
47 0.0142684
48 0.042636
62 0.0760177
63 0.116364
-1 -1
NODE 52 8
2dots_tau0
0 -6 -4 2 -3
53 54 
LEAF 53 9
65 classes
24 0.264497
33 0.0924424
35 0.0188543
40 0.0323851
41 0.414795
48 0.0979232
62 0.0523775
63 0.0267255
-1 -1
LEAF 54 9
65 classes
0 0.159894
19 0.0561033
33 0.206828
35 0.0632763
41 0.189829
62 0.234376
63 0.0896926
-1 -1
NODE 44 7
2dots_tau0
0 -15 13 -13 14
45 46 
NODE 45 8
2dots_tau0
0 -1 10 -1 4
49 50 
LEAF 49 9
65 classes
15 0.216457
18 0.0798169
24 0.387723
33 0.081306
35 0.149247
40 0.085451
-1 -1
LEAF 50 9
65 classes
5 0.0534165
15 0.217557
17 0.0495866
18 0.0481336
24 0.374106
35 0.120004
47 0.0521447
63 0.0850515
-1 -1
NODE 46 8
2dots_tau0
0 13 -4 7 13
47 48 
LEAF 47 9
65 classes
3 0.104743
33 0.186818
35 0.571545
49 0.0558787
63 0.0810151
-1 -1
LEAF 48 9
65 classes
27 0.282437
40 0.278007
47 0.281316
49 0.15824
-1 -1
NODE 10 5
2dots_tau0
0 12 7 -1 -1
11 12 
NODE 11 6
2dots_tau0
0 -11 12 -4 -8
27 28 
NODE 27 7
2dots_tau0
0 3 -12 0 -8
35 36 
NODE 35 8
2dots_tau0
0 15 4 8 6
39 40 
LEAF 39 9
65 classes
3 0.540385
24 0.459615
-1 -1
LEAF 40 9
65 classes
20 0.402478
35 0.14197
54 0.455552
-1 -1
NODE 36 8
2dots_tau0
0 4 13 -6 1
37 38 
LEAF 37 9
65 classes
20 0.169103
22 0.440951
33 0.389946
-1 -1
LEAF 38 9
65 classes
33 0.644122
48 0.227437
61 0.128441
-1 -1
NODE 28 7
2dots_tau0
0 -3 0 -2 9
29 30 
NODE 29 8
2dots_tau0
0 -4 -15 0 12
33 34 
LEAF 33 9
65 classes
6 0.0557096
13 0.143253
20 0.0486783
24 0.107058
35 0.171708
41 0.068683
49 0.033575
55 0.034499
62 0.190802
63 0.146035
-1 -1
LEAF 34 9
65 classes
6 0.249551
20 0.14537
24 0.0799275
33 0.335218
62 0.189933
-1 -1
NODE 30 8
2dots_tau0
0 0 -4 -2 -6
31 32 
LEAF 31 9
65 classes
3 0.17222
6 0.152446
12 0.187093
20 0.133206
35 0.0939739
62 0.261061
-1 -1
LEAF 32 9
65 classes
3 0.101944
19 0.0328808
24 0.173414
33 0.333348
35 0.0185424
54 0.0297493
62 0.257555
63 0.0525667
-1 -1
NODE 12 6
2dots_tau0
0 14 11 8 0
13 14 
NODE 13 7
2dots_tau0
0 11 -4 0 0
21 22 
NODE 21 8
2dots_tau0
0 -9 -15 -5 14
25 26 
LEAF 25 9
65 classes
62 1
-1 -1
LEAF 26 9
65 classes
0 0.466572
35 0.276961
62 0.256467
-1 -1
NODE 22 8
2dots_tau0
0 13 -4 10 -15
23 24 
LEAF 23 9
65 classes
18 0.118596
27 0.0515961
35 0.0295676
48 0.0255941
54 0.118596
62 0.0273798
63 0.628671
-1 -1
LEAF 24 9
65 classes
3 0.0457133
15 0.180885
17 0.0412282
18 0.16008
19 0.0442327
20 0.070715
22 0.046099
24 0.0777614
54 0.12006
55 0.0501168
62 0.092393
63 0.070715
-1 -1
NODE 14 7
2dots_tau0
0 -2 9 10 9
15 16 
NODE 15 8
2dots_tau0
0 -6 6 8 0
19 20 
LEAF 19 9
65 classes
0 0.288808
15 0.177602
33 0.0800533
35 0.0734736
40 0.126202
54 0.196468
62 0.0226789
63 0.0347157
-1 -1
LEAF 20 9
65 classes
0 0.0229703
12 0.0135733
15 0.0296636
24 0.0743877
33 0.211704
35 0.122718
41 0.0272706
48 0.0118029
49 0.0533239
54 0.0328147
55 0.00684893
59 0.00675596
62 0.0189395
63 0.367227
-1 -1
NODE 16 8
2dots_tau0
0 0 6 -10 -15
17 18 
LEAF 17 9
65 classes
12 0.0500654
20 0.0178226
22 0.0232371
24 0.117591
30 0.0124597
33 0.226042
35 0.100588
41 0.025147
49 0.0368786
53 0.0172639
54 0.14121
63 0.231694
-1 -1
LEAF 18 9
65 classes
17 0.0820616
41 0.198597
48 0.0859538
63 0.633388
-1 -1
