image_size: 32 32
class_number: 65
max_depth:  10
1023
NODE 0 0
2dots_tau0
0 -15 0 13 0
1 2 
NODE 1 1
2dots_tau0
0 -7 10 -12 -2
513 514 
NODE 513 2
2dots_tau0
0 3 -1 0 15
769 770 
NODE 769 3
2dots_tau0
0 -4 12 2 -1
897 898 
NODE 897 4
2dots_tau0
0 15 -11 -10 6
961 962 
NODE 961 5
2dots_tau0
0 15 5 0 6
993 994 
NODE 993 6
2dots_tau0
0 9 -11 -6 -5
1009 1010 
NODE 1009 7
2dots_tau0
0 -3 1 1 -12
1017 1018 
NODE 1017 8
2dots_tau0
0 -8 -4 8 -8
1021 1022 
LEAF 1021 9
65 classes
7 1
-1 -1
LEAF 1022 9
65 classes
7 0.093472
19 0.111637
41 0.12591
48 0.217978
51 0.06775
53 0.259319
59 0.0623851
61 0.0615496
-1 -1
NODE 1018 8
2dots_tau0
0 3 5 -10 3
1019 1020 
LEAF 1019 9
65 classes
10 0.0428835
23 0.641286
48 0.165771
53 0.0876491
61 0.0624108
-1 -1
LEAF 1020 9
65 classes
7 0.17861
48 0.208261
53 0.495517
61 0.117612
-1 -1
NODE 1010 7
2dots_tau0
0 15 14 -1 8
1011 1012 
NODE 1011 8
2dots_tau0
0 -13 -10 5 14
1015 1016 
LEAF 1015 9
65 classes
7 1
-1 -1
LEAF 1016 9
65 classes
18 0.616034
41 0.383966
-1 -1
NODE 1012 8
2dots_tau0
0 10 10 6 11
1013 1014 
LEAF 1013 9
65 classes
41 1
-1 -1
LEAF 1014 9
65 classes
-1 -1
NODE 994 6
2dots_tau0
0 -2 12 11 -1
995 996 
NODE 995 7
2dots_tau0
0 -13 -10 -15 15
1003 1004 
NODE 1003 8
2dots_tau0
0 -3 1 -4 -5
1007 1008 
LEAF 1007 9
65 classes
2 0.0867565
15 0.298764
18 0.0826252
19 0.182645
20 0.072999
33 0.0841668
35 0.0514993
47 0.0895107
59 0.0510332
-1 -1
LEAF 1008 9
65 classes
0 0.184894
23 0.220515
35 0.439017
63 0.155574
-1 -1
NODE 1004 8
2dots_tau0
0 4 6 -6 7
1005 1006 
LEAF 1005 9
65 classes
0 0.301639
5 0.0531342
19 0.105838
33 0.487725
48 0.0516641
-1 -1
LEAF 1006 9
65 classes
0 0.255274
19 0.17914
42 0.151879
48 0.174892
53 0.138707
59 0.100108
-1 -1
NODE 996 7
2dots_tau0
0 12 -2 -3 3
997 998 
NODE 997 8
2dots_tau0
0 9 1 9 -6
1001 1002 
LEAF 1001 9
65 classes
30 0.51694
62 0.48306
-1 -1
LEAF 1002 9
65 classes
0 0.243
9 0.265463
19 0.25579
33 0.235747
-1 -1
NODE 998 8
2dots_tau0
0 -3 5 8 2
999 1000 
LEAF 999 9
65 classes
61 0.40819
63 0.59181
-1 -1
LEAF 1000 9
65 classes
35 0.260759
63 0.739241
-1 -1
NODE 962 5
2dots_tau0
0 -13 14 14 7
963 964 
NODE 963 6
2dots_tau0
0 -12 8 -15 0
979 980 
NODE 979 7
2dots_tau0
0 10 6 5 13
987 988 
NODE 987 8
2dots_tau0
0 5 -14 -4 -3
991 992 
LEAF 991 9
65 classes
0 0.0578339
1 0.12636
3 0.188747
5 0.0611253
14 0.0558989
30 0.03402
35 0.0343306
40 0.176904
47 0.0596699
51 0.110836
53 0.0942747
-1 -1
LEAF 992 9
65 classes
0 0.10978
1 0.119927
14 0.106107
15 0.189024
19 0.231115
27 0.113716
41 0.130332
-1 -1
NODE 988 8
2dots_tau0
0 0 -6 -2 -13
989 990 
LEAF 989 9
65 classes
0 0.139821
27 0.144835
28 0.035781
33 0.0339119
39 0.0196293
40 0.0356407
53 0.0854707
58 0.50491
-1 -1
LEAF 990 9
65 classes
12 0.0721317
27 0.442561
40 0.0622313
51 0.0389901
53 0.149238
62 0.234848
-1 -1
NODE 980 7
2dots_tau0
0 -2 1 3 10
981 982 
NODE 981 8
2dots_tau0
0 3 -7 -2 -11
985 986 
LEAF 985 9
65 classes
0 0.330784
3 0.359849
50 0.309367
-1 -1
LEAF 986 9
65 classes
30 1
-1 -1
NODE 982 8
2dots_tau0
0 -13 -9 -15 9
983 984 
LEAF 983 9
65 classes
53 0.198157
62 0.801843
-1 -1
LEAF 984 9
65 classes
0 0.507348
10 0.0505792
19 0.0667563
27 0.0656925
40 0.064662
53 0.103378
62 0.0348601
63 0.106724
-1 -1
NODE 964 6
2dots_tau0
0 -13 -3 4 0
965 966 
NODE 965 7
2dots_tau0
0 -2 -15 -13 3
973 974 
NODE 973 8
2dots_tau0
0 15 3 -2 -2
977 978 
LEAF 977 9
65 classes
-1 -1
LEAF 978 9
65 classes
-1 -1
NODE 974 8
2dots_tau0
0 2 -10 -14 9
975 976 
LEAF 975 9
65 classes
5 0.470968
35 0.529032
-1 -1
LEAF 976 9
65 classes
10 1
-1 -1
NODE 966 7
2dots_tau0
0 -14 4 9 -7
967 968 
NODE 967 8
2dots_tau0
0 -14 13 -2 -8
971 972 
LEAF 971 9
65 classes
5 0.266617
40 0.257207
50 0.235927
54 0.240248
-1 -1
LEAF 972 9
65 classes
0 0.172427
27 0.35722
35 0.204708
54 0.164217
59 0.101428
-1 -1
NODE 968 8
2dots_tau0
0 -5 3 -12 -1
969 970 
LEAF 969 9
65 classes
12 0.231826
27 0.203194
35 0.116442
41 0.232885
62 0.215652
-1 -1
LEAF 970 9
65 classes
40 0.17951
48 0.723715
62 0.0967758
-1 -1
NODE 898 4
2dots_tau0
0 6 -11 3 11
899 900 
NODE 899 5
2dots_tau0
0 -12 -9 0 1
931 932 
NODE 931 6
2dots_tau0
0 -12 -12 7 8
947 948 
NODE 947 7
2dots_tau0
0 10 -14 -2 -6
955 956 
NODE 955 8
2dots_tau0
0 -11 7 9 9
959 960 
LEAF 959 9
65 classes
5 0.289409
20 0.0576009
22 0.0750999
23 0.163291
28 0.140147
51 0.218657
53 0.0557952
-1 -1
LEAF 960 9
65 classes
11 0.131856
22 0.118503
35 0.0641215
47 0.111449
48 0.111009
51 0.0690055
53 0.176083
59 0.127082
63 0.0908907
-1 -1
NODE 956 8
2dots_tau0
0 15 9 15 9
957 958 
LEAF 957 9
65 classes
19 0.0672325
41 0.0758284
44 0.0381757
51 0.040802
53 0.104116
59 0.0375711
62 0.421305
63 0.21497
-1 -1
LEAF 958 9
65 classes
-1 -1
NODE 948 7
2dots_tau0
0 11 -7 2 11
949 950 
NODE 949 8
2dots_tau0
0 6 -3 0 14
953 954 
LEAF 953 9
65 classes
0 0.104101
1 0.113723
7 0.0917497
14 0.100618
17 0.102136
19 0.10958
33 0.100993
47 0.107405
53 0.169694
-1 -1
LEAF 954 9
65 classes
24 0.294657
35 0.378076
48 0.327267
-1 -1
NODE 950 8
2dots_tau0
0 10 7 4 9
951 952 
LEAF 951 9
65 classes
5 0.290779
7 0.12124
28 0.14081
41 0.163314
47 0.283856
-1 -1
LEAF 952 9
65 classes
0 0.0630545
41 0.598873
47 0.130112
62 0.20796
-1 -1
NODE 932 6
2dots_tau0
0 -3 -4 10 -2
933 934 
NODE 933 7
2dots_tau0
0 -14 7 5 0
941 942 
NODE 941 8
2dots_tau0
0 -6 7 -13 6
945 946 
LEAF 945 9
65 classes
2 0.0898665
40 0.183257
47 0.0927195
51 0.0574086
54 0.0855872
59 0.264313
63 0.226848
-1 -1
LEAF 946 9
65 classes
14 0.293579
17 0.0496684
20 0.0425958
30 0.0297785
35 0.060101
47 0.156692
51 0.129357
59 0.238228
-1 -1
NODE 942 8
2dots_tau0
0 0 -12 -7 12
943 944 
LEAF 943 9
65 classes
0 0.0503786
18 0.0479796
20 0.0423897
27 0.017395
28 0.0343791
33 0.0977495
35 0.139557
41 0.0398735
47 0.0346519
49 0.0292376
51 0.0214553
54 0.0159932
55 0.0100141
61 0.00974586
62 0.0276922
63 0.381508
-1 -1
LEAF 944 9
65 classes
15 0.111315
16 0.0639108
18 0.246279
19 0.136101
28 0.0661753
35 0.0383756
41 0.153503
59 0.0380284
61 0.0375191
63 0.108793
-1 -1
NODE 934 7
2dots_tau0
0 -2 15 6 0
935 936 
NODE 935 8
2dots_tau0
0 12 10 -12 -11
939 940 
LEAF 939 9
65 classes
2 0.298569
14 0.0221984
16 0.113524
18 0.131239
20 0.0386497
22 0.0251957
35 0.0136333
47 0.284351
53 0.0374381
54 0.0218732
61 0.013329
-1 -1
LEAF 940 9
65 classes
30 0.203006
47 0.356066
51 0.440927
-1 -1
NODE 936 8
2dots_tau0
0 -2 7 -15 -8
937 938 
LEAF 937 9
65 classes
0 0.0114329
1 0.0249796
2 0.0114329
3 0.0124375
13 0.0141551
16 0.0452101
18 0.0326656
27 0.0592145
30 0.0134505
33 0.0554583
35 0.0746535
40 0.0582856
41 0.0135734
48 0.0234986
49 0.0663519
53 0.111821
54 0.152439
61 0.0265408
63 0.192399
-1 -1
LEAF 938 9
65 classes
2 0.406656
14 0.0240643
15 0.00714493
16 0.106658
17 0.016285
22 0.0273135
28 0.00849515
33 0.00805137
47 0.231189
49 0.00963289
51 0.0212066
53 0.08117
56 0.00926081
59 0.0195273
61 0.00481645
62 0.00456188
63 0.0139661
-1 -1
NODE 900 5
2dots_tau0
0 -14 15 -12 13
901 902 
NODE 901 6
2dots_tau0
0 9 -15 -2 11
917 918 
NODE 917 7
2dots_tau0
0 8 -14 12 0
925 926 
NODE 925 8
2dots_tau0
0 0 3 -11 13
929 930 
LEAF 929 9
65 classes
2 0.0343759
15 0.0295951
22 0.0377119
24 0.0954206
27 0.0356085
28 0.105564
33 0.0333497
35 0.0408116
48 0.035327
51 0.02196
54 0.392867
59 0.0606633
62 0.0188958
63 0.0578494
-1 -1
LEAF 930 9
65 classes
22 0.27625
24 0.465988
28 0.257761
-1 -1
NODE 926 8
2dots_tau0
0 6 6 -5 10
927 928 
LEAF 927 9
65 classes
5 0.063996
6 0.116615
9 0.0661471
10 0.144874
17 0.0594076
24 0.168075
28 0.0619804
47 0.187417
49 0.0351407
51 0.0386806
54 0.0576667
-1 -1
LEAF 928 9
65 classes
0 0.0643186
28 0.724217
35 0.03818
48 0.132196
51 0.041088
-1 -1
NODE 918 7
2dots_tau0
0 12 -3 4 -11
919 920 
NODE 919 8
2dots_tau0
0 -10 2 -7 11
923 924 
LEAF 923 9
65 classes
10 0.0764494
28 0.0981201
33 0.0929944
37 0.100901
47 0.494494
59 0.0563858
63 0.0806554
-1 -1
LEAF 924 9
65 classes
0 0.138671
16 0.137089
28 0.283893
39 0.0389357
47 0.21461
48 0.142508
51 0.0442929
-1 -1
NODE 920 8
2dots_tau0
0 11 7 15 15
921 922 
LEAF 921 9
65 classes
15 0.0451641
18 0.0499617
27 0.108682
33 0.152682
41 0.0622811
47 0.487127
54 0.0499617
63 0.044141
-1 -1
LEAF 922 9
65 classes
2 0.0483009
15 0.0415835
18 0.0460008
19 0.050843
27 0.150098
35 0.114687
47 0.199337
48 0.248186
54 0.0460008
59 0.0284123
62 0.0265502
-1 -1
NODE 902 6
2dots_tau0
0 -4 -6 15 -11
903 904 
NODE 903 7
2dots_tau0
0 9 4 9 6
911 912 
NODE 911 8
2dots_tau0
0 -12 0 -14 5
915 916 
LEAF 915 9
65 classes
27 0.0915956
28 0.181028
35 0.0524897
41 0.524897
49 0.0513181
56 0.0986717
-1 -1
LEAF 916 9
65 classes
0 0.0413437
12 0.0488607
27 0.0428261
33 0.0401095
35 0.0490838
40 0.0421543
56 0.0461346
58 0.597186
62 0.0227259
63 0.0695751
-1 -1
NODE 912 8
2dots_tau0
0 15 -13 10 3
913 914 
LEAF 913 9
65 classes
0 0.829872
20 0.0997535
35 0.070374
-1 -1
LEAF 914 9
65 classes
3 0.0826598
27 0.314832
28 0.0777783
35 0.225522
39 0.213344
49 0.0440975
62 0.0417668
-1 -1
NODE 904 7
2dots_tau0
0 15 13 2 15
905 906 
NODE 905 8
2dots_tau0
0 -12 15 -10 -8
909 910 
LEAF 909 9
65 classes
14 0.0459256
20 0.0399805
47 0.39219
48 0.04883
49 0.0275759
54 0.362022
59 0.0559004
61 0.0275759
-1 -1
LEAF 910 9
65 classes
20 0.125763
22 0.081985
28 0.0764978
35 0.0443618
48 0.0768002
54 0.355869
59 0.175841
63 0.0628817
-1 -1
NODE 906 8
2dots_tau0
0 -12 0 9 14
907 908 
LEAF 907 9
65 classes
10 0.25891
20 0.0455257
28 0.0553836
33 0.262452
35 0.0963523
37 0.113906
47 0.16747
-1 -1
LEAF 908 9
65 classes
10 0.055524
11 0.0849805
12 0.0822765
20 0.0585788
27 0.0721149
28 0.213789
35 0.123978
47 0.0718287
49 0.0404037
50 0.130222
54 0.0663034
-1 -1
NODE 770 3
2dots_tau0
0 -5 0 15 1
771 772 
NODE 771 4
2dots_tau0
0 -14 15 -9 -2
835 836 
NODE 835 5
2dots_tau0
0 15 0 -8 -15
867 868 
NODE 867 6
2dots_tau0
0 8 -8 0 0
883 884 
NODE 883 7
2dots_tau0
0 -5 0 -15 5
891 892 
NODE 891 8
2dots_tau0
0 -10 12 -4 0
895 896 
LEAF 895 9
65 classes
0 0.35943
41 0.426721
42 0.213849
-1 -1
LEAF 896 9
65 classes
0 0.432941
3 0.235491
33 0.210009
39 0.12156
-1 -1
NODE 892 8
2dots_tau0
0 -10 8 13 5
893 894 
LEAF 893 9
65 classes
0 0.138173
9 0.301891
19 0.145445
45 0.149687
51 0.264803
-1 -1
LEAF 894 9
65 classes
19 0.250438
33 0.230814
45 0.257743
52 0.261005
-1 -1
NODE 884 7
2dots_tau0
0 0 -2 -14 -7
885 886 
NODE 885 8
2dots_tau0
0 -11 4 15 10
889 890 
LEAF 889 9
65 classes
19 0.0224729
30 0.0251168
51 0.0272767
58 0.925134
-1 -1
LEAF 890 9
65 classes
18 0.677228
35 0.0527635
48 0.0913455
49 0.0515857
59 0.052286
63 0.074791
-1 -1
NODE 886 8
2dots_tau0
0 4 0 -1 10
887 888 
LEAF 887 9
65 classes
51 0.520612
59 0.479388
-1 -1
LEAF 888 9
65 classes
19 0.227843
23 0.258153
51 0.276547
52 0.237457
-1 -1
NODE 868 6
2dots_tau0
0 -2 -1 6 -15
869 870 
NODE 869 7
2dots_tau0
0 -13 6 -11 14
877 878 
NODE 877 8
2dots_tau0
0 13 9 -7 3
881 882 
LEAF 881 9
65 classes
15 0.0527973
18 0.467246
19 0.0645537
27 0.063525
37 0.0645537
39 0.0344379
49 0.071182
51 0.0783527
52 0.0672775
59 0.0360741
-1 -1
LEAF 882 9
65 classes
0 0.0543412
15 0.187135
18 0.0517535
19 0.171604
27 0.112579
30 0.0319654
35 0.0322573
39 0.0305156
41 0.0645146
51 0.0347143
63 0.22862
-1 -1
NODE 878 8
2dots_tau0
0 8 9 -13 12
879 880 
LEAF 879 9
65 classes
0 0.0320329
3 0.104542
19 0.0337188
23 0.0382043
27 0.69681
41 0.0380299
51 0.0204632
61 0.0185905
62 0.0176079
-1 -1
LEAF 880 9
65 classes
0 0.0520676
15 0.0448264
22 0.0571205
27 0.215738
30 0.428792
39 0.0292388
51 0.0997855
62 0.0286206
63 0.0438109
-1 -1
NODE 870 7
2dots_tau0
0 -12 11 7 -7
871 872 
NODE 871 8
2dots_tau0
0 0 0 8 0
875 876 
LEAF 875 9
65 classes
7 0.381607
18 0.137453
19 0.303844
30 0.0848975
51 0.0921983
-1 -1
LEAF 876 9
65 classes
1 0.446745
3 0.0889752
19 0.0860934
33 0.0793473
40 0.250177
42 0.0486615
-1 -1
NODE 872 8
2dots_tau0
0 11 -15 0 10
873 874 
LEAF 873 9
65 classes
3 0.0463801
18 0.0812076
20 0.0358732
33 0.0413613
42 0.253658
53 0.0694974
56 0.0475744
61 0.0494859
62 0.374963
-1 -1
LEAF 874 9
65 classes
0 0.108744
1 0.0148494
3 0.118298
4 0.0176708
11 0.0331847
15 0.0234051
18 0.0258913
27 0.126723
33 0.224182
35 0.0242066
40 0.0138595
62 0.268985
-1 -1
NODE 836 5
2dots_tau0
0 -10 1 0 6
837 838 
NODE 837 6
2dots_tau0
0 1 7 -5 0
853 854 
NODE 853 7
2dots_tau0
0 0 -1 -5 1
861 862 
NODE 861 8
2dots_tau0
0 -3 7 -3 -10
865 866 
LEAF 865 9
65 classes
1 0.230073
19 0.044338
35 0.0250034
40 0.042947
58 0.608416
59 0.0247771
61 0.0244453
-1 -1
LEAF 866 9
65 classes
0 0.240259
5 0.253932
19 0.505809
-1 -1
NODE 862 8
2dots_tau0
0 -1 15 -4 -4
863 864 
LEAF 863 9
65 classes
1 0.423479
40 0.395247
50 0.181273
-1 -1
LEAF 864 9
65 classes
0 0.627507
41 0.372493
-1 -1
NODE 854 7
2dots_tau0
0 -9 -14 -6 10
855 856 
NODE 855 8
2dots_tau0
0 -10 -8 3 -4
859 860 
LEAF 859 9
65 classes
19 1
-1 -1
LEAF 860 9
65 classes
18 1
-1 -1
NODE 856 8
2dots_tau0
0 9 -5 4 3
857 858 
LEAF 857 9
65 classes
1 0.49499
19 0.238477
59 0.266533
-1 -1
LEAF 858 9
65 classes
0 0.0576395
18 0.10979
58 0.832571
-1 -1
NODE 838 6
2dots_tau0
0 10 -11 -14 1
839 840 
NODE 839 7
2dots_tau0
0 -11 -9 -14 2
847 848 
NODE 847 8
2dots_tau0
0 -4 10 -2 3
851 852 
LEAF 851 9
65 classes
0 0.140542
18 0.133849
35 0.0417133
40 0.0716487
41 0.166853
62 0.386267
63 0.0591276
-1 -1
LEAF 852 9
65 classes
4 0.233534
18 0.171088
35 0.213274
48 0.184612
62 0.197492
-1 -1
NODE 848 8
2dots_tau0
0 -5 5 3 -1
849 850 
LEAF 849 9
65 classes
15 0.176742
19 0.108049
33 0.298746
35 0.243726
63 0.172738
-1 -1
LEAF 850 9
65 classes
0 0.120027
18 0.342934
27 0.0621653
33 0.116444
37 0.0631721
40 0.244761
63 0.0504968
-1 -1
NODE 840 7
2dots_tau0
0 12 6 15 6
841 842 
NODE 841 8
2dots_tau0
0 1 10 7 8
845 846 
LEAF 845 9
65 classes
12 0.0582765
27 0.204316
40 0.0251389
58 0.712269
-1 -1
LEAF 846 9
65 classes
4 0.0553977
11 0.0520167
12 0.0503616
18 0.0405844
27 0.5297
35 0.0505915
40 0.173797
56 0.0475517
-1 -1
NODE 842 8
2dots_tau0
0 15 -1 -4 -7
843 844 
LEAF 843 9
65 classes
18 1
-1 -1
LEAF 844 9
65 classes
18 0.281902
19 0.103859
27 0.306611
35 0.0585687
63 0.249059
-1 -1
NODE 772 4
2dots_tau0
0 13 0 11 0
773 774 
NODE 773 5
2dots_tau0
0 -5 8 0 1
805 806 
NODE 805 6
2dots_tau0
0 -3 -13 9 15
821 822 
NODE 821 7
2dots_tau0
0 -2 -14 4 -3
829 830 
NODE 829 8
2dots_tau0
0 -14 -10 -12 0
833 834 
LEAF 833 9
65 classes
-1 -1
LEAF 834 9
65 classes
48 1
-1 -1
NODE 830 8
2dots_tau0
0 -3 10 4 -10
831 832 
LEAF 831 9
65 classes
14 1
-1 -1
LEAF 832 9
65 classes
-1 -1
NODE 822 7
2dots_tau0
0 11 7 7 9
823 824 
NODE 823 8
2dots_tau0
0 -7 0 8 -5
827 828 
LEAF 827 9
65 classes
1 0.241438
7 0.194787
51 0.141185
52 0.242457
53 0.180133
-1 -1
LEAF 828 9
65 classes
1 0.133277
10 0.0973005
40 0.124392
48 0.501501
59 0.143529
-1 -1
NODE 824 8
2dots_tau0
0 14 8 -7 10
825 826 
LEAF 825 9
65 classes
1 0.207364
18 0.180779
39 0.106593
47 0.195844
53 0.309421
-1 -1
LEAF 826 9
65 classes
1 0.127258
10 0.185812
35 0.138298
42 0.0693073
47 0.120188
48 0.359138
-1 -1
NODE 806 6
2dots_tau0
0 -10 11 0 1
807 808 
NODE 807 7
2dots_tau0
0 -5 0 13 -9
815 816 
NODE 815 8
2dots_tau0
0 -13 13 -2 9
819 820 
LEAF 819 9
65 classes
51 1
-1 -1
LEAF 820 9
65 classes
-1 -1
NODE 816 8
2dots_tau0
0 9 13 -11 11
817 818 
LEAF 817 9
65 classes
2 0.210479
5 0.222457
48 0.432605
51 0.134458
-1 -1
LEAF 818 9
65 classes
7 0.0539948
10 0.195441
14 0.236854
30 0.324335
47 0.126416
48 0.0629583
-1 -1
NODE 808 7
2dots_tau0
0 10 -12 -12 10
809 810 
NODE 809 8
2dots_tau0
0 -15 12 3 13
813 814 
LEAF 813 9
65 classes
5 0.144634
10 0.436563
14 0.132267
24 0.126619
59 0.0804975
61 0.0794194
-1 -1
LEAF 814 9
65 classes
2 0.0766865
7 0.0675881
18 0.0730347
20 0.0645258
22 0.0841286
24 0.141911
35 0.0455217
41 0.0910433
48 0.0788082
54 0.146069
56 0.0855729
59 0.0451097
-1 -1
NODE 810 8
2dots_tau0
0 -15 5 -12 -12
811 812 
LEAF 811 9
65 classes
10 0.270444
24 0.0522922
27 0.0585423
51 0.216621
54 0.269123
59 0.132978
-1 -1
LEAF 812 9
65 classes
5 1
-1 -1
NODE 774 5
2dots_tau0
0 2 13 -5 6
775 776 
NODE 775 6
2dots_tau0
0 3 9 -8 8
791 792 
NODE 791 7
2dots_tau0
0 8 -6 -3 0
799 800 
NODE 799 8
2dots_tau0
0 3 -6 -9 11
803 804 
LEAF 803 9
65 classes
4 0.0573797
7 0.0389015
9 0.0964364
10 0.31682
24 0.122519
48 0.0907188
53 0.143899
54 0.0840728
56 0.0492529
-1 -1
LEAF 804 9
65 classes
10 0.273331
19 0.0721505
23 0.0817485
40 0.209661
47 0.070719
48 0.140879
53 0.111732
61 0.0397794
-1 -1
NODE 800 8
2dots_tau0
0 -5 -11 0 -8
801 802 
LEAF 801 9
65 classes
12 0.314388
20 0.223836
22 0.291837
51 0.169939
-1 -1
LEAF 802 9
65 classes
10 0.492634
20 0.0577485
24 0.0635028
48 0.0705308
54 0.196091
61 0.119493
-1 -1
NODE 792 7
2dots_tau0
0 -10 -4 -10 -1
793 794 
NODE 793 8
2dots_tau0
0 -5 -8 -11 14
797 798 
LEAF 797 9
65 classes
1 0.681818
40 0.318182
-1 -1
LEAF 798 9
65 classes
1 0.0841019
5 0.0813669
7 0.0678517
9 0.0841019
30 0.0452857
37 0.0810375
45 0.166802
48 0.237347
53 0.0627469
61 0.0893583
-1 -1
NODE 794 8
2dots_tau0
0 1 6 -2 -2
795 796 
LEAF 795 9
65 classes
1 0.122591
3 0.0610391
5 0.0593022
10 0.268497
28 0.0574344
40 0.171628
48 0.115323
51 0.0358436
53 0.0457315
56 0.0626109
-1 -1
LEAF 796 9
65 classes
1 0.669767
48 0.210019
59 0.120214
-1 -1
NODE 776 6
2dots_tau0
0 7 -4 -15 10
777 778 
NODE 777 7
2dots_tau0
0 14 0 2 0
785 786 
NODE 785 8
2dots_tau0
0 -5 11 -12 1
789 790 
LEAF 789 9
65 classes
23 0.291287
61 0.708713
-1 -1
LEAF 790 9
65 classes
7 0.752309
61 0.247691
-1 -1
NODE 786 8
2dots_tau0
0 6 2 0 -10
787 788 
LEAF 787 9
65 classes
20 0.145711
42 0.103031
45 0.375205
51 0.110626
54 0.164925
61 0.100501
-1 -1
LEAF 788 9
65 classes
48 0.635971
59 0.364029
-1 -1
NODE 778 7
2dots_tau0
0 -10 10 -13 -3
779 780 
NODE 779 8
2dots_tau0
0 0 12 3 -15
783 784 
LEAF 783 9
65 classes
1 0.578014
10 0.421986
-1 -1
LEAF 784 9
65 classes
5 0.526012
54 0.473988
-1 -1
NODE 780 8
2dots_tau0
0 9 8 1 13
781 782 
LEAF 781 9
65 classes
-1 -1
LEAF 782 9
65 classes
23 1
-1 -1
NODE 514 2
2dots_tau0
0 -12 10 -2 13
515 516 
NODE 515 3
2dots_tau0
0 5 -2 2 15
643 644 
NODE 643 4
2dots_tau0
0 10 -2 -4 3
707 708 
NODE 707 5
2dots_tau0
0 -5 -8 -7 10
739 740 
NODE 739 6
2dots_tau0
0 1 9 4 15
755 756 
NODE 755 7
2dots_tau0
0 -6 -3 -8 -7
763 764 
NODE 763 8
2dots_tau0
0 -14 9 -9 4
767 768 
LEAF 767 9
65 classes
1 0.0438385
5 0.212064
6 0.154571
16 0.0396713
20 0.0337655
22 0.0880468
28 0.082154
33 0.0778623
35 0.0238209
40 0.0818318
42 0.0238754
48 0.0412393
51 0.0512705
55 0.0239302
62 0.0220583
-1 -1
LEAF 768 9
65 classes
1 0.258198
7 0.0416617
19 0.0995159
20 0.318193
21 0.0537865
40 0.144591
42 0.0562481
59 0.0278059
-1 -1
NODE 764 8
2dots_tau0
0 -12 6 0 -1
765 766 
LEAF 765 9
65 classes
1 0.0293012
2 0.0268218
3 0.0291786
5 0.0283483
6 0.103314
7 0.0472792
14 0.155547
15 0.0230916
19 0.197635
20 0.0225685
23 0.159947
24 0.0496347
30 0.0157775
41 0.0318433
42 0.0159581
51 0.0342687
62 0.029487
-1 -1
LEAF 766 9
65 classes
1 0.0523876
3 0.0173895
4 0.0207804
6 0.0153929
13 0.0395818
15 0.0137619
16 0.079013
19 0.0504788
20 0.309353
24 0.103532
28 0.0327251
32 0.018554
40 0.0488951
42 0.114126
47 0.0164924
51 0.0306345
55 0.0190646
56 0.0178373
-1 -1
NODE 756 7
2dots_tau0
0 -11 2 9 13
757 758 
NODE 757 8
2dots_tau0
0 -12 9 7 5
761 762 
LEAF 761 9
65 classes
1 0.191942
14 0.0424555
16 0.0434241
19 0.092474
20 0.0369597
22 0.0481879
28 0.179851
42 0.235206
47 0.0453196
51 0.0841809
-1 -1
LEAF 762 9
65 classes
14 0.0640632
15 0.0570629
17 0.0650302
19 0.0697692
24 0.122655
41 0.314758
42 0.157739
48 0.0681146
49 0.0384665
51 0.0423415
-1 -1
NODE 758 8
2dots_tau0
0 13 -5 -2 -15
759 760 
LEAF 759 9
65 classes
1 0.0673677
6 0.118767
7 0.0543508
14 0.0596041
16 0.0609639
19 0.064913
20 0.0518884
24 0.114117
28 0.189372
41 0.0732123
42 0.0733799
59 0.0362749
61 0.0357891
-1 -1
LEAF 760 9
65 classes
3 0.0260527
6 0.0691845
18 0.0456161
20 0.0403016
22 0.0262726
24 0.0664762
28 0.0245142
41 0.540208
42 0.0427456
48 0.0738332
50 0.0447957
-1 -1
NODE 740 6
2dots_tau0
0 -1 -13 0 0
741 742 
NODE 741 7
2dots_tau0
0 11 -12 -13 6
749 750 
NODE 749 8
2dots_tau0
0 -8 14 -15 4
753 754 
LEAF 753 9
65 classes
5 0.346217
28 0.167656
35 0.0972253
41 0.388901
-1 -1
LEAF 754 9
65 classes
2 0.0678434
5 0.932157
-1 -1
NODE 750 8
2dots_tau0
0 5 10 4 11
751 752 
LEAF 751 9
65 classes
0 0.295984
5 0.364967
6 0.166263
17 0.0483999
18 0.0234908
40 0.075447
47 0.0254484
-1 -1
LEAF 752 9
65 classes
0 0.0742286
5 0.470718
6 0.0714794
19 0.0781353
40 0.075684
47 0.229755
-1 -1
NODE 742 7
2dots_tau0
0 -4 -8 -10 10
743 744 
NODE 743 8
2dots_tau0
0 -6 -14 7 -13
747 748 
LEAF 747 9
65 classes
17 0.769365
59 0.230635
-1 -1
LEAF 748 9
65 classes
2 0.107218
16 0.105995
17 0.21039
19 0.112861
24 0.0992051
28 0.109751
41 0.254581
-1 -1
NODE 744 8
2dots_tau0
0 12 12 13 7
745 746 
LEAF 745 9
65 classes
0 0.00576741
1 0.0189016
2 0.103813
5 0.0487651
7 0.0152494
14 0.0167233
15 0.0297919
16 0.0285081
17 0.096196
19 0.0485676
20 0.0145585
22 0.183486
24 0.0213456
28 0.188917
47 0.11901
49 0.00334716
51 0.0147374
53 0.00940141
54 0.00549277
55 0.0206357
59 0.00678518
-1 -1
LEAF 746 9
65 classes
1 0.0239915
2 0.0768651
5 0.162479
7 0.0387117
14 0.0212267
16 0.0434219
17 0.0323206
19 0.034676
20 0.00923944
22 0.192742
24 0.0304803
28 0.134881
47 0.124623
53 0.00894981
55 0.0589332
59 0.00645925
-1 -1
NODE 708 5
2dots_tau0
0 -8 0 7 -8
709 710 
NODE 709 6
2dots_tau0
0 -11 4 -8 -1
725 726 
NODE 725 7
2dots_tau0
0 -6 8 -2 -12
733 734 
NODE 733 8
2dots_tau0
0 2 10 -11 -14
737 738 
LEAF 737 9
65 classes
0 0.403142
15 0.0385639
19 0.0471511
39 0.025154
48 0.0460329
51 0.200305
54 0.213302
59 0.0263491
-1 -1
LEAF 738 9
65 classes
0 0.126914
15 0.109263
22 0.13923
24 0.234858
28 0.389735
-1 -1
NODE 734 8
2dots_tau0
0 14 -15 1 -2
735 736 
LEAF 735 9
65 classes
-1 -1
LEAF 736 9
65 classes
3 0.189212
6 0.111658
15 0.0998269
18 0.0552156
19 0.0610278
24 0.0536436
28 0.0593459
41 0.206491
48 0.0595805
54 0.0552156
63 0.0487827
-1 -1
NODE 726 7
2dots_tau0
0 0 3 -15 15
727 728 
NODE 727 8
2dots_tau0
0 12 1 -5 -11
731 732 
LEAF 731 9
65 classes
0 0.699074
15 0.300926
-1 -1
LEAF 732 9
65 classes
12 0.22527
15 0.328208
32 0.221247
35 0.113149
59 0.112125
-1 -1
NODE 728 8
2dots_tau0
0 -1 -5 10 3
729 730 
LEAF 729 9
65 classes
22 0.482533
59 0.517467
-1 -1
LEAF 730 9
65 classes
15 0.505728
20 0.494272
-1 -1
NODE 710 6
2dots_tau0
0 -5 14 -7 -3
711 712 
NODE 711 7
2dots_tau0
0 -15 -2 -5 8
719 720 
NODE 719 8
2dots_tau0
0 9 -3 -15 -10
723 724 
LEAF 723 9
65 classes
6 0.101736
19 0.0556045
21 0.0300532
22 0.115901
28 0.0540721
41 0.125427
47 0.109002
49 0.0306569
54 0.251544
55 0.126003
-1 -1
LEAF 724 9
65 classes
15 0.0721093
19 0.044083
21 0.0476521
22 0.045943
24 0.0774982
28 0.0428681
30 0.0246346
41 0.0994383
44 0.0500621
51 0.34779
53 0.0341332
54 0.0398846
59 0.0739038
-1 -1
NODE 720 8
2dots_tau0
0 10 15 -15 14
721 722 
LEAF 721 9
65 classes
3 0.399197
5 0.387838
49 0.212965
-1 -1
LEAF 722 9
65 classes
54 0.447368
59 0.552632
-1 -1
NODE 712 7
2dots_tau0
0 -8 3 -7 -2
713 714 
NODE 713 8
2dots_tau0
0 -8 7 6 -6
717 718 
LEAF 717 9
65 classes
1 0.357256
19 0.172119
24 0.302587
48 0.168037
-1 -1
LEAF 718 9
65 classes
3 0.0490827
6 0.260684
41 0.21426
42 0.161063
48 0.0463666
51 0.23058
63 0.0379636
-1 -1
NODE 714 8
2dots_tau0
0 15 -5 15 -1
715 716 
LEAF 715 9
65 classes
0 0.052503
5 0.055491
6 0.0505584
18 0.0500029
32 0.060941
41 0.311662
42 0.12495
51 0.20124
59 0.0926524
-1 -1
LEAF 716 9
65 classes
14 0.145506
18 0.430123
19 0.158467
32 0.0873688
44 0.0899798
59 0.0885548
-1 -1
NODE 644 4
2dots_tau0
0 8 1 0 -14
645 646 
NODE 645 5
2dots_tau0
0 9 3 3 5
677 678 
NODE 677 6
2dots_tau0
0 11 6 13 0
693 694 
NODE 693 7
2dots_tau0
0 -13 8 -6 -2
701 702 
NODE 701 8
2dots_tau0
0 -1 15 3 -6
705 706 
LEAF 705 9
65 classes
1 0.032056
5 0.0310135
7 0.181035
10 0.140417
15 0.0505253
19 0.030888
20 0.0493808
24 0.271506
40 0.0299189
42 0.0174584
47 0.0302751
52 0.0321913
59 0.0863046
61 0.0170298
-1 -1
LEAF 706 9
65 classes
3 0.142045
5 0.0690014
7 0.0287701
10 0.0260343
14 0.0631016
17 0.0960811
18 0.186531
24 0.211424
28 0.100242
42 0.0194214
59 0.0384035
61 0.0189446
-1 -1
NODE 702 8
2dots_tau0
0 0 3 12 -10
703 704 
LEAF 703 9
65 classes
6 0.534058
15 0.0954937
18 0.211276
20 0.0933305
35 0.0658427
-1 -1
LEAF 704 9
65 classes
7 0.244597
19 0.146065
22 0.152228
42 0.0825585
45 0.150325
48 0.142601
59 0.0816246
-1 -1
NODE 694 7
2dots_tau0
0 12 -8 10 -14
695 696 
NODE 695 8
2dots_tau0
0 -7 -13 2 0
699 700 
LEAF 699 9
65 classes
42 1
-1 -1
LEAF 700 9
65 classes
1 0.167739
7 0.135329
24 0.142071
42 0.456773
51 0.0980883
-1 -1
NODE 696 8
2dots_tau0
0 -8 -8 0 3
697 698 
LEAF 697 9
65 classes
7 0.205282
14 0.225123
24 0.431018
42 0.138577
-1 -1
LEAF 698 9
65 classes
24 1
-1 -1
NODE 678 6
2dots_tau0
0 9 6 6 11
679 680 
NODE 679 7
2dots_tau0
0 0 8 -4 14
687 688 
NODE 687 8
2dots_tau0
0 8 -14 0 7
691 692 
LEAF 691 9
65 classes
10 0.244727
17 0.30106
20 0.258191
51 0.196022
-1 -1
LEAF 692 9
65 classes
0 0.0364663
10 0.0872506
12 0.0430965
18 0.138919
20 0.306836
24 0.202446
28 0.111983
33 0.0353777
47 0.037624
-1 -1
NODE 688 8
2dots_tau0
0 11 2 5 13
689 690 
LEAF 689 9
65 classes
51 1
-1 -1
LEAF 690 9
65 classes
-1 -1
NODE 680 7
2dots_tau0
0 12 -14 10 6
681 682 
NODE 681 8
2dots_tau0
0 9 13 0 -2
685 686 
LEAF 685 9
65 classes
5 0.0631545
20 0.0502783
24 0.718747
28 0.0611654
42 0.106654
-1 -1
LEAF 686 9
65 classes
5 0.0716367
15 0.116706
24 0.250856
35 0.0804687
41 0.0804687
51 0.0865977
54 0.193655
59 0.119611
-1 -1
NODE 682 8
2dots_tau0
0 -9 1 0 6
683 684 
LEAF 683 9
65 classes
10 0.420988
24 0.366305
28 0.135081
59 0.0776257
-1 -1
LEAF 684 9
65 classes
5 0.0295154
6 0.0537837
10 0.334086
18 0.079789
20 0.0939909
24 0.103357
28 0.0857574
47 0.144063
54 0.0265963
59 0.0328543
61 0.0162071
-1 -1
NODE 646 5
2dots_tau0
0 -15 -11 7 -12
647 648 
NODE 647 6
2dots_tau0
0 -9 -8 -12 -11
663 664 
NODE 663 7
2dots_tau0
0 6 13 11 -9
671 672 
NODE 671 8
2dots_tau0
0 -12 -4 -4 -11
675 676 
LEAF 675 9
65 classes
3 0.254991
20 0.197226
39 0.131626
41 0.278278
59 0.13788
-1 -1
LEAF 676 9
65 classes
3 0.107803
18 0.0943772
24 0.0916903
30 0.116584
39 0.0556479
41 0.470593
51 0.0633046
-1 -1
NODE 672 8
2dots_tau0
0 -13 12 0 11
673 674 
LEAF 673 9
65 classes
51 0.68474
59 0.315259
-1 -1
LEAF 674 9
65 classes
-1 -1
NODE 664 7
2dots_tau0
0 0 0 -6 1
665 666 
NODE 665 8
2dots_tau0
0 15 9 2 -15
669 670 
LEAF 669 9
65 classes
5 0.291882
7 0.0811333
15 0.0264176
18 0.204567
20 0.103276
21 0.0174576
22 0.0336629
24 0.0567837
28 0.0628198
47 0.0316592
48 0.031534
51 0.0588067
-1 -1
LEAF 670 9
65 classes
1 0.030052
5 0.0290747
15 0.1421
18 0.209593
24 0.356346
30 0.113273
44 0.0328845
47 0.0283824
51 0.0351468
63 0.0231468
-1 -1
NODE 666 8
2dots_tau0
0 -13 0 -4 -12
667 668 
LEAF 667 9
65 classes
53 1
-1 -1
LEAF 668 9
65 classes
3 0.360963
6 0.639037
-1 -1
NODE 648 6
2dots_tau0
0 -3 -9 11 -15
649 650 
NODE 649 7
2dots_tau0
0 -9 10 -11 0
657 658 
NODE 657 8
2dots_tau0
0 0 9 -7 -8
661 662 
LEAF 661 9
65 classes
18 1
-1 -1
LEAF 662 9
65 classes
3 1
-1 -1
NODE 658 8
2dots_tau0
0 2 -4 0 10
659 660 
LEAF 659 9
65 classes
3 0.364899
18 0.456362
20 0.0806388
28 0.0980999
-1 -1
LEAF 660 9
65 classes
1 0.161005
3 0.160331
5 0.155769
20 0.372031
28 0.150863
-1 -1
NODE 650 7
2dots_tau0
0 -4 1 -14 13
651 652 
NODE 651 8
2dots_tau0
0 -1 8 -1 7
655 656 
LEAF 655 9
65 classes
15 0.411
42 0.284032
51 0.304968
-1 -1
LEAF 656 9
65 classes
42 1
-1 -1
NODE 652 8
2dots_tau0
0 -1 7 5 13
653 654 
LEAF 653 9
65 classes
2 0.126762
5 0.535906
22 0.139064
24 0.117289
51 0.0809784
-1 -1
LEAF 654 9
65 classes
5 0.687438
14 0.096717
16 0.0494617
18 0.0476499
42 0.0893028
59 0.0294309
-1 -1
NODE 516 3
2dots_tau0
0 7 14 -2 5
517 518 
NODE 517 4
2dots_tau0
0 -7 -7 -10 -5
581 582 
NODE 581 5
2dots_tau0
0 12 -11 10 -2
613 614 
NODE 613 6
2dots_tau0
0 -4 -6 12 0
629 630 
NODE 629 7
2dots_tau0
0 13 7 1 9
637 638 
NODE 637 8
2dots_tau0
0 -8 4 -7 -5
641 642 
LEAF 641 9
65 classes
41 0.671664
61 0.328336
-1 -1
LEAF 642 9
65 classes
6 0.209618
7 0.095927
18 0.310972
42 0.323781
52 0.0597014
-1 -1
NODE 638 8
2dots_tau0
0 2 12 -9 -8
639 640 
LEAF 639 9
65 classes
0 0.025856
6 0.0248984
15 0.0890406
18 0.0984991
19 0.0272169
20 0.0435118
24 0.0478474
27 0.0267831
33 0.0250842
41 0.09209
42 0.0615338
48 0.0265714
51 0.0165174
53 0.0210739
58 0.373476
-1 -1
LEAF 640 9
65 classes
20 0.459034
42 0.540966
-1 -1
NODE 630 7
2dots_tau0
0 9 11 9 -2
631 632 
NODE 631 8
2dots_tau0
0 3 -4 -14 -2
635 636 
LEAF 635 9
65 classes
2 0.362451
6 0.0698054
16 0.0716633
18 0.0690383
47 0.0747915
54 0.207115
61 0.0841404
63 0.060995
-1 -1
LEAF 636 9
65 classes
20 0.689225
24 0.252634
51 0.058141
-1 -1
NODE 632 8
2dots_tau0
0 -5 -5 -12 15
633 634 
LEAF 633 9
65 classes
16 0.378593
42 0.227849
48 0.393558
-1 -1
LEAF 634 9
65 classes
15 0.125447
16 0.2881
19 0.153381
41 0.172991
42 0.260081
-1 -1
NODE 614 6
2dots_tau0
0 -2 -10 12 -7
615 616 
NODE 615 7
2dots_tau0
0 5 -8 -5 11
623 624 
NODE 623 8
2dots_tau0
0 -6 -12 4 5
627 628 
LEAF 627 9
65 classes
3 0.436599
18 0.169877
19 0.0469398
20 0.0375214
48 0.13748
62 0.171583
-1 -1
LEAF 628 9
65 classes
5 0.0459199
18 0.0413784
20 0.0365576
27 0.180021
35 0.0257906
41 0.361069
48 0.0892988
59 0.0766717
62 0.143293
-1 -1
NODE 624 8
2dots_tau0
0 -5 7 -14 0
625 626 
LEAF 625 9
65 classes
15 0.195724
18 0.216515
19 0.239306
49 0.131939
54 0.216515
-1 -1
LEAF 626 9
65 classes
3 0.258438
24 0.21981
48 0.244137
49 0.137872
59 0.139743
-1 -1
NODE 616 7
2dots_tau0
0 5 8 -7 0
617 618 
NODE 617 8
2dots_tau0
0 11 -4 9 8
621 622 
LEAF 621 9
65 classes
14 0.116925
16 0.119593
20 0.101789
27 0.12531
41 0.143621
42 0.0719746
47 0.249626
59 0.0711605
-1 -1
LEAF 622 9
65 classes
2 0.257821
20 0.433874
24 0.159036
41 0.10203
62 0.0472399
-1 -1
NODE 618 8
2dots_tau0
0 7 2 -4 13
619 620 
LEAF 619 9
65 classes
22 0.452914
42 0.122815
48 0.424271
-1 -1
LEAF 620 9
65 classes
42 1
-1 -1
NODE 582 5
2dots_tau0
0 -9 0 1 3
583 584 
NODE 583 6
2dots_tau0
0 -15 -12 7 3
599 600 
NODE 599 7
2dots_tau0
0 0 12 5 11
607 608 
NODE 607 8
2dots_tau0
0 -13 9 0 -6
611 612 
LEAF 611 9
65 classes
5 0.269609
7 0.112413
14 0.123278
28 0.130558
48 0.131075
51 0.162958
62 0.0701096
-1 -1
LEAF 612 9
65 classes
1 0.0534558
3 0.0532321
5 0.0517174
7 0.0431271
20 0.0823462
28 0.250443
35 0.0580935
42 0.407585
-1 -1
NODE 608 8
2dots_tau0
0 1 -10 0 -5
609 610 
LEAF 609 9
65 classes
1 0.224152
3 0.148809
7 0.241121
22 0.0750324
42 0.162771
48 0.0702873
59 0.0402323
62 0.0375955
-1 -1
LEAF 610 9
65 classes
1 0.15654
3 0.0779427
5 0.0757248
7 0.0631468
40 0.219156
42 0.127883
45 0.155236
51 0.0457698
52 0.0786004
-1 -1
NODE 600 7
2dots_tau0
0 11 5 1 -2
601 602 
NODE 601 8
2dots_tau0
0 -6 -2 -5 2
605 606 
LEAF 605 9
65 classes
0 0.256171
7 0.112889
19 0.134827
40 0.130597
41 0.152065
48 0.131629
51 0.0818235
-1 -1
LEAF 606 9
65 classes
1 0.155852
3 0.232799
5 0.0753916
19 0.0750864
40 0.218192
41 0.169373
48 0.0733057
-1 -1
NODE 602 8
2dots_tau0
0 -13 -4 11 -1
603 604 
LEAF 603 9
65 classes
5 0.105175
10 0.0396826
19 0.0523746
22 0.218338
28 0.0509312
41 0.118142
47 0.205342
48 0.153397
59 0.0292681
62 0.0273499
-1 -1
LEAF 604 9
65 classes
10 0.140123
19 0.184939
41 0.208584
42 0.104531
47 0.18127
48 0.180553
-1 -1
NODE 584 6
2dots_tau0
0 8 -6 -7 -4
585 586 
NODE 585 7
2dots_tau0
0 -13 12 15 12
593 594 
NODE 593 8
2dots_tau0
0 -15 -11 -8 -15
597 598 
LEAF 597 9
65 classes
5 0.276277
15 0.0750155
18 0.138307
19 0.0305731
20 0.0244387
24 0.134369
27 0.0300859
28 0.0891917
40 0.029614
41 0.068964
48 0.0298481
63 0.0733161
-1 -1
LEAF 598 9
65 classes
1 0.209163
20 0.241654
27 0.0991647
28 0.0979934
33 0.185749
41 0.113655
62 0.0526223
-1 -1
NODE 594 8
2dots_tau0
0 5 0 -6 -4
595 596 
LEAF 595 9
65 classes
2 0.0900687
3 0.0408261
5 0.118993
6 0.0216832
7 0.0132304
16 0.00742011
18 0.200153
20 0.227358
23 0.00895178
24 0.0069448
28 0.00768302
35 0.00445545
37 0.00790076
40 0.00765289
41 0.0445545
42 0.0178626
45 0.0081312
48 0.0154268
49 0.030492
53 0.0367051
54 0.0285932
55 0.00895178
59 0.00883026
62 0.0371319
-1 -1
LEAF 596 9
65 classes
3 0.404
24 0.171808
49 0.107763
56 0.207202
59 0.109226
-1 -1
NODE 586 7
2dots_tau0
0 15 -4 0 -4
587 588 
NODE 587 8
2dots_tau0
0 5 11 -1 11
591 592 
LEAF 591 9
65 classes
9 0.514286
47 0.485714
-1 -1
LEAF 592 9
65 classes
24 0.746226
28 0.16511
62 0.0886637
-1 -1
NODE 588 8
2dots_tau0
0 13 -13 -14 9
589 590 
LEAF 589 9
65 classes
22 0.227538
24 0.191909
28 0.212309
41 0.246239
59 0.122005
-1 -1
LEAF 590 9
65 classes
3 0.206942
6 0.0915909
15 0.0272953
18 0.362338
20 0.0533539
28 0.0324535
41 0.0376401
49 0.0919998
62 0.0697098
63 0.026677
-1 -1
NODE 518 4
2dots_tau0
0 -4 10 0 0
519 520 
NODE 519 5
2dots_tau0
0 0 -9 -10 -12
551 552 
NODE 551 6
2dots_tau0
0 7 2 9 10
567 568 
NODE 567 7
2dots_tau0
0 -8 -14 -13 7
575 576 
NODE 575 8
2dots_tau0
0 14 3 0 -7
579 580 
LEAF 579 9
65 classes
15 0.531317
24 0.285512
35 0.183171
-1 -1
LEAF 580 9
65 classes
15 0.716963
40 0.283037
-1 -1
NODE 576 8
2dots_tau0
0 5 15 14 0
577 578 
LEAF 577 9
65 classes
0 0.270124
15 0.581393
62 0.148483
-1 -1
LEAF 578 9
65 classes
0 0.274907
15 0.47335
23 0.163935
51 0.0878081
-1 -1
NODE 568 7
2dots_tau0
0 12 -11 3 15
569 570 
NODE 569 8
2dots_tau0
0 -10 4 -10 7
573 574 
LEAF 573 9
65 classes
63 1
-1 -1
LEAF 574 9
65 classes
63 1
-1 -1
NODE 570 8
2dots_tau0
0 3 -5 14 4
571 572 
LEAF 571 9
65 classes
5 0.15531
10 0.117197
15 0.253022
35 0.0872292
54 0.13995
63 0.24729
-1 -1
LEAF 572 9
65 classes
10 0.139467
40 0.178299
48 0.179708
50 0.163547
52 0.19184
63 0.14714
-1 -1
NODE 552 6
2dots_tau0
0 1 -4 13 -9
553 554 
NODE 553 7
2dots_tau0
0 4 11 10 -7
561 562 
NODE 561 8
2dots_tau0
0 -8 14 15 -2
565 566 
LEAF 565 9
65 classes
10 0.519165
15 0.224169
49 0.075557
62 0.0715635
63 0.109545
-1 -1
LEAF 566 9
65 classes
5 0.140315
9 0.145032
20 0.223415
35 0.157614
45 0.143823
59 0.078094
63 0.111707
-1 -1
NODE 562 8
2dots_tau0
0 -14 11 -14 11
563 564 
LEAF 563 9
65 classes
41 0.585227
63 0.414773
-1 -1
LEAF 564 9
65 classes
-1 -1
NODE 554 7
2dots_tau0
0 -11 -11 -6 2
555 556 
NODE 555 8
2dots_tau0
0 -10 -6 -3 -15
559 560 
LEAF 559 9
65 classes
1 0.103427
7 0.166886
14 0.091508
15 0.0815088
40 0.193064
49 0.0549457
53 0.30866
-1 -1
LEAF 560 9
65 classes
15 0.438077
20 0.285435
53 0.276487
-1 -1
NODE 556 8
2dots_tau0
0 -6 -1 1 9
557 558 
LEAF 557 9
65 classes
-1 -1
LEAF 558 9
65 classes
9 0.373216
40 0.348335
53 0.278449
-1 -1
NODE 520 5
2dots_tau0
0 11 11 -3 -7
521 522 
NODE 521 6
2dots_tau0
0 -15 -7 9 -5
537 538 
NODE 537 7
2dots_tau0
0 4 0 -13 -3
545 546 
NODE 545 8
2dots_tau0
0 4 -9 -9 -12
549 550 
LEAF 549 9
65 classes
2 0.115832
5 0.0612122
6 0.0557711
15 0.0498616
18 0.165475
22 0.127073
24 0.160764
28 0.0592843
49 0.100836
54 0.0551583
63 0.048732
-1 -1
LEAF 550 9
65 classes
15 0.0729223
20 0.391987
22 0.046461
24 0.235116
28 0.0433514
49 0.147472
51 0.0270547
63 0.0356352
-1 -1
NODE 546 8
2dots_tau0
0 13 -5 -4 -12
547 548 
LEAF 547 9
65 classes
5 0.37544
7 0.125231
10 0.0849922
15 0.0305822
16 0.0351172
20 0.0896681
22 0.0779394
24 0.0328677
51 0.0226924
53 0.0289524
54 0.0338308
59 0.0626865
-1 -1
LEAF 548 9
65 classes
15 0.0923184
20 0.360908
22 0.235276
47 0.221271
63 0.090227
-1 -1
NODE 538 7
2dots_tau0
0 -13 10 -11 -11
539 540 
NODE 539 8
2dots_tau0
0 -1 -5 -8 9
543 544 
LEAF 543 9
65 classes
5 0.120718
10 0.0910941
22 0.125302
28 0.233832
35 0.0678006
49 0.0662872
53 0.186186
54 0.108779
-1 -1
LEAF 544 9
65 classes
15 0.107431
24 0.23092
53 0.305118
54 0.35653
-1 -1
NODE 540 8
2dots_tau0
0 -9 0 11 9
541 542 
LEAF 541 9
65 classes
19 0.246401
24 0.108293
47 0.120756
54 0.111467
59 0.413083
-1 -1
LEAF 542 9
65 classes
7 0.0646415
11 0.089527
16 0.0725066
19 0.0772034
23 0.0874736
24 0.271448
48 0.0753725
55 0.218684
59 0.0431431
-1 -1
NODE 522 6
2dots_tau0
0 15 8 13 2
523 524 
NODE 523 7
2dots_tau0
0 8 -13 -11 4
531 532 
NODE 531 8
2dots_tau0
0 -15 7 14 0
535 536 
LEAF 535 9
65 classes
5 0.0234157
6 0.0213343
14 0.0214136
15 0.209811
22 0.0243049
24 0.266489
33 0.0214935
35 0.0394539
41 0.157816
44 0.039726
47 0.0228582
48 0.0227678
51 0.028306
55 0.0132116
59 0.0130323
63 0.0745666
-1 -1
LEAF 536 9
65 classes
12 0.0481922
13 0.0504871
23 0.0486343
24 0.0377305
27 0.0422402
41 0.532535
63 0.240181
-1 -1
NODE 532 8
2dots_tau0
0 -2 -13 1 -11
533 534 
LEAF 533 9
65 classes
18 0.193967
24 0.565333
35 0.120897
59 0.119803
-1 -1
LEAF 534 9
65 classes
5 0.102058
6 0.0929864
15 0.332534
22 0.105934
24 0.0893463
41 0.114641
63 0.1625
-1 -1
NODE 524 7
2dots_tau0
0 -5 -10 -10 -9
525 526 
NODE 525 8
2dots_tau0
0 -14 3 7 2
529 530 
LEAF 529 9
65 classes
5 0.542003
15 0.22075
24 0.237247
-1 -1
LEAF 530 9
65 classes
6 0.0765606
15 0.0684482
20 0.0668976
24 0.220691
28 0.0813833
33 0.231396
35 0.0471949
41 0.0943898
49 0.0461414
63 0.0668976
-1 -1
NODE 526 8
2dots_tau0
0 3 3 -13 -11
527 528 
LEAF 527 9
65 classes
6 0.0662501
15 0.0592302
20 0.0578885
22 0.0754748
24 0.700224
42 0.0409326
-1 -1
LEAF 528 9
65 classes
19 0.783902
32 0.216098
-1 -1
NODE 2 1
2dots_tau0
0 -8 0 -14 -7
3 4 
NODE 3 2
2dots_tau0
0 3 7 10 -10
259 260 
NODE 259 3
2dots_tau0
0 -10 -4 6 -4
387 388 
NODE 387 4
2dots_tau0
0 7 7 5 0
451 452 
NODE 451 5
2dots_tau0
0 -11 1 -15 -1
483 484 
NODE 483 6
2dots_tau0
0 10 10 14 12
499 500 
NODE 499 7
2dots_tau0
0 14 -8 -6 -5
507 508 
NODE 507 8
2dots_tau0
0 13 -12 5 15
511 512 
LEAF 511 9
65 classes
10 0.0495734
30 0.0365632
33 0.422114
35 0.0737942
44 0.148606
45 0.269349
-1 -1
LEAF 512 9
65 classes
5 0.0640853
7 0.142508
23 0.0723165
30 0.0356674
33 0.117649
40 0.144255
42 0.0120252
44 0.0483218
45 0.153271
47 0.0625595
52 0.0886919
61 0.0586495
-1 -1
NODE 508 8
2dots_tau0
0 -4 -5 11 4
509 510 
LEAF 509 9
65 classes
1 0.0655535
3 0.0652792
4 0.0390043
12 0.283668
41 0.0712408
47 0.0309558
48 0.0308335
59 0.017649
62 0.395816
-1 -1
LEAF 510 9
65 classes
1 0.100803
5 0.0975245
7 0.14232
18 0.0219698
20 0.0388205
35 0.0136935
40 0.399851
44 0.013788
47 0.0952025
52 0.025307
62 0.050721
-1 -1
NODE 500 7
2dots_tau0
0 7 -14 1 -14
501 502 
NODE 501 8
2dots_tau0
0 -10 5 8 13
505 506 
LEAF 505 9
65 classes
5 0.223074
7 0.186021
22 0.0771819
45 0.152434
52 0.154364
59 0.206924
-1 -1
LEAF 506 9
65 classes
1 0.0761115
9 0.0761115
21 0.118914
23 0.0830942
30 0.286882
44 0.0416426
45 0.0754772
51 0.0445075
52 0.0764326
55 0.0415471
59 0.0409831
62 0.0382971
-1 -1
NODE 502 8
2dots_tau0
0 15 -11 -2 -7
503 504 
LEAF 503 9
65 classes
5 0.282349
44 0.119755
45 0.0723519
51 0.0426645
52 0.293071
56 0.0745256
59 0.0785722
62 0.0367113
-1 -1
LEAF 504 9
65 classes
1 0.0817159
3 0.122061
5 0.0395292
33 0.0362843
45 0.081035
56 0.0417347
59 0.0220004
62 0.575639
-1 -1
NODE 484 6
2dots_tau0
0 -1 8 13 8
485 486 
NODE 485 7
2dots_tau0
0 12 8 9 -14
493 494 
NODE 493 8
2dots_tau0
0 -8 -4 -8 -4
497 498 
LEAF 497 9
65 classes
3 0.218849
33 0.585502
49 0.058376
53 0.0819825
62 0.0552905
-1 -1
LEAF 498 9
65 classes
-1 -1
NODE 494 8
2dots_tau0
0 -13 -12 -7 4
495 496 
LEAF 495 9
65 classes
3 1
-1 -1
LEAF 496 9
65 classes
15 0.442804
45 0.557196
-1 -1
NODE 486 7
2dots_tau0
0 -1 9 -9 15
487 488 
NODE 487 8
2dots_tau0
0 -8 13 -4 -3
491 492 
LEAF 491 9
65 classes
7 0.0656709
23 0.444333
33 0.072287
40 0.0759722
44 0.133606
52 0.0817422
56 0.0831455
61 0.0432431
-1 -1
LEAF 492 9
65 classes
3 0.502398
20 0.0971466
23 0.137699
30 0.0679147
59 0.0679147
62 0.126927
-1 -1
NODE 488 8
2dots_tau0
0 5 2 -6 0
489 490 
LEAF 489 9
65 classes
3 0.103784
7 0.210206
20 0.321092
23 0.113781
44 0.0855323
51 0.0609444
52 0.10466
-1 -1
LEAF 490 9
65 classes
3 0.0297923
7 0.193095
23 0.58792
30 0.0161094
44 0.0654746
45 0.0296682
52 0.0300437
59 0.0161094
61 0.0317874
-1 -1
NODE 452 5
2dots_tau0
0 -14 8 6 7
453 454 
NODE 453 6
2dots_tau0
0 -9 -8 -12 1
469 470 
NODE 469 7
2dots_tau0
0 -7 -12 -5 3
477 478 
NODE 477 8
2dots_tau0
0 -7 8 -11 -11
481 482 
LEAF 481 9
65 classes
7 0.58824
19 0.0878192
22 0.0915247
28 0.085399
35 0.0495236
59 0.0490754
61 0.0484182
-1 -1
LEAF 482 9
65 classes
7 0.35863
22 0.223198
28 0.20826
47 0.209912
-1 -1
NODE 478 8
2dots_tau0
0 2 3 -3 15
479 480 
LEAF 479 9
65 classes
5 0.37208
44 0.420835
59 0.207085
-1 -1
LEAF 480 9
65 classes
5 0.127049
12 0.142064
22 0.659368
42 0.0715195
-1 -1
NODE 470 7
2dots_tau0
0 -8 0 0 -11
471 472 
NODE 471 8
2dots_tau0
0 -14 4 -4 -14
475 476 
LEAF 475 9
65 classes
7 0.236748
19 0.0942519
22 0.0982288
28 0.0916544
44 0.321106
59 0.158011
-1 -1
LEAF 476 9
65 classes
28 0.35818
44 0.418288
51 0.223532
-1 -1
NODE 472 8
2dots_tau0
0 -12 5 10 -14
473 474 
LEAF 473 9
65 classes
3 1
-1 -1
LEAF 474 9
65 classes
-1 -1
NODE 454 6
2dots_tau0
0 8 -13 15 -12
455 456 
NODE 455 7
2dots_tau0
0 -13 -6 2 -11
463 464 
NODE 463 8
2dots_tau0
0 11 7 8 -14
467 468 
LEAF 467 9
65 classes
0 0.0681035
9 0.0743988
20 0.515735
41 0.161707
47 0.140531
49 0.0395244
-1 -1
LEAF 468 9
65 classes
0 0.348048
20 0.292856
47 0.359097
-1 -1
NODE 464 8
2dots_tau0
0 3 14 -14 -10
465 466 
LEAF 465 9
65 classes
0 0.073443
3 0.159792
19 0.231925
23 0.0875926
24 0.0679544
35 0.0435963
41 0.174385
52 0.0805704
62 0.0807407
-1 -1
LEAF 466 9
65 classes
0 0.486166
5 0.513834
-1 -1
NODE 456 7
2dots_tau0
0 -8 4 -4 3
457 458 
NODE 457 8
2dots_tau0
0 11 1 15 2
461 462 
LEAF 461 9
65 classes
0 0.243489
3 0.132442
15 0.104813
35 0.0722685
47 0.251219
48 0.125113
61 0.0706553
-1 -1
LEAF 462 9
65 classes
3 0.294583
12 0.0800062
19 0.0712606
20 0.113925
35 0.241115
59 0.19911
-1 -1
NODE 458 8
2dots_tau0
0 5 15 -15 -11
459 460 
LEAF 459 9
65 classes
0 0.123878
3 0.336908
21 0.035239
27 0.0641602
41 0.220606
44 0.0370212
55 0.0369362
59 0.109305
61 0.0359469
-1 -1
LEAF 460 9
65 classes
0 0.317262
12 0.374946
33 0.307792
-1 -1
NODE 388 4
2dots_tau0
0 4 14 1 -11
389 390 
NODE 389 5
2dots_tau0
0 -6 11 8 -7
421 422 
NODE 421 6
2dots_tau0
0 8 11 11 5
437 438 
NODE 437 7
2dots_tau0
0 13 4 -1 -2
445 446 
NODE 445 8
2dots_tau0
0 5 -8 -5 -12
449 450 
LEAF 449 9
65 classes
0 0.049731
9 0.0108656
10 0.277639
11 0.0242818
12 0.0352638
13 0.036943
15 0.00856295
18 0.00947257
20 0.00836897
21 0.016976
23 0.0118624
33 0.0096493
35 0.041329
39 0.0558534
41 0.0118083
45 0.0431002
47 0.010262
48 0.0306642
49 0.00577235
50 0.130231
51 0.00635384
52 0.109114
54 0.00947257
59 0.0409549
62 0.00546726
-1 -1
LEAF 450 9
65 classes
3 0.0495062
7 0.0401084
13 0.0563428
19 0.0159676
23 0.361835
30 0.00892307
33 0.0441492
35 0.135068
40 0.0309333
41 0.0720365
44 0.0181333
49 0.0264107
50 0.0283741
51 0.00969041
55 0.00904586
59 0.0267692
62 0.0667061
-1 -1
NODE 446 8
2dots_tau0
0 11 12 -14 3
447 448 
LEAF 447 9
65 classes
0 0.0784121
3 0.113736
10 0.0208458
12 0.0308896
18 0.0497855
19 0.027513
28 0.0267548
32 0.015169
35 0.0155153
40 0.0532997
41 0.124123
48 0.0268605
49 0.045507
50 0.024445
51 0.0166971
62 0.330447
-1 -1
LEAF 448 9
65 classes
0 0.449274
10 0.204753
28 0.0656982
33 0.0622662
35 0.114297
48 0.0659578
59 0.0377541
-1 -1
NODE 438 7
2dots_tau0
0 6 -14 11 -1
439 440 
NODE 439 8
2dots_tau0
0 -11 -14 -9 6
443 444 
LEAF 443 9
65 classes
15 0.758013
62 0.241987
-1 -1
LEAF 444 9
65 classes
0 0.0849455
18 0.0809005
23 0.202622
33 0.0824099
37 0.0894164
40 0.259833
59 0.199872
-1 -1
NODE 440 8
2dots_tau0
0 -1 -10 -11 -14
441 442 
LEAF 441 9
65 classes
0 0.0799554
3 0.0158147
9 0.0714651
11 0.00887256
12 0.00859025
13 0.0359972
18 0.0346127
21 0.0124061
23 0.0433453
32 0.00843685
33 0.0070517
35 0.0345179
39 0.0448994
41 0.00862948
45 0.0472464
49 0.0126553
50 0.115567
52 0.350859
55 0.00433453
59 0.0427569
62 0.0119864
-1 -1
LEAF 442 9
65 classes
4 0.100633
9 0.0563771
11 0.0629942
13 0.031947
15 0.0444297
20 0.0217116
22 0.056615
28 0.0264129
30 0.0151785
39 0.01449
40 0.0526187
44 0.0308454
45 0.083861
48 0.0530346
52 0.169845
55 0.0307747
56 0.0287935
59 0.0910708
62 0.0283673
-1 -1
NODE 422 6
2dots_tau0
0 12 -10 -10 6
423 424 
NODE 423 7
2dots_tau0
0 2 -11 0 -5
431 432 
NODE 431 8
2dots_tau0
0 -4 -8 4 9
435 436 
LEAF 435 9
65 classes
0 0.526889
32 0.101928
33 0.170387
35 0.104255
62 0.0965407
-1 -1
LEAF 436 9
65 classes
0 0.0198843
2 0.00994213
6 0.129248
7 0.00438128
9 0.076028
10 0.011894
11 0.0121359
12 0.0352494
13 0.0430826
19 0.0052327
20 0.00418277
21 0.0141409
23 0.0355728
27 0.0102986
32 0.0346199
33 0.21702
35 0.00295086
37 0.0627924
39 0.0362898
40 0.0101371
41 0.0118034
50 0.0743872
52 0.010907
56 0.0277356
58 0.0718043
59 0.00292416
61 0.014425
62 0.01093
-1 -1
NODE 432 8
2dots_tau0
0 10 -15 -6 -3
433 434 
LEAF 433 9
65 classes
2 0.00466448
4 0.0121277
9 0.0662435
10 0.379454
11 0.00569373
13 0.0866261
21 0.0185763
23 0.0500683
30 0.00274381
32 0.0676766
33 0.0497777
37 0.0932896
39 0.0183355
49 0.00541413
50 0.0479871
56 0.01041
58 0.0673759
61 0.0135353
-1 -1
LEAF 434 9
65 classes
0 0.0575596
3 0.0208724
6 0.0369519
11 0.0234202
12 0.068025
13 0.0237548
16 0.0379354
21 0.0218315
23 0.0915321
32 0.011135
35 0.0455571
37 0.181767
39 0.118517
41 0.0227785
49 0.0668103
59 0.0338586
61 0.011135
62 0.126558
-1 -1
NODE 424 7
2dots_tau0
0 6 15 14 6
425 426 
NODE 425 8
2dots_tau0
0 -5 7 15 3
429 430 
LEAF 429 9
65 classes
0 0.0204421
4 0.0265747
11 0.0249528
12 0.0483177
15 0.0175992
16 0.0202089
18 0.0194687
19 0.021518
27 0.148226
35 0.0364038
37 0.043036
39 0.0114794
41 0.0485383
45 0.0221456
48 0.0210077
50 0.458845
62 0.0112367
-1 -1
LEAF 430 9
65 classes
3 0.00785281
4 0.0187682
6 0.0278048
9 0.0473148
10 0.345427
11 0.123359
12 0.025593
16 0.0142724
18 0.0068748
20 0.00607386
21 0.00410683
27 0.0224321
28 0.0665015
33 0.0140061
35 0.00428498
37 0.0987801
39 0.00405361
41 0.0171399
45 0.0156402
49 0.00837867
50 0.0607604
56 0.0563852
61 0.00418933
-1 -1
NODE 426 8
2dots_tau0
0 -14 -2 12 5
427 428 
LEAF 427 9
65 classes
27 0.501984
48 0.498016
-1 -1
LEAF 428 9
65 classes
1 0.011803
4 0.0561821
6 0.0416164
9 0.0708178
11 0.131883
12 0.0510746
13 0.0401301
15 0.00930167
16 0.0854481
20 0.00909096
22 0.0118528
28 0.0110595
32 0.00627032
33 0.0314452
37 0.0227458
39 0.0485375
41 0.012827
45 0.0234092
47 0.0111472
49 0.00627032
50 0.131361
52 0.118528
59 0.057199
-1 -1
NODE 390 5
2dots_tau0
0 -5 -6 -7 13
391 392 
NODE 391 6
2dots_tau0
0 0 12 11 -15
407 408 
NODE 407 7
2dots_tau0
0 2 7 13 -7
415 416 
NODE 415 8
2dots_tau0
0 4 4 -15 -3
419 420 
LEAF 419 9
65 classes
0 0.33118
2 0.00602146
6 0.0115969
11 0.00735014
12 0.17079
15 0.00518404
18 0.00573472
27 0.0623737
28 0.0061637
32 0.0838703
33 0.146043
35 0.0536157
37 0.00633838
40 0.0184186
41 0.0214463
50 0.0168947
59 0.00354203
62 0.0231692
63 0.0202664
-1 -1
LEAF 420 9
65 classes
9 0.479212
41 0.520788
-1 -1
NODE 416 8
2dots_tau0
0 -11 13 10 0
417 418 
LEAF 417 9
65 classes
35 0.335357
59 0.664643
-1 -1
LEAF 418 9
65 classes
2 0.0142071
6 0.0136809
9 0.0310407
12 0.520496
13 0.0175897
15 0.0122313
16 0.014045
27 0.103015
32 0.0247355
35 0.118068
40 0.0144857
41 0.0168669
45 0.046173
53 0.0115794
59 0.0417855
-1 -1
NODE 408 7
2dots_tau0
0 3 -4 3 -6
409 410 
NODE 409 8
2dots_tau0
0 -10 10 9 6
413 414 
LEAF 413 9
65 classes
0 0.167509
35 0.19887
59 0.492675
63 0.140946
-1 -1
LEAF 414 9
65 classes
0 0.0299443
6 0.0576705
12 0.106166
13 0.0741478
15 0.0773396
20 0.0251959
33 0.0290505
35 0.302178
45 0.0324397
48 0.0307728
49 0.10427
51 0.019129
55 0.0178567
56 0.0334143
59 0.0352286
63 0.0251959
-1 -1
NODE 410 8
2dots_tau0
0 -15 6 12 3
411 412 
LEAF 411 9
65 classes
3 0.295673
33 0.263678
35 0.161337
48 0.279311
-1 -1
LEAF 412 9
65 classes
6 0.0196196
9 0.0222575
11 0.0497398
12 0.0722357
13 0.0252252
15 0.0350814
27 0.0422095
32 0.0118243
33 0.059298
35 0.0846599
45 0.022072
46 0.353153
49 0.106419
50 0.03811
59 0.0119848
61 0.0118243
63 0.0342867
-1 -1
NODE 392 6
2dots_tau0
0 -11 12 -7 -15
393 394 
NODE 393 7
2dots_tau0
0 -5 3 -10 6
401 402 
NODE 401 8
2dots_tau0
0 -10 15 10 12
405 406 
LEAF 405 9
65 classes
0 0.166417
2 0.0416042
12 0.245843
16 0.0411297
32 0.0120727
33 0.0403623
35 0.0246966
37 0.0656909
41 0.0246966
47 0.0643875
48 0.0855107
49 0.0241453
51 0.0132888
59 0.0122365
62 0.102911
63 0.0350068
-1 -1
LEAF 406 9
65 classes
0 0.0859515
2 0.229204
3 0.015584
9 0.0156494
12 0.101579
16 0.0141618
30 0.00842662
32 0.166275
33 0.152874
39 0.00804442
40 0.0146061
41 0.0340143
45 0.015519
47 0.01478
49 0.0665101
50 0.0401931
61 0.0166275
-1 -1
NODE 402 8
2dots_tau0
0 -5 -15 14 0
403 404 
LEAF 403 9
65 classes
40 0.659773
48 0.221663
62 0.118564
-1 -1
LEAF 404 9
65 classes
0 0.118798
1 0.03708
3 0.0184624
7 0.0149577
9 0.12978
12 0.0200569
15 0.0584439
19 0.0357289
28 0.0173721
33 0.0164646
37 0.0178644
40 0.034608
45 0.110313
47 0.0700399
48 0.0872039
49 0.00984936
51 0.0108416
52 0.0186182
53 0.0138323
54 0.0161631
55 0.0303613
56 0.0378757
59 0.00998307
62 0.0653015
-1 -1
NODE 394 7
2dots_tau0
0 -3 -4 -8 7
395 396 
NODE 395 8
2dots_tau0
0 9 1 -5 -6
399 400 
LEAF 399 9
65 classes
0 0.0507789
2 0.101558
12 0.360069
15 0.0218585
16 0.0501997
33 0.197052
37 0.106903
50 0.0474911
63 0.0640899
-1 -1
LEAF 400 9
65 classes
-1 -1
NODE 396 8
2dots_tau0
0 14 -15 -12 0
397 398 
LEAF 397 9
65 classes
2 0.166292
3 0.180904
15 0.143165
35 0.0493561
37 0.0875222
56 0.092781
59 0.0489094
61 0.0482544
62 0.182816
-1 -1
LEAF 398 9
65 classes
0 0.141161
11 0.0430773
12 0.12512
19 0.0371476
22 0.0387151
28 0.0361239
37 0.185738
40 0.0359822
41 0.0418971
56 0.315038
-1 -1
NODE 260 3
2dots_tau0
0 14 -12 -10 6
261 262 
NODE 261 4
2dots_tau0
0 12 10 5 8
325 326 
NODE 325 5
2dots_tau0
0 -3 8 -8 -12
357 358 
NODE 357 6
2dots_tau0
0 -6 -14 14 -13
373 374 
NODE 373 7
2dots_tau0
0 -14 2 8 6
381 382 
NODE 381 8
2dots_tau0
0 10 12 -6 -9
385 386 
LEAF 385 9
65 classes
1 0.127441
37 0.491188
51 0.149046
53 0.0950811
59 0.137244
-1 -1
LEAF 386 9
65 classes
27 0.356153
42 0.204564
51 0.439284
-1 -1
NODE 382 8
2dots_tau0
0 0 15 -3 -12
383 384 
LEAF 383 9
65 classes
1 0.0283916
3 0.0848183
12 0.061429
21 0.014786
23 0.0929889
27 0.0269211
33 0.0252134
35 0.0462821
37 0.164142
39 0.262699
40 0.0529976
50 0.0243065
52 0.0570227
56 0.0580017
-1 -1
LEAF 384 9
65 classes
11 0.0669745
21 0.093647
27 0.511514
35 0.0651396
39 0.0924335
41 0.0651396
51 0.105152
-1 -1
NODE 374 7
2dots_tau0
0 -3 1 -12 -13
375 376 
NODE 375 8
2dots_tau0
0 15 7 0 -3
379 380 
LEAF 379 9
65 classes
1 0.0237197
2 0.00868505
3 0.00826715
9 0.0343935
11 0.0079511
12 0.00384906
13 0.00403234
14 0.00209862
19 0.00914216
21 0.100059
23 0.0129479
27 0.00449823
28 0.00111128
30 0.16476
32 0.0144912
35 0.00579995
37 0.00457108
39 0.106078
40 0.0254591
44 0.120043
45 0.0658616
46 0.0376352
48 0.003347
49 0.00126011
50 0.0355368
51 0.0332891
52 0.0262017
53 0.0044242
56 0.00605717
59 0.0255443
61 0.0982884
-1 -1
LEAF 380 9
65 classes
2 0.0162464
9 0.0377149
11 0.00247891
12 0.00240004
16 0.0160611
19 0.0256522
27 0.0210362
30 0.0107513
32 0.248682
35 0.00964398
37 0.0684059
39 0.00114041
44 0.00121381
45 0.0264004
46 0.422407
48 0.00626097
49 0.0129645
50 0.00379862
51 0.0142705
53 0.00662079
58 0.0293338
59 0.00119459
61 0.0153217
-1 -1
NODE 376 8
2dots_tau0
0 -2 10 15 10
377 378 
LEAF 377 9
65 classes
1 0.0808042
3 0.0402331
7 0.0325956
19 0.11679
27 0.0766192
35 0.0219537
37 0.07786
42 0.0220039
44 0.0221051
45 0.0400654
48 0.152027
50 0.0345889
51 0.0945032
56 0.0412691
59 0.065265
62 0.0813167
-1 -1
LEAF 378 9
65 classes
1 0.0451027
3 0.022457
6 0.0397572
7 0.0363879
14 0.039905
19 0.0217296
21 0.0176167
23 0.0492405
30 0.00607151
37 0.0543241
39 0.0405729
40 0.0210479
44 0.185077
48 0.0954644
50 0.00965327
51 0.0395618
52 0.0792627
56 0.0230353
59 0.0485721
61 0.113814
62 0.0113472
-1 -1
NODE 358 6
2dots_tau0
0 1 8 -15 3
359 360 
NODE 359 7
2dots_tau0
0 -14 9 3 1
367 368 
NODE 367 8
2dots_tau0
0 -13 -13 -13 0
371 372 
LEAF 371 9
65 classes
1 0.0334525
10 0.0244223
19 0.0322335
22 0.0671872
23 0.0365215
30 0.0720515
40 0.0312223
42 0.0364379
44 0.20133
51 0.273866
52 0.0335936
56 0.0683407
59 0.0360257
61 0.0533149
-1 -1
LEAF 372 9
65 classes
4 0.0818755
23 0.0751151
30 0.0370477
44 0.112932
51 0.0804673
56 0.281118
59 0.185239
61 0.146206
-1 -1
NODE 368 8
2dots_tau0
0 1 12 10 -10
369 370 
LEAF 369 9
65 classes
3 0.41691
11 0.09356
18 0.0243325
21 0.0145356
23 0.0609428
27 0.0264652
35 0.0909967
37 0.107575
48 0.105024
51 0.0163213
56 0.0285097
61 0.0148276
-1 -1
LEAF 370 9
65 classes
2 0.00419467
4 0.0218123
5 0.00886679
6 0.00807863
11 0.0409621
12 0.00495734
13 0.0882879
16 0.00829365
18 0.00399493
19 0.00441545
21 0.11455
22 0.0092035
23 0.0250141
27 0.00869016
28 0.00429376
30 0.00986982
35 0.0224099
39 0.101288
40 0.0213846
41 0.00497998
42 0.00748706
44 0.0401146
45 0.00908846
48 0.00431073
49 0.00973764
51 0.0187575
52 0.018407
55 0.00250141
56 0.12638
58 0.181769
59 0.0222071
61 0.041385
62 0.00230574
-1 -1
NODE 360 7
2dots_tau0
0 -3 -5 1 -3
361 362 
NODE 361 8
2dots_tau0
0 -12 9 -2 5
365 366 
LEAF 365 9
65 classes
1 0.0457725
5 0.088568
7 0.147713
10 0.0334168
13 0.0518755
42 0.124644
44 0.0500867
48 0.0430587
51 0.0267662
52 0.137897
53 0.03415
56 0.0467548
59 0.123234
62 0.0460628
-1 -1
LEAF 366 9
65 classes
3 0.0533054
4 0.1911
10 0.0781595
11 0.0598122
13 0.121333
21 0.0278775
30 0.0288235
42 0.0291533
48 0.0503557
49 0.0853125
50 0.0458273
51 0.0313022
56 0.0546781
59 0.057647
61 0.0853125
-1 -1
NODE 362 8
2dots_tau0
0 1 -14 0 -12
363 364 
LEAF 363 9
65 classes
1 0.0533195
3 0.0176988
4 0.0634502
7 0.028678
10 0.0129755
14 0.0157249
17 0.0319246
19 0.0171255
22 0.0178481
23 0.0776149
30 0.0191403
39 0.0274083
42 0.029039
44 0.0291725
47 0.0335715
48 0.0167194
49 0.103862
51 0.114325
52 0.0356963
53 0.0265204
55 0.135826
56 0.0544636
59 0.00957016
61 0.028326
-1 -1
LEAF 364 9
65 classes
7 0.207712
14 0.0253098
15 0.0225442
22 0.0287272
42 0.0311595
44 0.0313027
49 0.10638
51 0.0334562
53 0.0213428
55 0.0780774
56 0.292204
59 0.0154035
61 0.10638
-1 -1
NODE 326 5
2dots_tau0
0 -13 13 -5 -3
327 328 
NODE 327 6
2dots_tau0
0 7 13 -4 -15
343 344 
NODE 343 7
2dots_tau0
0 -9 0 -7 -8
351 352 
NODE 351 8
2dots_tau0
0 4 3 -6 11
355 356 
LEAF 355 9
65 classes
2 0.220922
5 0.00555939
9 0.155149
16 0.0884007
19 0.0387582
21 0.00897775
27 0.0108973
30 0.0464121
32 0.131266
37 0.0719795
40 0.0107264
41 0.0187344
44 0.0251515
45 0.0113968
48 0.00540558
49 0.030527
50 0.0295168
52 0.00577051
53 0.0171487
54 0.0100191
56 0.00586957
61 0.0427378
62 0.00867406
-1 -1
LEAF 356 9
65 classes
3 0.0493291
7 0.0133217
9 0.264194
19 0.111373
20 0.0254362
30 0.0444557
32 0.0175441
35 0.00897234
37 0.0636419
40 0.0308226
45 0.147371
47 0.0311896
48 0.0155332
49 0.0350883
50 0.0141363
51 0.00965574
52 0.0331636
53 0.0246388
59 0.00889115
61 0.0263162
62 0.0249253
-1 -1
NODE 352 8
2dots_tau0
0 13 -7 -1 9
353 354 
LEAF 353 9
65 classes
3 0.0130205
9 0.0130752
11 0.0146099
16 0.20115
19 0.0251976
30 0.0281621
37 0.0125988
42 0.00712107
44 0.0214614
45 0.0129663
50 0.447757
52 0.0131304
56 0.0267117
61 0.0972472
62 0.0657909
-1 -1
LEAF 354 9
65 classes
16 0.0895558
37 0.095357
49 0.0525741
50 0.762513
-1 -1
NODE 344 7
2dots_tau0
0 0 -14 12 -1
345 346 
NODE 345 8
2dots_tau0
0 -13 14 3 -5
349 350 
LEAF 349 9
65 classes
45 0.372195
51 0.438953
62 0.188852
-1 -1
LEAF 350 9
65 classes
13 0.143031
30 0.0679561
49 0.402276
56 0.386737
-1 -1
NODE 346 8
2dots_tau0
0 11 10 -11 -2
347 348 
LEAF 347 9
65 classes
3 0.0928837
9 0.093274
12 0.0504527
13 0.0528552
16 0.0422038
19 0.0449377
30 0.0251122
37 0.0449377
40 0.0435279
42 0.0507991
44 0.076549
45 0.0462483
49 0.0743277
56 0.142913
59 0.0251122
62 0.0938656
-1 -1
LEAF 348 9
65 classes
1 0.0600946
3 0.149608
9 0.0300473
19 0.318477
20 0.0462865
40 0.112177
42 0.0163644
45 0.0297969
49 0.0957758
59 0.0808966
62 0.0604758
-1 -1
NODE 328 6
2dots_tau0
0 -6 0 15 10
329 330 
NODE 329 7
2dots_tau0
0 6 12 -15 3
337 338 
NODE 337 8
2dots_tau0
0 6 -6 14 0
341 342 
LEAF 341 9
65 classes
3 0.022087
6 0.00977556
12 0.359918
19 0.0961726
27 0.0210311
30 0.0059715
32 0.19442
35 0.0843645
39 0.00570065
40 0.0103506
41 0.120521
45 0.0109975
48 0.0104324
49 0.00589152
62 0.0167404
63 0.0256253
-1 -1
LEAF 342 9
65 classes
9 0.0336883
12 0.109334
19 0.129843
21 0.1579
30 0.0362797
32 0.0178969
35 0.329499
39 0.0173171
40 0.0314424
41 0.036611
45 0.0334075
48 0.0316909
59 0.0181398
62 0.016951
-1 -1
NODE 338 8
2dots_tau0
0 14 -8 9 -11
339 340 
LEAF 339 9
65 classes
6 0.0375961
9 0.0426511
12 0.0461407
19 0.123291
23 0.046564
32 0.0226584
35 0.0695271
42 0.0929149
49 0.475826
52 0.042831
-1 -1
LEAF 340 9
65 classes
11 0.0523235
12 0.151976
19 0.0451211
21 0.0731614
35 0.229005
42 0.0255032
49 0.42291
-1 -1
NODE 330 7
2dots_tau0
0 11 1 0 9
331 332 
NODE 331 8
2dots_tau0
0 0 6 -14 2
335 336 
LEAF 335 9
65 classes
2 0.0212227
6 0.12262
9 0.0231845
11 0.0518114
12 0.0125407
13 0.0919652
16 0.0104903
19 0.0223397
21 0.150928
27 0.0109919
30 0.012484
32 0.178593
37 0.0111699
39 0.0834242
41 0.012598
45 0.0919652
49 0.0246335
50 0.0198486
56 0.0355231
62 0.0116658
-1 -1
LEAF 336 9
65 classes
6 0.0721273
9 0.16365
23 0.44666
40 0.0763701
47 0.0772793
48 0.0769738
61 0.0869392
-1 -1
NODE 332 8
2dots_tau0
0 14 -7 8 -5
333 334 
LEAF 333 9
65 classes
2 0.0352282
9 0.0384846
12 0.208167
16 0.38309
19 0.0741646
21 0.0801692
35 0.0836468
45 0.0763277
59 0.0207225
-1 -1
LEAF 334 9
65 classes
6 0.0633968
9 0.107881
16 0.227795
19 0.0346501
32 0.0764158
33 0.0638699
37 0.0693002
41 0.0390802
45 0.0713214
50 0.24629
-1 -1
NODE 262 4
2dots_tau0
0 0 0 0 -11
263 264 
NODE 263 5
2dots_tau0
0 -5 -7 -3 13
295 296 
NODE 295 6
2dots_tau0
0 -13 1 2 2
311 312 
NODE 311 7
2dots_tau0
0 2 13 -13 7
319 320 
NODE 319 8
2dots_tau0
0 10 14 1 -6
323 324 
LEAF 323 9
65 classes
5 0.242546
19 0.483127
44 0.274327
-1 -1
LEAF 324 9
65 classes
-1 -1
NODE 320 8
2dots_tau0
0 -13 3 1 5
321 322 
LEAF 321 9
65 classes
1 0.0411256
3 0.0409535
7 0.298613
9 0.0411256
14 0.0363862
19 0.39627
22 0.0825981
45 0.0407828
59 0.0221445
-1 -1
LEAF 322 9
65 classes
22 0.650957
59 0.349043
-1 -1
NODE 312 7
2dots_tau0
0 -2 9 -9 8
313 314 
NODE 313 8
2dots_tau0
0 15 0 -9 7
317 318 
LEAF 317 9
65 classes
11 0.208868
35 0.203146
45 0.185371
59 0.402615
-1 -1
LEAF 318 9
65 classes
12 0.0906626
35 0.819689
49 0.0445218
59 0.0451262
-1 -1
NODE 314 8
2dots_tau0
0 5 6 8 15
315 316 
LEAF 315 9
65 classes
12 0.0557176
19 0.099254
27 0.0976722
35 0.251874
45 0.0510744
49 0.300974
51 0.0602352
59 0.0831982
-1 -1
LEAF 316 9
65 classes
5 0.0456695
15 0.037201
19 0.0454846
22 0.568845
23 0.0515353
28 0.0442311
49 0.0501549
51 0.0552073
59 0.101671
-1 -1
NODE 296 6
2dots_tau0
0 11 6 15 -2
297 298 
NODE 297 7
2dots_tau0
0 1 4 14 -11
305 306 
NODE 305 8
2dots_tau0
0 -4 -13 15 -13
309 310 
LEAF 309 9
65 classes
1 0.200836
11 0.056102
19 0.0161265
20 0.0128908
21 0.00871607
22 0.0168069
27 0.222173
30 0.00901187
35 0.181883
37 0.177391
39 0.0430156
40 0.0156206
44 0.00915688
49 0.00889117
53 0.0124867
61 0.00889117
-1 -1
LEAF 310 9
65 classes
19 0.0845775
22 0.176292
30 0.0472639
48 0.165143
50 0.150292
53 0.0654879
54 0.0765225
59 0.0945278
61 0.139893
-1 -1
NODE 306 8
2dots_tau0
0 11 6 -15 -1
307 308 
LEAF 307 9
65 classes
1 0.23989
9 0.119945
14 0.0707482
22 0.120451
35 0.0651756
44 0.021875
45 0.0792969
47 0.0377604
50 0.0342289
52 0.0803007
53 0.0894887
56 0.0408396
-1 -1
LEAF 308 9
65 classes
48 1
-1 -1
NODE 298 7
2dots_tau0
0 13 4 -5 -1
299 300 
NODE 299 8
2dots_tau0
0 -10 -5 -3 6
303 304 
LEAF 303 9
65 classes
1 0.0538863
5 0.017378
7 0.0144914
9 0.0179621
14 0.270166
19 0.0173076
22 0.378795
45 0.0712496
47 0.0508926
48 0.0337943
52 0.0180379
56 0.0366951
59 0.0193438
-1 -1
LEAF 304 9
65 classes
2 0.0188926
3 0.0411052
9 0.0619168
11 0.0461227
14 0.0365209
16 0.0373541
19 0.0397738
37 0.0397738
39 0.0212184
45 0.26607
50 0.282709
51 0.0241379
52 0.0621781
59 0.0222265
-1 -1
NODE 300 8
2dots_tau0
0 0 -15 0 -1
301 302 
LEAF 301 9
65 classes
3 0.336495
9 0.337909
19 0.325596
-1 -1
LEAF 302 9
65 classes
15 0.221838
16 0.0849112
19 0.180823
22 0.0942264
45 0.186097
47 0.177235
51 0.0548689
-1 -1
NODE 264 5
2dots_tau0
0 -10 3 -6 -2
265 266 
NODE 265 6
2dots_tau0
0 -5 7 2 -9
281 282 
NODE 281 7
2dots_tau0
0 1 -13 1 4
289 290 
NODE 289 8
2dots_tau0
0 -14 0 9 12
293 294 
LEAF 293 9
65 classes
0 0.208993
1 0.456624
40 0.213091
49 0.121291
-1 -1
LEAF 294 9
65 classes
0 0.0601529
1 0.131427
3 0.327192
19 0.0633189
27 0.0623098
35 0.0714144
40 0.183997
56 0.0671234
62 0.033065
-1 -1
NODE 290 8
2dots_tau0
0 -15 6 11 -8
291 292 
LEAF 291 9
65 classes
0 0.203365
3 0.221233
4 0.264374
40 0.311028
-1 -1
LEAF 292 9
65 classes
0 0.131706
4 0.0856091
9 0.215821
35 0.117273
39 0.0369802
40 0.134289
50 0.0615893
52 0.216732
-1 -1
NODE 282 7
2dots_tau0
0 7 4 -2 9
283 284 
NODE 283 8
2dots_tau0
0 10 -11 5 -1
287 288 
LEAF 287 9
65 classes
3 0.0875295
9 0.0439486
11 0.0491069
40 0.164075
47 0.041507
49 0.0933908
52 0.353072
53 0.0327893
56 0.0448917
61 0.0233477
62 0.0663411
-1 -1
LEAF 288 9
65 classes
1 0.0668239
9 0.0668239
12 0.180728
16 0.0302359
27 0.0950444
30 0.0179911
39 0.017175
45 0.0331335
47 0.0315557
56 0.443676
62 0.0168119
-1 -1
NODE 284 8
2dots_tau0
0 15 -3 12 -1
285 286 
LEAF 285 9
65 classes
0 0.190135
19 0.200142
35 0.112866
47 0.392343
62 0.104514
-1 -1
LEAF 286 9
65 classes
12 0.25522
35 0.256385
47 0.111405
49 0.187997
50 0.100986
53 0.0880068
-1 -1
NODE 266 6
2dots_tau0
0 0 11 5 -10
267 268 
NODE 267 7
2dots_tau0
0 0 3 15 3
275 276 
NODE 275 8
2dots_tau0
0 0 6 -12 7
279 280 
LEAF 279 9
65 classes
3 0.0787793
12 0.085583
33 0.0702547
35 0.300908
40 0.0738363
41 0.0859738
63 0.304664
-1 -1
LEAF 280 9
65 classes
62 1
-1 -1
NODE 276 8
2dots_tau0
0 3 10 14 9
277 278 
LEAF 277 9
65 classes
3 0.477436
13 0.271684
35 0.130259
62 0.120621
-1 -1
LEAF 278 9
65 classes
0 0.228917
3 0.498062
23 0.27302
-1 -1
NODE 268 7
2dots_tau0
0 -8 4 -1 -11
269 270 
NODE 269 8
2dots_tau0
0 -4 -12 7 -14
273 274 
LEAF 273 9
65 classes
3 0.329104
12 0.357526
27 0.31337
-1 -1
LEAF 274 9
65 classes
0 0.38674
19 0.135698
27 0.133536
40 0.131441
62 0.212584
-1 -1
NODE 270 8
2dots_tau0
0 7 0 15 -10
271 272 
LEAF 271 9
65 classes
0 0.0266735
3 0.0580343
4 0.069351
5 0.0563829
11 0.0325592
12 0.220662
27 0.165779
35 0.110835
39 0.0149786
40 0.054393
48 0.0274115
49 0.0154801
52 0.029262
62 0.0733097
63 0.0448874
-1 -1
LEAF 272 9
65 classes
27 0.379597
35 0.217532
62 0.402871
-1 -1
NODE 4 2
2dots_tau0
0 10 -15 12 -11
5 6 
NODE 5 3
2dots_tau0
0 7 -1 12 1
133 134 
NODE 133 4
2dots_tau0
0 7 -8 -14 1
197 198 
NODE 197 5
2dots_tau0
0 -3 12 -5 5
229 230 
NODE 229 6
2dots_tau0
0 -15 0 9 -9
245 246 
NODE 245 7
2dots_tau0
0 -9 4 -7 -5
253 254 
NODE 253 8
2dots_tau0
0 -5 0 -9 6
257 258 
LEAF 257 9
65 classes
28 0.631884
55 0.368116
-1 -1
LEAF 258 9
65 classes
16 0.130308
24 0.0609805
27 0.136538
28 0.337313
53 0.0537163
55 0.0786033
56 0.147086
63 0.0554547
-1 -1
NODE 254 8
2dots_tau0
0 10 -8 13 -4
255 256 
LEAF 255 9
65 classes
-1 -1
LEAF 256 9
65 classes
6 0.605201
15 0.180358
28 0.214441
-1 -1
NODE 246 7
2dots_tau0
0 3 12 11 15
247 248 
NODE 247 8
2dots_tau0
0 1 14 1 3
251 252 
LEAF 251 9
65 classes
0 0.0125693
1 0.0137312
5 0.0265693
12 0.0297093
13 0.015562
14 0.0242975
16 0.0372778
20 0.0105761
23 0.0299818
24 0.01163
27 0.07812
30 0.0147874
33 0.0121941
35 0.0223837
37 0.145539
40 0.0897103
42 0.074783
45 0.0136167
48 0.0387512
50 0.0117555
52 0.0275782
53 0.102446
54 0.0239415
56 0.0561033
61 0.00729468
62 0.0690913
-1 -1
LEAF 252 9
65 classes
2 0.0344151
5 0.0218242
6 0.0331405
13 0.0170437
16 0.0680451
20 0.0173746
21 0.00391594
24 0.0254745
28 0.00704561
33 0.0200327
35 0.00408581
40 0.00701798
41 0.0817162
42 0.0163806
44 0.00411399
48 0.0141469
50 0.0321868
52 0.00755099
53 0.13464
54 0.288431
55 0.036941
56 0.00768062
58 0.0994214
63 0.0173746
-1 -1
NODE 248 8
2dots_tau0
0 5 3 -13 -6
249 250 
LEAF 249 9
65 classes
1 0.00606109
2 0.049934
5 0.0175919
6 0.00534274
11 0.00677248
13 0.247292
15 0.00477662
16 0.0164548
17 0.0217742
18 0.00528402
20 0.00933682
21 0.00946962
23 0.0330857
24 0.0154008
27 0.0172415
28 0.00567929
35 0.00658693
37 0.0116805
39 0.00623127
40 0.011314
42 0.016505
44 0.00663236
45 0.00601058
47 0.0114487
48 0.0342104
49 0.0128798
52 0.01826
53 0.0226103
54 0.0951124
55 0.0694801
56 0.117632
59 0.00326366
61 0.0418594
62 0.0274479
63 0.00933682
-1 -1
LEAF 250 9
65 classes
1 0.0325641
5 0.315051
7 0.026272
13 0.110718
14 0.086434
17 0.0292462
28 0.0610256
35 0.0176946
40 0.0303931
42 0.0177351
47 0.0307549
48 0.0919001
52 0.0327015
56 0.0665257
61 0.0345993
62 0.0163853
-1 -1
NODE 230 6
2dots_tau0
0 -15 -14 -10 -11
231 232 
NODE 231 7
2dots_tau0
0 8 6 15 -8
239 240 
NODE 239 8
2dots_tau0
0 -1 -1 -13 -15
243 244 
LEAF 243 9
65 classes
6 0.0898645
9 0.0145639
15 0.04591
17 0.1962
21 0.00758469
24 0.0246705
35 0.0158274
49 0.0309482
54 0.177754
55 0.31005
61 0.0232112
62 0.00732812
63 0.0560874
-1 -1
LEAF 244 9
65 classes
6 0.063689
13 0.136476
14 0.0426172
17 0.0865209
33 0.0213881
35 0.0261736
40 0.0224785
41 0.261736
42 0.0131167
44 0.013177
50 0.0618562
53 0.0179687
55 0.0920277
56 0.0246009
61 0.0127947
62 0.0848289
63 0.0185502
-1 -1
NODE 240 8
2dots_tau0
0 5 12 -6 -4
241 242 
LEAF 241 9
65 classes
0 0.0189923
2 0.0189923
17 0.0931698
23 0.0226514
28 0.0388819
45 0.04115
49 0.0992009
50 0.0532877
53 0.108357
55 0.41905
59 0.0223439
63 0.0639223
-1 -1
LEAF 242 9
65 classes
13 0.174478
15 0.0242651
17 0.0829593
23 0.06723
32 0.0163573
39 0.0158274
42 0.217998
49 0.0654292
50 0.05272
55 0.235305
63 0.0474309
-1 -1
NODE 232 7
2dots_tau0
0 13 2 13 -13
233 234 
NODE 233 8
2dots_tau0
0 5 2 -5 2
237 238 
LEAF 237 9
65 classes
11 0.0260856
13 0.529165
15 0.0551944
17 0.0209669
19 0.0224949
21 0.0243161
28 0.0218749
37 0.0449898
40 0.0217892
41 0.0507419
44 0.0255459
50 0.0199865
55 0.0892056
61 0.0124023
62 0.0352404
-1 -1
LEAF 238 9
65 classes
0 0.283404
33 0.549888
59 0.166708
-1 -1
NODE 234 8
2dots_tau0
0 14 -3 -4 3
235 236 
LEAF 235 9
65 classes
4 0.0461712
7 0.0313025
13 0.17589
17 0.0696923
20 0.119537
21 0.101031
23 0.0847177
27 0.0367898
39 0.0398887
41 0.0843309
42 0.126786
55 0.0423589
59 0.0208919
61 0.0206121
-1 -1
LEAF 236 9
65 classes
9 0.265871
35 0.144469
47 0.2511
62 0.133779
63 0.204781
-1 -1
NODE 198 5
2dots_tau0
0 6 14 -12 -5
199 200 
NODE 199 6
2dots_tau0
0 -4 8 12 15
215 216 
NODE 215 7
2dots_tau0
0 10 14 12 -6
223 224 
NODE 223 8
2dots_tau0
0 11 9 14 -14
227 228 
LEAF 227 9
65 classes
20 0.102892
49 0.780648
54 0.11646
-1 -1
LEAF 228 9
65 classes
-1 -1
NODE 224 8
2dots_tau0
0 -8 -12 -6 -6
225 226 
LEAF 225 9
65 classes
49 0.378641
54 0.621359
-1 -1
LEAF 226 9
65 classes
9 0.326081
22 0.327457
49 0.346461
-1 -1
NODE 216 7
2dots_tau0
0 -9 -14 -1 4
217 218 
NODE 217 8
2dots_tau0
0 -8 2 -14 11
221 222 
LEAF 221 9
65 classes
7 0.251172
15 0.24535
20 0.239792
24 0.263686
-1 -1
LEAF 222 9
65 classes
1 0.0664837
6 0.0586041
15 0.0523944
17 0.0597099
20 0.0512075
23 0.0725831
24 0.39417
28 0.186887
54 0.0579601
-1 -1
NODE 218 8
2dots_tau0
0 -15 -14 12 -2
219 220 
LEAF 219 9
65 classes
2 0.173794
6 0.502072
20 0.146235
28 0.177899
-1 -1
LEAF 220 9
65 classes
1 0.0248829
6 0.0877352
20 0.0191654
24 0.273977
28 0.0233154
47 0.0235005
48 0.0234076
49 0.475885
54 0.0216928
61 0.0264381
-1 -1
NODE 200 6
2dots_tau0
0 14 6 -10 -10
201 202 
NODE 201 7
2dots_tau0
0 -2 10 0 3
209 210 
NODE 209 8
2dots_tau0
0 -3 -11 6 12
213 214 
LEAF 213 9
65 classes
22 0.654015
49 0.345985
-1 -1
LEAF 214 9
65 classes
15 0.168662
22 0.644759
54 0.186579
-1 -1
NODE 210 8
2dots_tau0
0 6 -2 2 -15
211 212 
LEAF 211 9
65 classes
15 0.689921
20 0.103737
22 0.101439
28 0.03155
49 0.0536631
51 0.0196897
-1 -1
LEAF 212 9
65 classes
5 0.345109
14 0.315601
17 0.160183
22 0.179107
-1 -1
NODE 202 7
2dots_tau0
0 0 14 2 -7
203 204 
NODE 203 8
2dots_tau0
0 -13 11 3 1
207 208 
LEAF 207 9
65 classes
7 0.348786
22 0.651214
-1 -1
LEAF 208 9
65 classes
12 0.0902665
15 0.0657571
21 0.0434544
22 0.251375
28 0.312734
47 0.236412
-1 -1
NODE 204 8
2dots_tau0
0 -2 -13 -15 -11
205 206 
LEAF 205 9
65 classes
-1 -1
LEAF 206 9
65 classes
15 0.362902
20 0.0591135
22 0.231216
28 0.287655
63 0.0591135
-1 -1
NODE 134 4
2dots_tau0
0 -9 7 -3 11
135 136 
NODE 135 5
2dots_tau0
0 2 12 -9 -7
167 168 
NODE 167 6
2dots_tau0
0 12 -2 -8 -7
183 184 
NODE 183 7
2dots_tau0
0 -10 -15 -15 -4
191 192 
NODE 191 8
2dots_tau0
0 3 4 -3 13
195 196 
LEAF 195 9
65 classes
4 0.018945
6 0.0140333
7 0.012844
11 0.0177887
15 0.0125463
17 0.0142981
20 0.0735727
21 0.132656
22 0.0159873
24 0.0809038
27 0.0150956
30 0.00857238
35 0.0173013
37 0.0306801
39 0.0245507
42 0.00867046
45 0.0157875
47 0.0601428
49 0.0253727
51 0.0558574
53 0.0237554
54 0.291461
61 0.0169151
63 0.0122621
-1 -1
LEAF 196 9
65 classes
4 0.0867496
21 0.0379648
23 0.0795868
27 0.0691232
42 0.0794047
44 0.0797698
48 0.0685768
51 0.0852576
52 0.0732064
61 0.193638
62 0.146722
-1 -1
NODE 192 8
2dots_tau0
0 7 12 11 -15
193 194 
LEAF 193 9
65 classes
1 0.100042
3 0.0199248
4 0.0238101
5 0.0387156
6 0.0176371
9 0.0200085
15 0.0157683
17 0.0898495
18 0.0697732
20 0.0308221
24 0.0847335
27 0.0758888
28 0.0187481
35 0.0108722
37 0.0385589
40 0.0373492
44 0.0109472
45 0.0198418
48 0.0188222
49 0.0637771
51 0.0351009
53 0.014928
54 0.0174433
55 0.0109221
56 0.0408757
59 0.0323214
61 0.042518
-1 -1
LEAF 194 9
65 classes
2 0.0142349
4 0.0185053
5 0.03009
6 0.0137077
13 0.0352482
16 0.0422175
19 0.0449522
21 0.00809861
22 0.0624652
23 0.0339547
30 0.092108
35 0.0337997
39 0.047962
44 0.0255246
45 0.0154211
49 0.00826131
51 0.0454676
53 0.197235
55 0.135819
59 0.0251204
61 0.0578292
63 0.0119776
-1 -1
NODE 184 7
2dots_tau0
0 2 14 -3 8
185 186 
NODE 185 8
2dots_tau0
0 11 -13 -6 -2
189 190 
LEAF 189 9
65 classes
1 0.0611326
5 0.0591445
6 0.0538872
7 0.0493205
20 0.376688
24 0.310667
39 0.0314245
47 0.0577363
-1 -1
LEAF 190 9
65 classes
18 0.766467
49 0.233533
-1 -1
NODE 186 8
2dots_tau0
0 -6 -11 7 9
187 188 
LEAF 187 9
65 classes
-1 -1
LEAF 188 9
65 classes
-1 -1
NODE 168 6
2dots_tau0
0 5 0 -13 -13
169 170 
NODE 169 7
2dots_tau0
0 0 11 1 -14
177 178 
NODE 177 8
2dots_tau0
0 0 -9 6 0
181 182 
LEAF 181 9
65 classes
15 1
-1 -1
LEAF 182 9
65 classes
1 0.0478231
14 0.0423119
15 0.678391
19 0.0460805
51 0.0559307
55 0.0522105
59 0.0772526
-1 -1
NODE 178 8
2dots_tau0
0 -12 9 12 0
179 180 
LEAF 179 9
65 classes
19 0.489669
22 0.510331
-1 -1
LEAF 180 9
65 classes
1 0.00749804
3 0.00746667
4 0.0446133
7 0.00604927
11 0.0251343
13 0.00849778
15 0.147726
17 0.269364
20 0.00577519
21 0.0507635
22 0.0150594
35 0.00407428
39 0.00770857
42 0.0735048
49 0.0278833
51 0.00876921
52 0.00752968
53 0.0111883
54 0.026147
55 0.229206
59 0.00807481
61 0.00796667
-1 -1
NODE 170 7
2dots_tau0
0 4 2 5 -2
171 172 
NODE 171 8
2dots_tau0
0 -12 -4 -8 -4
175 176 
LEAF 175 9
65 classes
1 0.0173537
5 0.100736
7 0.23801
14 0.138184
17 0.42081
39 0.00892046
42 0.0378048
51 0.0101478
59 0.0280329
-1 -1
LEAF 176 9
65 classes
7 0.323047
14 0.0708542
21 0.0417063
40 0.0747443
42 0.130845
44 0.0438156
48 0.0753351
51 0.0936599
53 0.0597486
59 0.0862434
-1 -1
NODE 172 8
2dots_tau0
0 -6 6 1 -13
173 174 
LEAF 173 9
65 classes
7 0.369475
14 0.472717
17 0.0342752
42 0.0207847
59 0.102748
-1 -1
LEAF 174 9
65 classes
3 0.0277342
4 0.0662848
5 0.0269451
7 0.157286
11 0.0311196
14 0.19713
17 0.0250131
23 0.0608118
42 0.0910089
44 0.0152379
45 0.165712
50 0.0238435
52 0.111873
-1 -1
NODE 136 5
2dots_tau0
0 -7 -14 7 -2
137 138 
NODE 137 6
2dots_tau0
0 -9 -13 -4 4
153 154 
NODE 153 7
2dots_tau0
0 14 -4 -2 -6
161 162 
NODE 161 8
2dots_tau0
0 8 8 6 -10
165 166 
LEAF 165 9
65 classes
1 0.139526
3 0.115785
7 0.0375221
14 0.0411488
17 0.020885
18 0.0405459
20 0.0716442
24 0.0787831
30 0.025043
35 0.0126359
37 0.0448139
40 0.021704
42 0.0253296
45 0.0922419
51 0.0543932
52 0.0700571
55 0.0126938
59 0.025043
62 0.0702052
-1 -1
LEAF 166 9
65 classes
1 0.0725742
3 0.0240902
4 0.129545
7 0.0195171
10 0.0176612
14 0.0321053
17 0.0108633
21 0.188979
22 0.0121467
23 0.0264108
30 0.0781569
39 0.018653
40 0.0112893
42 0.0131752
44 0.00661788
51 0.13439
52 0.182201
53 0.00902438
59 0.00651307
62 0.00608621
-1 -1
NODE 162 8
2dots_tau0
0 1 13 -2 -10
163 164 
LEAF 163 9
65 classes
1 0.235275
3 0.187432
7 0.075926
18 0.164089
19 0.0453404
24 0.0398544
37 0.0453404
40 0.043918
47 0.0444408
62 0.118384
-1 -1
LEAF 164 9
65 classes
3 0.460356
13 0.104786
21 0.0963021
47 0.0873215
48 0.0869764
62 0.0930445
63 0.0712137
-1 -1
NODE 154 7
2dots_tau0
0 -5 -9 11 -4
155 156 
NODE 155 8
2dots_tau0
0 -1 15 -5 -13
159 160 
LEAF 159 9
65 classes
18 0.243171
23 0.152261
28 0.130681
33 0.247708
35 0.0757828
44 0.0763054
49 0.0740912
-1 -1
LEAF 160 9
65 classes
6 0.143423
12 0.176019
18 0.425541
21 0.0847357
35 0.0884115
62 0.0818694
-1 -1
NODE 156 8
2dots_tau0
0 -11 0 10 -10
157 158 
LEAF 157 9
65 classes
18 0.766467
61 0.233533
-1 -1
LEAF 158 9
65 classes
15 0.134438
20 0.0328481
21 0.155471
23 0.13968
30 0.137784
33 0.0757467
37 0.0410933
44 0.0233335
51 0.124694
55 0.0465599
61 0.0226564
63 0.0656962
-1 -1
NODE 138 6
2dots_tau0
0 8 -9 -13 -3
139 140 
NODE 139 7
2dots_tau0
0 7 -3 12 -1
147 148 
NODE 147 8
2dots_tau0
0 8 12 -8 13
151 152 
LEAF 151 9
65 classes
3 0.0306285
11 0.0343672
15 0.0242391
16 0.167001
18 0.0536279
21 0.112126
33 0.0273142
35 0.0334256
37 0.0592729
40 0.0861201
48 0.0289336
50 0.0263317
53 0.0229474
54 0.13407
55 0.0167895
56 0.0628344
61 0.0490193
62 0.0309523
-1 -1
LEAF 152 9
65 classes
1 0.0651848
15 0.0513708
21 0.0339474
33 0.115776
35 0.0708401
48 0.0613201
53 0.437698
54 0.113656
63 0.050207
-1 -1
NODE 148 8
2dots_tau0
0 15 2 0 -1
149 150 
LEAF 149 9
65 classes
1 0.0863549
2 0.0169388
3 0.0122848
4 0.183504
5 0.0119352
6 0.00543716
9 0.0185046
11 0.0895982
13 0.0279625
14 0.0382016
17 0.0166192
18 0.0107548
21 0.0513972
23 0.0269364
30 0.0332134
33 0.0273887
35 0.00335167
37 0.00594345
39 0.0285363
40 0.0345419
42 0.0235154
44 0.0134991
48 0.02321
49 0.00327686
51 0.00360696
52 0.0309711
53 0.0368159
54 0.00537741
55 0.0505057
56 0.0126011
59 0.00996402
61 0.0262149
62 0.0310366
-1 -1
LEAF 150 9
65 classes
2 0.0433958
4 0.0188049
5 0.030577
11 0.0353143
12 0.0170953
15 0.0124535
16 0.0715014
18 0.0137765
20 0.0243429
21 0.0164594
24 0.0133842
27 0.0299679
35 0.0429335
37 0.0913596
39 0.0162461
40 0.0147489
42 0.0516381
45 0.0156707
48 0.029731
49 0.0167901
53 0.0471595
54 0.261753
55 0.00862608
62 0.0397566
63 0.0365143
-1 -1
NODE 140 7
2dots_tau0
0 3 6 12 0
141 142 
NODE 141 8
2dots_tau0
0 8 5 14 -7
145 146 
LEAF 145 9
65 classes
2 0.0652002
5 0.0689108
15 0.224531
20 0.384027
35 0.0387033
47 0.0672701
49 0.151358
-1 -1
LEAF 146 9
65 classes
2 0.551357
16 0.272534
51 0.176109
-1 -1
NODE 142 8
2dots_tau0
0 14 -8 -4 -7
143 144 
LEAF 143 9
65 classes
2 0.0886024
7 0.0520602
9 0.0322642
15 0.0254267
20 0.0248507
22 0.162002
24 0.0546539
44 0.0353052
48 0.364216
49 0.0342807
51 0.0566011
55 0.0352242
59 0.017373
61 0.0171404
-1 -1
LEAF 144 9
65 classes
15 0.0993079
18 0.109857
22 0.0421814
23 0.0458578
24 0.0355765
28 0.0393582
35 0.0228242
41 0.0456484
45 0.0416541
49 0.468609
51 0.0491253
-1 -1
NODE 6 3
2dots_tau0
0 7 -14 9 5
7 8 
NODE 7 4
2dots_tau0
0 10 -8 3 -2
71 72 
NODE 71 5
2dots_tau0
0 -9 13 -5 -11
103 104 
NODE 103 6
2dots_tau0
0 -8 0 11 1
119 120 
NODE 119 7
2dots_tau0
0 -12 2 1 -10
127 128 
NODE 127 8
2dots_tau0
0 5 -2 -5 1
131 132 
LEAF 131 9
65 classes
35 1
-1 -1
LEAF 132 9
65 classes
-1 -1
NODE 128 8
2dots_tau0
0 0 4 0 0
129 130 
LEAF 129 9
65 classes
-1 -1
LEAF 130 9
65 classes
20 0.585791
42 0.414209
-1 -1
NODE 120 7
2dots_tau0
0 11 6 10 6
121 122 
NODE 121 8
2dots_tau0
0 12 0 14 -11
125 126 
LEAF 125 9
65 classes
1 0.0763861
4 0.0363598
5 0.0295608
7 0.036976
9 0.0152772
11 0.0341406
14 0.0405499
15 0.0120397
17 0.0274413
21 0.00795619
22 0.0153417
27 0.014486
28 0.0143149
33 0.0135671
37 0.0147206
40 0.0285175
42 0.0499219
44 0.05851
45 0.0151499
47 0.0721424
48 0.0287429
49 0.016232
51 0.00893361
53 0.193767
55 0.0083394
56 0.0624202
59 0.0329048
63 0.0353008
-1 -1
LEAF 126 9
65 classes
1 0.0653665
2 0.0398903
4 0.0518574
7 0.00878939
11 0.0121731
13 0.012347
14 0.0963892
15 0.00858566
16 0.0985882
17 0.0195688
23 0.0594695
28 0.0102081
30 0.0410635
39 0.0112003
41 0.0118396
42 0.0712001
44 0.00596062
45 0.0324109
47 0.0102892
48 0.122982
49 0.00578765
51 0.0700775
52 0.0218807
53 0.0487687
55 0.00594695
56 0.0111282
59 0.0175987
61 0.0231506
62 0.00548175
-1 -1
NODE 122 8
2dots_tau0
0 4 0 6 -15
123 124 
LEAF 123 9
65 classes
2 0.0628474
42 0.299136
47 0.194528
48 0.129173
49 0.109422
53 0.204894
-1 -1
LEAF 124 9
65 classes
1 0.055
15 0.0216722
23 0.0600459
27 0.0521514
33 0.0488433
40 0.0256667
42 0.224657
44 0.030092
45 0.0818125
47 0.0259722
48 0.103478
49 0.0146094
53 0.184655
56 0.0280901
59 0.0148077
61 0.0146094
62 0.0138372
-1 -1
NODE 104 6
2dots_tau0
0 11 -1 1 -7
105 106 
NODE 105 7
2dots_tau0
0 5 1 -5 -9
113 114 
NODE 113 8
2dots_tau0
0 -4 -3 0 5
117 118 
LEAF 117 9
65 classes
1 0.0187387
3 0.0186602
4 0.133794
11 0.10469
13 0.29732
14 0.0165792
21 0.0390354
39 0.0192648
42 0.224521
49 0.00995491
51 0.043831
52 0.0188177
59 0.0403602
63 0.014433
-1 -1
LEAF 118 9
65 classes
4 0.0633635
11 0.0594962
12 0.0144008
13 0.150865
17 0.0119554
21 0.131718
23 0.145329
30 0.0143356
33 0.0236431
35 0.00723328
39 0.047899
40 0.0124242
42 0.00724983
44 0.0145663
45 0.0132007
50 0.0113963
51 0.0389211
52 0.0133678
55 0.00726646
56 0.163168
59 0.0143356
61 0.00707182
62 0.0267922
-1 -1
NODE 114 8
2dots_tau0
0 6 -9 0 -10
115 116 
LEAF 115 9
65 classes
1 0.0140195
3 0.0279217
4 0.133466
10 0.0102351
11 0.06266
14 0.0248078
15 0.0331455
21 0.0511083
23 0.153057
24 0.0118742
30 0.0150979
39 0.0360329
42 0.045812
44 0.00767044
51 0.0409907
52 0.042236
53 0.0104597
56 0.0572814
58 0.185369
59 0.0226469
62 0.0141084
-1 -1
LEAF 116 9
65 classes
3 0.0737596
10 0.108151
13 0.0419728
14 0.0327668
23 0.0808649
35 0.0402478
42 0.24204
45 0.0367262
51 0.108284
52 0.148764
53 0.027631
55 0.0202162
59 0.0199418
62 0.0186348
-1 -1
NODE 106 7
2dots_tau0
0 -13 -9 -14 -13
107 108 
NODE 107 8
2dots_tau0
0 12 -12 2 10
111 112 
LEAF 111 9
65 classes
16 0.493017
21 0.141864
23 0.148697
51 0.0796459
52 0.136776
-1 -1
LEAF 112 9
65 classes
3 1
-1 -1
NODE 108 8
2dots_tau0
0 15 -15 14 -8
109 110 
LEAF 109 9
65 classes
4 0.101764
13 0.096918
16 0.154774
21 0.0445356
23 0.373445
39 0.131875
51 0.0500068
55 0.0466807
-1 -1
LEAF 110 9
65 classes
13 0.0942779
16 0.150558
21 0.0433224
23 0.0908181
27 0.236634
30 0.0447927
49 0.0441928
52 0.250612
59 0.0447927
-1 -1
NODE 72 5
2dots_tau0
0 12 14 10 -12
73 74 
NODE 73 6
2dots_tau0
0 3 10 -6 -12
89 90 
NODE 89 7
2dots_tau0
0 -13 -14 -3 -14
97 98 
NODE 97 8
2dots_tau0
0 -1 -8 4 13
101 102 
LEAF 101 9
65 classes
22 0.273737
47 0.114419
51 0.0354221
55 0.0330661
59 0.146777
63 0.396579
-1 -1
LEAF 102 9
65 classes
7 0.0292135
22 0.109088
37 0.0348906
47 0.0683966
48 0.238442
53 0.324187
55 0.059298
59 0.136484
-1 -1
NODE 98 8
2dots_tau0
0 -6 -3 9 11
99 100 
LEAF 99 9
65 classes
63 1
-1 -1
LEAF 100 9
65 classes
2 0.0514783
4 0.0669218
5 0.054408
17 0.050507
27 0.0533241
44 0.0615373
47 0.0531125
53 0.125872
54 0.049027
55 0.0306981
62 0.0565935
63 0.346521
-1 -1
NODE 90 7
2dots_tau0
0 9 -6 -15 -7
91 92 
NODE 91 8
2dots_tau0
0 7 -13 -8 0
95 96 
LEAF 95 9
65 classes
13 0.0888664
47 0.0740554
55 0.171211
56 0.0800942
59 0.0422216
63 0.543552
-1 -1
LEAF 96 9
65 classes
63 1
-1 -1
NODE 92 8
2dots_tau0
0 10 11 2 -5
93 94 
LEAF 93 9
65 classes
7 0.428295
59 0.571705
-1 -1
LEAF 94 9
65 classes
14 0.114217
51 0.0188725
53 0.0963147
63 0.770596
-1 -1
NODE 74 6
2dots_tau0
0 -14 -1 15 -3
75 76 
NODE 75 7
2dots_tau0
0 15 4 1 -3
83 84 
NODE 83 8
2dots_tau0
0 -14 -14 13 6
87 88 
LEAF 87 9
65 classes
22 0.573741
53 0.426259
-1 -1
LEAF 88 9
65 classes
53 0.577483
55 0.422517
-1 -1
NODE 84 8
2dots_tau0
0 -2 -5 5 -5
85 86 
LEAF 85 9
65 classes
48 0.639087
49 0.360913
-1 -1
LEAF 86 9
65 classes
2 0.0567821
13 0.0703016
15 0.0488852
16 0.0561344
20 0.143333
22 0.124585
28 0.116247
37 0.0597706
53 0.323961
-1 -1
NODE 76 7
2dots_tau0
0 6 0 -4 9
77 78 
NODE 77 8
2dots_tau0
0 8 10 -15 7
81 82 
LEAF 81 9
65 classes
12 0.0248935
16 0.353999
17 0.0206663
37 0.0443448
49 0.195592
50 0.0196999
53 0.257519
59 0.0123904
63 0.0708942
-1 -1
LEAF 82 9
65 classes
0 0.0119163
13 0.0147535
14 0.0230351
15 0.010259
16 0.0942426
20 0.0902396
22 0.366035
28 0.0365932
47 0.0368836
49 0.110651
51 0.022837
53 0.0291369
55 0.0852723
59 0.0280382
63 0.0401065
-1 -1
NODE 78 8
2dots_tau0
0 -1 0 -2 12
79 80 
LEAF 79 9
65 classes
14 0.291939
18 0.0958873
20 0.169432
47 0.103878
63 0.338864
-1 -1
LEAF 80 9
65 classes
14 0.199478
27 0.213783
48 0.212093
51 0.131842
59 0.242804
-1 -1
NODE 8 4
2dots_tau0
0 10 -15 -7 -3
9 10 
NODE 9 5
2dots_tau0
0 -7 3 7 2
41 42 
NODE 41 6
2dots_tau0
0 -11 -9 1 -5
57 58 
NODE 57 7
2dots_tau0
0 9 -15 0 10
65 66 
NODE 65 8
2dots_tau0
0 8 -6 4 10
69 70 
LEAF 69 9
65 classes
5 0.0345109
7 0.143893
10 0.026042
14 0.568083
40 0.0665858
44 0.0390331
51 0.0834368
59 0.0384149
-1 -1
LEAF 70 9
65 classes
14 0.503773
30 0.0766487
42 0.0775257
44 0.155764
59 0.0766487
63 0.10964
-1 -1
NODE 66 8
2dots_tau0
0 0 -9 7 -9
67 68 
LEAF 67 9
65 classes
5 0.123625
14 0.113055
19 0.123124
35 0.0694331
52 0.128319
59 0.344024
63 0.0984198
-1 -1
LEAF 68 9
65 classes
14 0.467047
15 0.0832024
20 0.0813176
48 0.0993167
52 0.106022
59 0.0568487
62 0.106246
-1 -1
NODE 58 7
2dots_tau0
0 -1 14 -3 3
59 60 
NODE 59 8
2dots_tau0
0 15 1 7 7
63 64 
LEAF 63 9
65 classes
1 0.0536352
14 0.0474542
18 0.0467589
19 0.0516809
30 0.057761
37 0.0516809
44 0.264107
45 0.0531882
52 0.161584
53 0.0400162
55 0.0292779
59 0.0288805
61 0.113975
-1 -1
LEAF 64 9
65 classes
33 0.168398
37 0.730863
61 0.100738
-1 -1
NODE 60 8
2dots_tau0
0 15 14 -5 -4
61 62 
LEAF 61 9
65 classes
3 0.0578977
14 0.205763
15 0.0916394
19 0.0560225
20 0.0447817
24 0.049244
30 0.0313067
44 0.0636209
48 0.109388
53 0.0433779
55 0.063475
59 0.0939201
63 0.0895635
-1 -1
LEAF 62 9
65 classes
15 0.102567
18 0.113463
19 0.125406
37 0.125406
48 0.122432
59 0.210239
63 0.200487
-1 -1
NODE 42 6
2dots_tau0
0 2 0 4 2
43 44 
NODE 43 7
2dots_tau0
0 -15 0 4 11
51 52 
NODE 51 8
2dots_tau0
0 -12 3 -15 -11
55 56 
LEAF 55 9
65 classes
5 0.0150048
7 0.125124
14 0.0823309
15 0.0122224
16 0.0140349
17 0.111432
18 0.0135208
19 0.059776
20 0.0119455
22 0.0155746
28 0.0726608
30 0.00835106
33 0.013773
35 0.00842733
42 0.0253398
44 0.0339418
45 0.0768993
49 0.0741529
51 0.0181384
53 0.0231421
55 0.101592
59 0.0167021
61 0.0659137
-1 -1
LEAF 56 9
65 classes
2 0.00432283
4 0.0112394
5 0.0182754
7 0.0190498
10 0.00344766
11 0.0105534
14 0.142059
15 0.0223299
17 0.135721
18 0.00411698
19 0.00455035
20 0.00363733
22 0.0284541
24 0.00799954
27 0.00447783
28 0.084074
35 0.00256606
42 0.203183
44 0.0258376
47 0.00892013
48 0.0222122
51 0.0110461
52 0.00474235
55 0.159826
56 0.0144713
59 0.0177999
61 0.0250879
-1 -1
NODE 52 8
2dots_tau0
0 2 -10 -1 -12
53 54 
LEAF 53 9
65 classes
1 0.0150041
2 0.0412035
4 0.0178549
6 0.00661291
7 0.012105
10 0.00547695
11 0.0670605
16 0.081467
17 0.0471638
18 0.0327012
20 0.0577827
21 0.0117209
23 0.0081903
24 0.0571864
27 0.00711349
33 0.00666226
37 0.0939729
39 0.0655578
40 0.0210057
42 0.00408578
44 0.0246274
45 0.00743952
48 0.0494008
49 0.00797092
50 0.00642261
51 0.00438694
52 0.0150674
53 0.0111943
54 0.0915634
55 0.0368564
56 0.0153261
59 0.0201978
61 0.0438401
63 0.00577827
-1 -1
LEAF 54 9
65 classes
1 0.050525
5 0.0366615
10 0.00922159
11 0.0282276
15 0.00995444
16 0.0228611
17 0.0907544
18 0.0550593
20 0.00972893
21 0.0263128
24 0.106984
28 0.0118356
33 0.0224346
37 0.012171
39 0.0454507
40 0.0117892
44 0.0829308
45 0.012526
47 0.0119295
48 0.0356471
49 0.0268414
51 0.0147727
52 0.0380537
53 0.00942395
54 0.0660712
55 0.0758455
59 0.0136029
61 0.0268414
62 0.00635569
63 0.0291868
-1 -1
NODE 44 7
2dots_tau0
0 9 0 -12 10
45 46 
NODE 45 8
2dots_tau0
0 10 -7 -10 -4
49 50 
LEAF 49 9
65 classes
1 0.025178
2 0.00987751
3 0.0071636
4 0.0385223
6 0.0538995
9 0.0827276
11 0.0160761
13 0.0692993
14 0.0159117
15 0.00566921
17 0.0355342
19 0.00346579
20 0.00277039
21 0.0168588
22 0.00722406
23 0.0196342
24 0.0152322
28 0.00674056
30 0.00387353
33 0.0319422
35 0.0136812
37 0.0138632
39 0.0129425
40 0.0671412
41 0.0117267
42 0.025466
44 0.0432945
45 0.0249681
47 0.0101911
48 0.0067672
49 0.011465
50 0.0123173
51 0.00630996
52 0.0252842
53 0.0268354
54 0.0376286
55 0.0157074
56 0.0734807
59 0.0058103
61 0.011465
62 0.0289573
63 0.0470966
-1 -1
LEAF 50 9
65 classes
6 0.306503
14 0.0219745
15 0.0195733
18 0.129915
19 0.0717951
20 0.0382597
22 0.0249415
24 0.021036
28 0.0465443
47 0.187655
48 0.0233642
55 0.0135576
62 0.0374913
63 0.0573896
-1 -1
NODE 46 8
2dots_tau0
0 0 0 -9 -15
47 48 
LEAF 47 9
65 classes
2 0.0597835
19 0.12586
23 0.0713014
39 0.0335717
44 0.0714653
48 0.184313
53 0.0487264
54 0.113873
59 0.1055
61 0.0346958
63 0.15091
-1 -1
LEAF 48 9
65 classes
1 0.1014
9 0.1014
33 0.090049
40 0.283919
44 0.0554784
55 0.0553512
63 0.312403
-1 -1
NODE 10 5
2dots_tau0
0 12 1 -11 -15
11 12 
NODE 11 6
2dots_tau0
0 -2 3 11 5
27 28 
NODE 27 7
2dots_tau0
0 3 9 -13 8
35 36 
NODE 35 8
2dots_tau0
0 2 6 8 14
39 40 
LEAF 39 9
65 classes
0 0.0168948
6 0.227767
11 0.0206228
12 0.0798664
15 0.0145452
16 0.233829
18 0.0321806
19 0.035568
20 0.0142157
27 0.087503
28 0.0172939
33 0.0491715
35 0.0100289
37 0.035568
40 0.0172261
41 0.0200578
49 0.0294151
59 0.0298144
63 0.0284314
-1 -1
LEAF 40 9
65 classes
6 0.310306
15 0.0396323
16 0.0910186
18 0.0876846
27 0.143055
28 0.0942436
37 0.0484573
49 0.160298
62 0.0253043
-1 -1
NODE 36 8
2dots_tau0
0 3 12 -1 -14
37 38 
LEAF 37 9
65 classes
14 0.133628
15 0.357078
16 0.136676
28 0.141519
45 0.149774
59 0.0813254
-1 -1
LEAF 38 9
65 classes
14 0.373296
15 0.166253
17 0.189465
53 0.157393
59 0.113593
-1 -1
NODE 28 7
2dots_tau0
0 11 -9 0 -8
29 30 
NODE 29 8
2dots_tau0
0 -15 -6 6 0
33 34 
LEAF 33 9
65 classes
1 0.0771716
4 0.0714266
7 0.269795
9 0.00857462
11 0.00958103
14 0.204835
19 0.0826219
30 0.0046171
40 0.016006
42 0.00466993
44 0.00938281
45 0.0765285
48 0.0161325
51 0.0852406
52 0.0086108
56 0.00875863
59 0.0369368
61 0.00911054
-1 -1
LEAF 34 9
65 classes
1 0.0103922
4 0.123667
6 0.0778647
7 0.0251527
9 0.0571572
11 0.133538
14 0.0137919
15 0.0696141
16 0.0470218
17 0.0793338
18 0.00452994
19 0.00500678
20 0.0120065
23 0.0226913
24 0.00440098
27 0.00985398
28 0.0632943
39 0.0667751
40 0.0290982
42 0.00282992
44 0.00852879
45 0.00515281
47 0.00490744
48 0.00977608
49 0.0248439
51 0.00607702
52 0.0208721
56 0.0424609
59 0.00279791
61 0.0165626
-1 -1
NODE 30 8
2dots_tau0
0 12 4 -10 -1
31 32 
LEAF 31 9
65 classes
0 0.00346306
3 0.0263714
4 0.234103
6 0.126722
7 0.0305219
11 0.215588
12 0.00818541
15 0.0119258
17 0.0577612
18 0.0791556
19 0.0182266
20 0.0029139
27 0.0286979
28 0.0177243
33 0.0134387
35 0.0020557
37 0.0291626
39 0.0019447
40 0.00353096
42 0.0041208
44 0.00206987
47 0.003573
48 0.0106766
49 0.00602943
50 0.00323883
51 0.00221227
55 0.00413025
56 0.0463723
59 0.00407419
61 0.00200981
-1 -1
LEAF 32 9
65 classes
0 0.25378
7 0.22367
17 0.124496
19 0.133568
37 0.133568
47 0.130918
-1 -1
NODE 12 6
2dots_tau0
0 -4 0 0 8
13 14 
NODE 13 7
2dots_tau0
0 3 -1 11 10
21 22 
NODE 21 8
2dots_tau0
0 -8 9 -14 -15
25 26 
LEAF 25 9
65 classes
6 0.665842
14 0.334158
-1 -1
LEAF 26 9
65 classes
7 0.148142
15 0.144708
20 0.28286
63 0.42429
-1 -1
NODE 22 8
2dots_tau0
0 5 -13 13 6
23 24 
LEAF 23 9
65 classes
-1 -1
LEAF 24 9
65 classes
1 0.0714292
3 0.0711304
7 0.115255
14 0.0631976
40 0.0666673
45 0.070834
52 0.0717306
59 0.0384619
62 0.431294
-1 -1
NODE 14 7
2dots_tau0
0 7 -14 -12 -4
15 16 
NODE 15 8
2dots_tau0
0 0 0 7 -5
19 20 
LEAF 19 9
65 classes
3 0.273016
20 0.211168
48 0.515817
-1 -1
LEAF 20 9
65 classes
3 0.563391
4 0.168313
37 0.136286
40 0.13201
-1 -1
NODE 16 8
2dots_tau0
0 0 -9 -15 10
17 18 
LEAF 17 9
65 classes
1 0.149869
3 0.373104
7 0.0604554
11 0.167459
28 0.035107
33 0.033273
40 0.0699386
47 0.0353856
62 0.0754095
-1 -1
LEAF 18 9
65 classes
2 0.0957431
7 0.253151
16 0.378604
17 0.0939366
20 0.0805605
28 0.0980047
-1 -1
