image_size: 32 32
class_number: 65
max_depth:  10
1023
NODE 0 0
2dots_tau0
0 7 -3 3 -6
1 2 
NODE 1 1
2dots_tau0
0 0 -11 2 1
513 514 
NODE 513 2
2dots_tau0
0 -7 14 12 5
769 770 
NODE 769 3
2dots_tau0
0 -4 9 -12 6
897 898 
NODE 897 4
2dots_tau0
0 15 -13 6 -7
961 962 
NODE 961 5
2dots_tau0
0 -13 -3 4 8
993 994 
NODE 993 6
2dots_tau0
0 1 -10 5 11
1009 1010 
NODE 1009 7
2dots_tau0
0 -15 3 -9 -1
1017 1018 
NODE 1017 8
2dots_tau0
0 14 13 9 -10
1021 1022 
LEAF 1021 9
65 classes
51 0.812874
59 0.187126
-1 -1
LEAF 1022 9
65 classes
7 0.0825756
13 0.115999
15 0.0806616
21 0.0533037
23 0.558711
49 0.108749
-1 -1
NODE 1018 8
2dots_tau0
0 9 -2 -14 12
1019 1020 
LEAF 1019 9
65 classes
5 0.309179
10 0.0583268
14 0.070686
21 0.0416073
23 0.0872226
42 0.348092
49 0.0424431
61 0.0424431
-1 -1
LEAF 1020 9
65 classes
5 0.178429
14 0.163173
23 0.201347
51 0.215693
59 0.0993068
63 0.142051
-1 -1
NODE 1010 7
2dots_tau0
0 -1 -12 0 -4
1011 1012 
NODE 1011 8
2dots_tau0
0 7 -4 7 6
1015 1016 
LEAF 1015 9
65 classes
42 0.848211
51 0.151789
-1 -1
LEAF 1016 9
65 classes
-1 -1
NODE 1012 8
2dots_tau0
0 -2 8 13 -1
1013 1014 
LEAF 1013 9
65 classes
0 0.626973
42 0.373027
-1 -1
LEAF 1014 9
65 classes
42 0.502844
59 0.497156
-1 -1
NODE 994 6
2dots_tau0
0 0 13 11 -1
995 996 
NODE 995 7
2dots_tau0
0 15 -5 3 0
1003 1004 
NODE 1003 8
2dots_tau0
0 -4 8 -13 -8
1007 1008 
LEAF 1007 9
65 classes
0 0.0368066
7 0.0324397
12 0.0869974
15 0.0316878
21 0.0418806
23 0.482875
27 0.0381263
35 0.131092
42 0.0437973
45 0.0398738
50 0.0344234
-1 -1
LEAF 1008 9
65 classes
53 0.410885
59 0.296543
61 0.292572
-1 -1
NODE 1004 8
2dots_tau0
0 -5 -15 -3 -14
1005 1006 
LEAF 1005 9
65 classes
3 0.201699
7 0.16341
9 0.202546
41 0.220119
42 0.110311
62 0.101915
-1 -1
LEAF 1006 9
65 classes
0 0.0723267
12 0.341908
23 0.172522
33 0.210503
41 0.0858673
48 0.0743278
59 0.0425451
-1 -1
NODE 996 7
2dots_tau0
0 -6 7 -3 -14
997 998 
NODE 997 8
2dots_tau0
0 -13 -3 6 7
1001 1002 
LEAF 1001 9
65 classes
23 0.500573
42 0.499427
-1 -1
LEAF 1002 9
65 classes
0 0.109848
3 0.0398333
9 0.160003
12 0.0432734
30 0.0215388
35 0.0652066
40 0.037334
45 0.0396673
50 0.136981
52 0.160678
61 0.0850014
62 0.100636
-1 -1
NODE 998 8
2dots_tau0
0 1 -6 -14 -8
999 1000 
LEAF 999 9
65 classes
9 0.053552
12 0.115867
23 0.292325
35 0.029099
40 0.0999637
49 0.142248
50 0.0458467
51 0.0313154
52 0.161334
61 0.0284495
-1 -1
LEAF 1000 9
65 classes
23 0.287588
30 0.070921
40 0.245859
48 0.123901
56 0.134537
59 0.070921
62 0.0662729
-1 -1
NODE 962 5
2dots_tau0
0 -13 -2 -11 -8
963 964 
NODE 963 6
2dots_tau0
0 0 -12 9 -11
979 980 
NODE 979 7
2dots_tau0
0 -5 0 9 3
987 988 
NODE 987 8
2dots_tau0
0 -6 -8 -2 8
991 992 
LEAF 991 9
65 classes
35 0.243975
41 0.609936
49 0.0596322
63 0.086457
-1 -1
LEAF 992 9
65 classes
0 0.485384
15 0.0198991
19 0.02433
22 0.0253566
33 0.112118
35 0.0411611
41 0.0274407
48 0.0475061
49 0.0670705
59 0.0135962
63 0.136138
-1 -1
NODE 988 8
2dots_tau0
0 11 8 1 6
989 990 
LEAF 989 9
65 classes
0 0.0694107
1 0.0758268
2 0.0694107
27 0.143799
37 0.0730639
48 0.356656
49 0.040283
53 0.113146
63 0.0584038
-1 -1
LEAF 990 9
65 classes
0 0.0800895
12 0.0189302
27 0.0331845
33 0.404033
35 0.05705
37 0.101166
41 0.0380334
48 0.0164611
49 0.0092961
53 0.0261107
63 0.215645
-1 -1
NODE 980 7
2dots_tau0
0 12 -8 -13 14
981 982 
NODE 981 8
2dots_tau0
0 4 -1 8 14
985 986 
LEAF 985 9
65 classes
0 0.0778256
9 0.0850196
23 0.0928195
32 0.0903333
33 0.0755025
37 0.0819217
49 0.0903333
53 0.126863
62 0.213897
63 0.0654843
-1 -1
LEAF 986 9
65 classes
9 0.345445
12 0.0747416
33 0.184065
35 0.0750829
41 0.0750829
42 0.0752547
48 0.0649927
56 0.0705715
62 0.0347636
-1 -1
NODE 982 8
2dots_tau0
0 4 0 -4 -2
983 984 
LEAF 983 9
65 classes
0 0.090686
9 0.0495344
35 0.0538318
41 0.269159
48 0.0465975
53 0.0369567
62 0.224318
63 0.228916
-1 -1
LEAF 984 9
65 classes
19 0.195691
48 0.3821
59 0.109357
63 0.312852
-1 -1
NODE 964 6
2dots_tau0
0 12 11 15 -14
965 966 
NODE 965 7
2dots_tau0
0 -3 -13 12 0
973 974 
NODE 973 8
2dots_tau0
0 -14 1 -3 -3
977 978 
LEAF 977 9
65 classes
3 0.0534612
22 0.0539123
27 0.0509053
40 0.100214
41 0.17503
44 0.0293729
48 0.0505029
53 0.040054
62 0.405197
63 0.0413502
-1 -1
LEAF 978 9
65 classes
3 0.0808855
5 0.019646
19 0.0195664
27 0.0192546
33 0.0180333
35 0.0441362
40 0.0189526
41 0.0220681
48 0.0191024
59 0.0218684
62 0.653925
63 0.062562
-1 -1
NODE 974 8
2dots_tau0
0 5 -15 10 0
975 976 
LEAF 975 9
65 classes
5 0.129227
23 0.145824
33 0.118618
52 0.268268
56 0.136437
62 0.201626
-1 -1
LEAF 976 9
65 classes
0 0.0216755
1 0.0710374
5 0.160364
7 0.0191039
12 0.0256165
22 0.0713372
27 0.0449055
35 0.0386002
37 0.136898
40 0.0663016
50 0.0608162
56 0.145124
59 0.0127503
62 0.107232
63 0.0182383
-1 -1
NODE 966 7
2dots_tau0
0 3 0 -2 13
967 968 
NODE 967 8
2dots_tau0
0 -7 14 14 -9
971 972 
LEAF 971 9
65 classes
0 0.10055
5 0.106273
12 0.118832
13 0.248982
33 0.0975488
48 0.103332
62 0.0552708
63 0.169211
-1 -1
LEAF 972 9
65 classes
0 0.0321162
9 0.0350849
12 0.0379555
13 0.159052
20 0.0540467
33 0.0311575
37 0.169033
58 0.463901
62 0.0176537
-1 -1
NODE 968 8
2dots_tau0
0 15 -5 -10 -10
969 970 
LEAF 969 9
65 classes
0 0.438473
1 0.136858
9 0.0684291
37 0.0659358
42 0.111804
50 0.0585832
53 0.0510537
62 0.0688631
-1 -1
LEAF 970 9
65 classes
0 0.175639
1 0.127916
3 0.254762
35 0.0695071
40 0.179083
62 0.193092
-1 -1
NODE 898 4
2dots_tau0
0 8 10 0 6
899 900 
NODE 899 5
2dots_tau0
0 2 -1 4 -2
931 932 
NODE 931 6
2dots_tau0
0 11 12 -9 13
947 948 
NODE 947 7
2dots_tau0
0 15 11 4 -7
955 956 
NODE 955 8
2dots_tau0
0 -6 0 15 1
959 960 
LEAF 959 9
65 classes
28 0.136066
42 0.790866
62 0.0730674
-1 -1
LEAF 960 9
65 classes
3 0.154135
5 0.299497
7 0.124875
42 0.0842978
51 0.0905114
61 0.246684
-1 -1
NODE 956 8
2dots_tau0
0 0 9 4 0
957 958 
LEAF 957 9
65 classes
33 0.37156
37 0.40315
59 0.22529
-1 -1
LEAF 958 9
65 classes
42 0.11359
49 0.88641
-1 -1
NODE 948 7
2dots_tau0
0 1 -15 -11 7
949 950 
NODE 949 8
2dots_tau0
0 6 12 -6 -15
953 954 
LEAF 953 9
65 classes
5 0.385548
20 0.102314
28 0.124468
42 0.217036
53 0.0991064
59 0.071527
-1 -1
LEAF 954 9
65 classes
1 0.177689
4 0.21145
14 0.157212
42 0.0967733
52 0.356877
-1 -1
NODE 950 8
2dots_tau0
0 12 -9 -3 -3
951 952 
LEAF 951 9
65 classes
1 0.0399263
3 0.0795184
5 0.0386279
7 0.0322117
14 0.706502
19 0.0384715
42 0.0217447
59 0.0429975
-1 -1
LEAF 952 9
65 classes
1 0.574849
48 0.270384
59 0.154767
-1 -1
NODE 932 6
2dots_tau0
0 -10 -11 13 10
933 934 
NODE 933 7
2dots_tau0
0 10 -14 3 5
941 942 
NODE 941 8
2dots_tau0
0 9 -13 0 1
945 946 
LEAF 945 9
65 classes
1 0.055097
5 0.10661
7 0.0444511
19 0.106179
22 0.0553294
24 0.0466658
41 0.119754
42 0.240056
47 0.052036
48 0.103661
62 0.0277232
63 0.0424371
-1 -1
LEAF 946 9
65 classes
22 0.515337
47 0.484663
-1 -1
NODE 942 8
2dots_tau0
0 13 -8 9 -14
943 944 
LEAF 943 9
65 classes
6 0.259869
7 0.237847
19 0.142034
28 0.13812
35 0.0800967
37 0.142034
-1 -1
LEAF 944 9
65 classes
19 0.160823
35 0.0906927
41 0.181385
48 0.314019
53 0.124525
63 0.128555
-1 -1
NODE 934 7
2dots_tau0
0 0 7 -1 -10
935 936 
NODE 935 8
2dots_tau0
0 6 -2 -14 14
939 940 
LEAF 939 9
65 classes
1 0.070735
9 0.389042
40 0.231068
45 0.175364
52 0.10655
63 0.027241
-1 -1
LEAF 940 9
65 classes
0 0.0624136
1 0.136366
3 0.0678976
9 0.409098
19 0.0656985
40 0.190912
45 0.0676147
-1 -1
NODE 936 8
2dots_tau0
0 -9 -3 5 -15
937 938 
LEAF 937 9
65 classes
14 0.13012
17 0.264169
22 0.147689
40 0.137264
42 0.240291
44 0.0804653
-1 -1
LEAF 938 9
65 classes
0 0.118844
3 0.0258573
9 0.025966
14 0.0689208
19 0.0250198
20 0.0199997
28 0.0243303
42 0.141416
47 0.441421
49 0.0275888
56 0.0530463
61 0.0275888
-1 -1
NODE 900 5
2dots_tau0
0 -1 7 -8 1
901 902 
NODE 901 6
2dots_tau0
0 10 -2 2 2
917 918 
NODE 917 7
2dots_tau0
0 6 8 -7 15
925 926 
NODE 925 8
2dots_tau0
0 11 -6 13 -3
929 930 
LEAF 929 9
65 classes
0 0.232025
9 0.126736
33 0.337648
35 0.137732
59 0.0682427
63 0.0976157
-1 -1
LEAF 930 9
65 classes
0 0.0841307
9 0.0919074
33 0.489716
37 0.265676
53 0.0685704
-1 -1
NODE 926 8
2dots_tau0
0 11 -1 -4 -9
927 928 
LEAF 927 9
65 classes
3 0.0473205
5 0.091948
14 0.126129
21 0.0247475
22 0.334039
23 0.103758
35 0.077463
42 0.0517602
45 0.0471233
47 0.0448794
49 0.0252446
59 0.0255873
-1 -1
LEAF 928 9
65 classes
1 0.275824
13 0.312601
53 0.411575
-1 -1
NODE 918 7
2dots_tau0
0 -1 -4 3 3
919 920 
NODE 919 8
2dots_tau0
0 -15 -11 -14 0
923 924 
LEAF 923 9
65 classes
49 0.104696
59 0.212235
63 0.683068
-1 -1
LEAF 924 9
65 classes
28 0.288515
63 0.711485
-1 -1
NODE 920 8
2dots_tau0
0 -8 14 -14 -5
921 922 
LEAF 921 9
65 classes
0 0.108768
5 0.0574792
9 0.0594113
19 0.114493
33 0.158282
35 0.0645657
41 0.129131
51 0.0347418
53 0.0443257
63 0.228801
-1 -1
LEAF 922 9
65 classes
0 0.173582
24 0.321218
33 0.5052
-1 -1
NODE 902 6
2dots_tau0
0 -9 10 -6 4
903 904 
NODE 903 7
2dots_tau0
0 6 1 -12 -13
911 912 
NODE 911 8
2dots_tau0
0 4 0 -11 15
915 916 
LEAF 915 9
65 classes
0 0.158797
5 0.0839171
12 0.0938346
19 0.0835774
20 0.133616
41 0.094263
42 0.0472394
47 0.0819191
53 0.129427
59 0.09341
-1 -1
LEAF 916 9
65 classes
3 0.0762905
11 0.0856029
14 0.0677822
19 0.147639
42 0.584137
62 0.0385485
-1 -1
NODE 912 8
2dots_tau0
0 15 -1 9 0
913 914 
LEAF 913 9
65 classes
14 0.162978
19 0.266242
22 0.184984
30 0.049594
40 0.085963
42 0.200646
59 0.049594
-1 -1
LEAF 914 9
65 classes
12 0.33515
30 0.111211
42 0.449935
52 0.103703
-1 -1
NODE 904 7
2dots_tau0
0 9 -4 8 10
905 906 
NODE 905 8
2dots_tau0
0 4 7 -2 5
909 910 
LEAF 909 9
65 classes
0 0.0741503
35 0.0880323
41 0.176065
42 0.661753
-1 -1
LEAF 910 9
65 classes
0 0.164869
10 0.0187844
11 0.0287498
12 0.027835
20 0.0594534
42 0.686639
49 0.013669
-1 -1
NODE 906 8
2dots_tau0
0 12 7 -13 -11
907 908 
LEAF 907 9
65 classes
0 1
-1 -1
LEAF 908 9
65 classes
-1 -1
NODE 770 3
2dots_tau0
0 13 -4 -1 -6
771 772 
NODE 771 4
2dots_tau0
0 6 -12 3 10
835 836 
NODE 835 5
2dots_tau0
0 -2 -6 -4 -5
867 868 
NODE 867 6
2dots_tau0
0 -8 -1 -14 -3
883 884 
NODE 883 7
2dots_tau0
0 13 -7 -8 7
891 892 
NODE 891 8
2dots_tau0
0 6 12 6 4
895 896 
LEAF 895 9
65 classes
1 0.018642
3 0.018564
4 0.088736
7 0.0250667
9 0.0497121
10 0.00453661
11 0.0694335
12 0.0268897
21 0.0647236
23 0.0067841
30 0.026768
32 0.00330119
39 0.092633
40 0.0405982
42 0.0101529
44 0.0713968
48 0.00584559
50 0.00531991
51 0.0327037
52 0.00624023
56 0.0761683
59 0.01673
61 0.145252
62 0.0938013
-1 -1
LEAF 896 9
65 classes
1 0.00497798
2 0.00455677
3 0.0148715
4 0.029619
6 0.02194
7 0.00401613
9 0.0298679
10 0.0290738
11 0.044498
12 0.00538527
13 0.169251
21 0.121846
23 0.0108693
30 0.104538
39 0.0690896
40 0.00929223
42 0.0786225
44 0.0381302
49 0.0105782
50 0.0127852
51 0.0116438
52 0.0149969
56 0.0813568
59 0.029485
61 0.0211564
62 0.0275525
-1 -1
NODE 892 8
2dots_tau0
0 -4 -12 -2 0
893 894 
LEAF 893 9
65 classes
0 0.641873
56 0.358127
-1 -1
LEAF 894 9
65 classes
0 0.204894
5 0.324831
7 0.0902921
22 0.112389
59 0.120526
61 0.118912
62 0.0281566
-1 -1
NODE 884 7
2dots_tau0
0 -15 12 -13 -15
885 886 
NODE 885 8
2dots_tau0
0 -3 12 3 -14
889 890 
LEAF 889 9
65 classes
0 0.0469375
1 0.102553
3 0.0255309
7 0.0206843
9 0.102553
22 0.0257463
30 0.0414154
40 0.0478578
42 0.0418893
44 0.0701365
51 0.044977
56 0.15713
59 0.0138051
61 0.258785
-1 -1
LEAF 890 9
65 classes
0 0.0291796
1 0.121132
2 0.00583591
3 0.0190461
4 0.0758668
5 0.0431762
6 0.0224791
7 0.0154305
9 0.0191261
11 0.0356182
13 0.0505779
17 0.148871
19 0.00614306
20 0.00491047
21 0.00996063
22 0.0128045
23 0.0556821
27 0.00604517
28 0.0358426
30 0.0858222
40 0.0238014
42 0.020833
44 0.0104644
45 0.0126445
49 0.0237084
51 0.0260967
55 0.00696026
56 0.0651217
59 0.00343289
61 0.00338691
-1 -1
NODE 886 8
2dots_tau0
0 -4 3 -2 -4
887 888 
LEAF 887 9
65 classes
1 0.0177363
3 0.0353242
7 0.114474
9 0.0177363
13 0.0603035
21 0.0461843
23 0.271089
30 0.0668522
40 0.0165539
42 0.0193192
44 0.04852
51 0.0414864
52 0.0356223
56 0.163052
59 0.00955032
61 0.00942241
62 0.0267732
-1 -1
LEAF 888 9
65 classes
1 0.00997148
4 0.308518
5 0.0192944
9 0.00997148
10 0.0072798
11 0.0668511
12 0.0107873
13 0.0452041
14 0.00882235
17 0.0358221
20 0.0076803
21 0.0363512
22 0.0300407
23 0.0326589
28 0.00934336
42 0.179213
44 0.0109113
45 0.0197768
50 0.00853674
51 0.029155
52 0.0200271
55 0.0272157
56 0.0101855
59 0.00536926
61 0.0158921
62 0.0351215
-1 -1
NODE 868 6
2dots_tau0
0 -6 -5 -12 -8
869 870 
NODE 869 7
2dots_tau0
0 5 11 -14 -13
877 878 
NODE 877 8
2dots_tau0
0 -1 7 14 -11
881 882 
LEAF 881 9
65 classes
0 0.259386
1 0.0566726
3 0.0564355
19 0.0546076
35 0.0307947
39 0.203923
48 0.106625
56 0.231555
-1 -1
LEAF 882 9
65 classes
6 0.011123
9 0.0378555
11 0.0422987
13 0.014301
18 0.0110008
21 0.236576
27 0.011965
30 0.0407675
32 0.0201108
35 0.0137133
39 0.123242
40 0.0588864
41 0.0274265
44 0.0276157
45 0.0375401
48 0.0118704
51 0.0147578
52 0.0126718
56 0.206229
59 0.0135892
61 0.0201108
62 0.00634927
-1 -1
NODE 878 8
2dots_tau0
0 7 14 13 -5
879 880 
LEAF 879 9
65 classes
5 0.391712
45 0.401505
56 0.206784
-1 -1
LEAF 880 9
65 classes
7 0.0330379
11 0.061009
13 0.340343
21 0.17772
23 0.0745121
30 0.0220502
35 0.0370859
39 0.0140334
42 0.0148683
44 0.022405
51 0.11175
56 0.0697152
59 0.00735006
61 0.00725162
62 0.00686835
-1 -1
NODE 870 7
2dots_tau0
0 -7 15 -4 -12
871 872 
NODE 871 8
2dots_tau0
0 10 -4 -14 -13
875 876 
LEAF 875 9
65 classes
0 0.0285126
1 0.124593
5 0.0301353
7 0.0251298
14 0.0551174
17 0.223797
19 0.0300133
21 0.0324433
23 0.0340059
30 0.0838607
40 0.0872152
44 0.0511261
51 0.0182145
52 0.0625594
56 0.0636334
61 0.0496426
-1 -1
LEAF 876 9
65 classes
5 0.125732
7 0.419392
14 0.114982
51 0.0759955
53 0.19392
59 0.0699778
-1 -1
NODE 872 8
2dots_tau0
0 1 -11 8 -6
873 874 
LEAF 873 9
65 classes
0 0.0429126
7 0.0378213
19 0.135514
21 0.170899
23 0.153541
30 0.0504855
39 0.0240978
40 0.0437541
51 0.246721
52 0.0470771
62 0.0471767
-1 -1
LEAF 874 9
65 classes
1 0.0871999
3 0.0144725
4 0.0172947
6 0.0640543
7 0.0117252
11 0.0162391
13 0.0494133
14 0.025717
15 0.0114534
17 0.0130526
19 0.0140038
21 0.113532
23 0.126933
39 0.00747069
41 0.0157942
42 0.0316607
48 0.0136717
51 0.0084986
52 0.0145946
56 0.282059
59 0.0156513
61 0.0308833
62 0.0146255
-1 -1
NODE 836 5
2dots_tau0
0 6 7 9 15
837 838 
NODE 837 6
2dots_tau0
0 9 8 -10 10
853 854 
NODE 853 7
2dots_tau0
0 -11 -4 15 -3
861 862 
NODE 861 8
2dots_tau0
0 6 -15 13 -3
865 866 
LEAF 865 9
65 classes
5 0.666642
27 0.217788
62 0.11557
-1 -1
LEAF 866 9
65 classes
1 0.265556
3 0.052889
7 0.0428491
19 0.051176
27 0.0503605
40 0.198282
56 0.271255
62 0.0267241
63 0.0409077
-1 -1
NODE 862 8
2dots_tau0
0 -5 8 5 8
863 864 
LEAF 863 9
65 classes
0 0.029414
3 0.0319985
12 0.104286
14 0.199009
19 0.0309621
33 0.0570719
35 0.349207
52 0.129074
59 0.051907
61 0.0170706
-1 -1
LEAF 864 9
65 classes
1 0.0209919
3 0.0167233
4 0.0149883
6 0.303466
7 0.0169359
9 0.0419839
11 0.0375293
12 0.140799
13 0.00475817
14 0.033431
17 0.0226238
18 0.00366013
19 0.00404541
21 0.0174918
23 0.00458356
24 0.00355593
32 0.00223039
33 0.0596547
35 0.0250945
37 0.0364087
39 0.00215814
40 0.015674
41 0.00456263
42 0.00457307
44 0.0114852
47 0.00396515
48 0.0197474
50 0.0107829
51 0.00245508
52 0.0042161
54 0.00732027
56 0.0428848
61 0.0200736
62 0.0359127
63 0.00323371
-1 -1
NODE 854 7
2dots_tau0
0 -7 0 -3 -13
855 856 
NODE 855 8
2dots_tau0
0 4 -6 -1 -5
859 860 
LEAF 859 9
65 classes
9 0.383922
14 0.169839
17 0.172403
33 0.170473
59 0.103364
-1 -1
LEAF 860 9
65 classes
3 0.179264
5 0.174163
7 0.145234
19 0.173458
33 0.159866
40 0.168016
-1 -1
NODE 856 8
2dots_tau0
0 12 11 3 13
857 858 
LEAF 857 9
65 classes
1 0.174521
5 0.112564
9 0.0581736
14 0.205878
23 0.0635106
35 0.0316103
48 0.0547246
51 0.034018
52 0.233676
59 0.0313242
-1 -1
LEAF 858 9
65 classes
9 0.113581
14 0.401968
35 0.0617177
37 0.109443
41 0.246871
51 0.0664186
-1 -1
NODE 838 6
2dots_tau0
0 -12 11 4 -5
839 840 
NODE 839 7
2dots_tau0
0 -13 -13 0 7
847 848 
NODE 847 8
2dots_tau0
0 11 -6 2 15
851 852 
LEAF 851 9
65 classes
1 0.0393107
7 0.285435
14 0.104341
22 0.0394765
42 0.0214095
44 0.0645237
51 0.160913
56 0.200771
59 0.0211673
61 0.0626514
-1 -1
LEAF 852 9
65 classes
1 0.133306
3 0.132748
7 0.322645
48 0.125402
51 0.0779527
56 0.136166
59 0.07178
-1 -1
NODE 848 8
2dots_tau0
0 9 -10 -13 -3
849 850 
LEAF 849 9
65 classes
0 0.0125223
9 0.0820788
21 0.0284971
23 0.507784
30 0.00736605
35 0.0148666
40 0.0383034
44 0.0598766
45 0.0135658
52 0.0824251
59 0.00736605
61 0.145348
-1 -1
LEAF 850 9
65 classes
9 0.229792
23 0.0627183
45 0.0569691
51 0.0335936
52 0.346142
56 0.117361
59 0.0618669
61 0.0915576
-1 -1
NODE 840 7
2dots_tau0
0 -2 3 4 8
841 842 
NODE 841 8
2dots_tau0
0 3 -11 -10 9
845 846 
LEAF 845 9
65 classes
5 0.0821813
21 0.0884753
30 0.0457389
35 0.230783
39 0.130993
48 0.159815
56 0.173533
59 0.0457389
62 0.0427412
-1 -1
LEAF 846 9
65 classes
18 0.174232
21 0.208163
22 0.401395
30 0.107614
35 0.108597
-1 -1
NODE 842 8
2dots_tau0
0 -14 -4 14 12
843 844 
LEAF 843 9
65 classes
0 0.0399213
4 0.103795
6 0.192214
9 0.087223
17 0.039168
19 0.0420224
33 0.0387296
37 0.0420224
40 0.0814081
52 0.087591
56 0.222737
61 0.0231686
-1 -1
LEAF 844 9
65 classes
4 0.0945648
11 0.0380542
12 0.0245623
13 0.0257319
17 0.0407826
21 0.135979
22 0.0114002
23 0.0247876
33 0.0100815
35 0.00616861
37 0.0437547
39 0.0933685
40 0.042382
45 0.0112577
48 0.0213585
52 0.136803
56 0.208727
59 0.00611278
61 0.0241237
-1 -1
NODE 772 4
2dots_tau0
0 11 0 -13 12
773 774 
NODE 773 5
2dots_tau0
0 -3 15 9 13
805 806 
NODE 805 6
2dots_tau0
0 -11 -12 -2 10
821 822 
NODE 821 7
2dots_tau0
0 -15 13 9 5
829 830 
NODE 829 8
2dots_tau0
0 -11 11 -3 -7
833 834 
LEAF 833 9
65 classes
-1 -1
LEAF 834 9
65 classes
44 0.242299
48 0.416601
63 0.3411
-1 -1
NODE 830 8
2dots_tau0
0 -8 -9 14 -15
831 832 
LEAF 831 9
65 classes
3 0.0392845
5 0.0190833
7 0.0159135
12 0.0213386
13 0.0223547
35 0.0321541
40 0.0184098
45 0.0391208
58 0.782416
62 0.00992494
-1 -1
LEAF 832 9
65 classes
13 0.0238016
33 0.0932524
35 0.0114117
46 0.666444
48 0.0197562
49 0.167355
50 0.0179796
-1 -1
NODE 822 7
2dots_tau0
0 5 -9 6 -6
823 824 
NODE 823 8
2dots_tau0
0 8 14 0 0
827 828 
LEAF 827 9
65 classes
12 0.126032
33 0.620754
41 0.253215
-1 -1
LEAF 828 9
65 classes
0 0.0918861
9 0.0334599
12 0.253383
18 0.0291702
27 0.0317269
33 0.208001
35 0.0181814
37 0.161204
48 0.0314761
49 0.0355512
50 0.0286455
63 0.0773152
-1 -1
NODE 824 8
2dots_tau0
0 -3 2 -5 -7
825 826 
LEAF 825 9
65 classes
0 0.0397571
12 0.281914
18 0.018932
22 0.0218077
28 0.0203481
33 0.250707
35 0.0590003
40 0.0202683
41 0.0944005
48 0.0408571
49 0.0115367
59 0.0233865
63 0.117084
-1 -1
LEAF 826 9
65 classes
0 0.153951
12 0.0909709
15 0.0662702
23 0.0918055
27 0.0797354
33 0.224033
35 0.228466
63 0.0647689
-1 -1
NODE 806 6
2dots_tau0
0 11 10 -5 1
807 808 
NODE 807 7
2dots_tau0
0 -12 13 -8 10
815 816 
NODE 815 8
2dots_tau0
0 12 13 4 15
819 820 
LEAF 819 9
65 classes
0 0.0102512
1 0.0335963
3 0.390316
4 0.0399795
5 0.0108346
6 0.0789719
11 0.0375395
13 0.101535
16 0.0101342
17 0.0100577
23 0.0122262
27 0.0106187
28 0.0104933
30 0.0060301
33 0.00994516
35 0.00608517
48 0.0105348
49 0.017848
55 0.0305654
56 0.0343172
61 0.0654427
62 0.0281744
63 0.0345023
-1 -1
LEAF 820 9
65 classes
4 0.0271967
6 0.100729
12 0.0247243
17 0.0615775
18 0.0398487
23 0.0249511
27 0.0216707
28 0.0214148
33 0.121776
37 0.374368
48 0.0214994
50 0.019566
56 0.0466897
61 0.0242828
62 0.034499
63 0.0352061
-1 -1
NODE 816 8
2dots_tau0
0 13 -6 -14 -8
817 818 
LEAF 817 9
65 classes
1 0.0196466
6 0.0346363
9 0.0196466
11 0.0219526
12 0.0425082
13 0.222662
18 0.0171278
21 0.0204634
23 0.0214491
27 0.0186291
33 0.174474
37 0.132515
48 0.0739272
49 0.0104373
50 0.117738
61 0.0521864
-1 -1
LEAF 818 9
65 classes
1 0.0289063
3 0.115141
4 0.068797
5 0.0838988
6 0.0764412
12 0.0312714
13 0.229323
17 0.0259611
18 0.0504008
27 0.0274092
35 0.0157071
40 0.0269792
41 0.0314142
48 0.054385
59 0.0466948
62 0.087269
-1 -1
NODE 808 7
2dots_tau0
0 6 0 9 -9
809 810 
NODE 809 8
2dots_tau0
0 12 5 -13 -3
813 814 
LEAF 813 9
65 classes
0 0.060507
6 0.058266
12 0.0715083
13 0.149827
18 0.0576257
27 0.0626766
32 0.0702313
33 0.117402
35 0.0359174
37 0.191075
49 0.0351157
50 0.0565893
62 0.0332597
-1 -1
LEAF 814 9
65 classes
0 0.17871
32 0.103716
37 0.188116
41 0.424335
59 0.105124
-1 -1
NODE 810 8
2dots_tau0
0 0 7 -14 9
811 812 
LEAF 811 9
65 classes
13 0.203374
21 0.0467271
27 0.170154
32 0.0953316
33 0.15936
35 0.195016
41 0.048754
59 0.0241564
62 0.0225732
63 0.0345538
-1 -1
LEAF 812 9
65 classes
48 1
-1 -1
NODE 774 5
2dots_tau0
0 10 -1 -1 -3
775 776 
NODE 775 6
2dots_tau0
0 15 9 12 1
791 792 
NODE 791 7
2dots_tau0
0 11 0 10 5
799 800 
NODE 799 8
2dots_tau0
0 7 -15 6 13
803 804 
LEAF 803 9
65 classes
5 0.283492
23 0.159952
41 0.477665
59 0.0788904
-1 -1
LEAF 804 9
65 classes
40 0.776119
59 0.223881
-1 -1
NODE 800 8
2dots_tau0
0 -8 2 3 8
801 802 
LEAF 801 9
65 classes
5 1
-1 -1
LEAF 802 9
65 classes
1 0.0626216
3 0.187079
5 0.242341
6 0.0551998
23 0.2051
35 0.0340273
40 0.116894
59 0.0337193
62 0.0630188
-1 -1
NODE 792 7
2dots_tau0
0 14 2 12 15
793 794 
NODE 793 8
2dots_tau0
0 13 -11 3 -4
797 798 
LEAF 797 9
65 classes
12 1
-1 -1
LEAF 798 9
65 classes
13 0.540481
19 0.459519
-1 -1
NODE 794 8
2dots_tau0
0 10 13 7 15
795 796 
LEAF 795 9
65 classes
0 0.127234
1 0.277991
17 0.124834
19 0.133931
35 0.0755272
40 0.129729
48 0.130755
-1 -1
LEAF 796 9
65 classes
1 1
-1 -1
NODE 776 6
2dots_tau0
0 -14 -2 2 4
777 778 
NODE 777 7
2dots_tau0
0 6 10 12 -8
785 786 
NODE 785 8
2dots_tau0
0 -11 0 0 3
789 790 
LEAF 789 9
65 classes
3 0.337696
5 0.109362
19 0.217839
42 0.0615632
48 0.212673
59 0.0608668
-1 -1
LEAF 790 9
65 classes
3 0.296112
5 0.143843
18 0.0648084
19 0.214891
28 0.0696563
48 0.0699316
51 0.043471
59 0.0400287
63 0.0572579
-1 -1
NODE 786 8
2dots_tau0
0 10 -10 -2 -5
787 788 
LEAF 787 9
65 classes
5 0.422167
22 0.10955
28 0.408871
42 0.0594125
-1 -1
LEAF 788 9
65 classes
5 0.438648
28 0.283221
44 0.165375
53 0.112756
-1 -1
NODE 778 7
2dots_tau0
0 -14 3 2 3
779 780 
NODE 779 8
2dots_tau0
0 -2 -5 7 -8
783 784 
LEAF 783 9
65 classes
23 0.367199
48 0.632801
-1 -1
LEAF 784 9
65 classes
-1 -1
NODE 780 8
2dots_tau0
0 -6 4 4 -10
781 782 
LEAF 781 9
65 classes
35 0.146501
41 0.293002
59 0.145175
63 0.415323
-1 -1
LEAF 782 9
65 classes
3 0.0489024
5 0.190043
6 0.0432877
48 0.138589
49 0.18262
54 0.042812
59 0.0264427
62 0.0247097
63 0.302593
-1 -1
NODE 514 2
2dots_tau0
0 7 -2 -6 -8
515 516 
NODE 515 3
2dots_tau0
0 13 5 8 -8
643 644 
NODE 643 4
2dots_tau0
0 -6 10 14 -9
707 708 
NODE 707 5
2dots_tau0
0 -15 0 -5 -15
739 740 
NODE 739 6
2dots_tau0
0 -13 8 -3 5
755 756 
NODE 755 7
2dots_tau0
0 7 1 0 -1
763 764 
NODE 763 8
2dots_tau0
0 -7 1 -10 -1
767 768 
LEAF 767 9
65 classes
3 0.0136911
4 0.0327217
7 0.0554605
9 0.0412459
10 0.240896
11 0.0153623
12 0.0148735
15 0.010835
17 0.0246956
19 0.0132477
20 0.0423582
22 0.0138066
27 0.0130365
40 0.012832
45 0.0681703
50 0.0235408
51 0.00803974
52 0.151873
58 0.181787
61 0.0146079
62 0.00691791
-1 -1
LEAF 768 9
65 classes
1 0.0647523
3 0.00921163
5 0.035798
6 0.016308
7 0.104482
9 0.00925033
10 0.0135066
15 0.02916
17 0.0913863
19 0.00891327
22 0.14863
24 0.0548436
28 0.0693411
40 0.0518019
45 0.0917324
47 0.00873642
49 0.0540566
52 0.0928936
53 0.0069015
56 0.0188977
61 0.0147427
62 0.0046545
-1 -1
NODE 764 8
2dots_tau0
0 -6 -12 -5 -3
765 766 
LEAF 765 9
65 classes
1 0.0207087
7 0.133659
10 0.0151186
14 0.0183222
15 0.326402
17 0.0185988
22 0.124776
24 0.192937
28 0.0582127
49 0.044006
54 0.0361075
59 0.0111508
-1 -1
LEAF 766 9
65 classes
1 0.0269456
5 0.0260694
10 0.167212
14 0.0119202
15 0.0849412
19 0.0259638
22 0.040589
39 0.00692555
45 0.0534422
49 0.00715744
58 0.534422
59 0.0072546
61 0.00715744
-1 -1
NODE 756 7
2dots_tau0
0 -13 14 -7 14
757 758 
NODE 757 8
2dots_tau0
0 -14 1 -12 -7
761 762 
LEAF 761 9
65 classes
1 0.0415023
4 0.0493878
9 0.0415023
10 0.0201995
11 0.092747
13 0.0940719
16 0.0375572
18 0.048242
33 0.0122855
39 0.00711127
45 0.109751
49 0.0367468
56 0.028262
58 0.365835
59 0.00744914
61 0.00734937
-1 -1
LEAF 762 9
65 classes
4 0.263388
9 0.0442668
11 0.148387
12 0.143666
13 0.0501691
15 0.0348858
18 0.0385916
28 0.0414784
49 0.235168
-1 -1
NODE 758 8
2dots_tau0
0 8 9 -5 13
759 760 
LEAF 759 9
65 classes
1 0.0110264
4 0.118093
9 0.055132
11 0.184809
16 0.0199565
23 0.012038
30 0.00593729
35 0.00599152
39 0.051012
40 0.0205826
45 0.0656071
49 0.0410044
50 0.132158
51 0.0193436
52 0.0664376
54 0.00961276
58 0.145794
59 0.0237492
61 0.0117156
-1 -1
LEAF 760 9
65 classes
4 0.0187027
10 0.011474
11 0.0175612
15 0.0371577
16 0.0142226
22 0.0473486
23 0.0343169
24 0.0133115
28 0.0294531
37 0.0302878
42 0.00855958
45 0.0155856
49 0.0417471
50 0.188372
52 0.284092
58 0.207808
-1 -1
NODE 740 6
2dots_tau0
0 6 -1 2 -10
741 742 
NODE 741 7
2dots_tau0
0 0 -14 0 13
749 750 
NODE 749 8
2dots_tau0
0 -2 -10 9 -15
753 754 
LEAF 753 9
65 classes
4 0.189039
5 0.0153691
6 0.0700146
10 0.0347925
11 0.142001
12 0.0515562
15 0.0876342
28 0.11908
35 0.0172639
39 0.0489951
47 0.105022
49 0.00843926
54 0.110792
-1 -1
LEAF 754 9
65 classes
11 0.0388834
14 0.0307887
15 0.137122
17 0.0312534
20 0.0536062
22 0.0698916
24 0.0589477
28 0.260855
30 0.0187379
35 0.018909
39 0.0357761
47 0.0328657
54 0.212363
-1 -1
NODE 750 8
2dots_tau0
0 -5 0 -1 14
751 752 
LEAF 751 9
65 classes
6 0.0421034
7 0.0385354
13 0.108266
15 0.188211
22 0.143898
28 0.0447556
35 0.0519084
39 0.147317
40 0.0445801
49 0.0761245
55 0.0260732
59 0.0514386
63 0.0367894
-1 -1
LEAF 752 9
65 classes
4 0.241821
6 0.0116822
7 0.00712812
9 0.00441764
10 0.00645029
11 0.148084
12 0.0238954
13 0.01502
15 0.031333
16 0.0159908
20 0.0102077
21 0.00230065
22 0.00887255
23 0.0241146
24 0.0336746
27 0.00418883
28 0.0372542
30 0.00237873
35 0.00720135
39 0.0703959
45 0.0394274
47 0.0458943
49 0.035203
50 0.0983321
52 0.0310539
54 0.0269589
55 0.00964584
59 0.00237873
61 0.00469374
-1 -1
NODE 742 7
2dots_tau0
0 -8 -2 -8 15
743 744 
NODE 743 8
2dots_tau0
0 11 -11 8 8
747 748 
LEAF 747 9
65 classes
48 0.639087
61 0.360913
-1 -1
LEAF 748 9
65 classes
1 1
-1 -1
NODE 744 8
2dots_tau0
0 -3 -2 1 -4
745 746 
LEAF 745 9
65 classes
15 0.196849
18 0.21776
40 0.233131
54 0.21776
59 0.134499
-1 -1
LEAF 746 9
65 classes
12 0.0615929
14 0.100747
18 0.0992707
27 0.0539858
39 0.0585332
54 0.595624
61 0.0302465
-1 -1
NODE 708 5
2dots_tau0
0 -13 15 -7 6
709 710 
NODE 709 6
2dots_tau0
0 -9 -10 13 -8
725 726 
NODE 725 7
2dots_tau0
0 -15 -11 -2 8
733 734 
NODE 733 8
2dots_tau0
0 14 -4 -5 -15
737 738 
LEAF 737 9
65 classes
5 0.0591927
6 0.107862
7 0.0394886
15 0.0385733
17 0.0329692
20 0.169648
22 0.0860168
24 0.072548
28 0.16052
42 0.00666426
47 0.0115567
49 0.0390038
51 0.0357774
55 0.133591
59 0.00658887
-1 -1
LEAF 738 9
65 classes
6 0.0537827
14 0.0269913
15 0.024042
17 0.0273988
20 0.234973
24 0.0258387
28 0.314438
47 0.201685
49 0.0162069
51 0.0178395
55 0.0333058
63 0.0234973
-1 -1
NODE 734 8
2dots_tau0
0 4 -3 10 0
735 736 
LEAF 735 9
65 classes
5 0.0355602
6 0.0323993
15 0.289663
18 0.0961298
20 0.16986
22 0.0369106
24 0.062262
28 0.137761
49 0.0781055
51 0.0214934
55 0.0200638
59 0.0197914
-1 -1
LEAF 736 9
65 classes
5 0.0367878
6 0.0335178
15 0.0449493
19 0.0183194
20 0.102506
22 0.133647
24 0.177131
28 0.0178146
47 0.161604
49 0.232305
51 0.0111177
61 0.0303007
-1 -1
NODE 726 7
2dots_tau0
0 -4 -5 -12 12
727 728 
NODE 727 8
2dots_tau0
0 -7 13 0 -5
731 732 
LEAF 731 9
65 classes
1 0.0152113
4 0.0181015
7 0.0368166
10 0.0111052
13 0.120677
21 0.0158438
23 0.0996412
30 0.057335
35 0.00826552
39 0.273673
44 0.0249676
45 0.0150846
51 0.0444754
52 0.0152755
59 0.0819072
61 0.16162
-1 -1
LEAF 732 9
65 classes
4 0.0146537
6 0.113973
7 0.00496735
9 0.018471
10 0.0539399
11 0.0343983
12 0.00666076
13 0.0139559
17 0.0497672
18 0.0161029
19 0.0237307
20 0.0142269
21 0.0961948
23 0.00672187
28 0.00576916
30 0.00331531
32 0.00327091
35 0.0100368
37 0.0118653
39 0.142422
42 0.00670649
44 0.00673732
45 0.0061057
49 0.0817728
51 0.0756087
54 0.0107353
55 0.0436922
58 0.0814093
59 0.0198919
61 0.0228964
-1 -1
NODE 728 8
2dots_tau0
0 -12 -2 8 -7
729 730 
LEAF 729 9
65 classes
1 0.0375425
5 0.116229
7 0.181731
9 0.030034
10 0.0274083
14 0.0398592
15 0.0236692
17 0.00674348
19 0.0434095
20 0.046266
22 0.082942
24 0.0572356
28 0.0351776
30 0.00404304
44 0.0041081
45 0.0148919
47 0.00709136
49 0.0119667
51 0.0790329
52 0.00754018
53 0.00560195
55 0.0204934
59 0.113205
62 0.00377806
-1 -1
LEAF 730 9
65 classes
1 0.0745872
3 0.00690931
4 0.00412831
5 0.0117472
7 0.0153937
9 0.0381609
10 0.157028
11 0.00193818
13 0.043249
14 0.0429713
15 0.00683496
17 0.0436199
19 0.0116997
20 0.00133602
21 0.0216804
22 0.0104514
23 0.00378744
24 0.00440745
27 0.00328949
28 0.00325064
30 0.0513704
37 0.00835691
39 0.0133747
40 0.0275221
42 0.0103916
44 0.0806682
45 0.0774059
47 0.00327644
49 0.012901
50 0.00445502
51 0.0131863
52 0.0226448
53 0.0310594
54 0.0105854
55 0.0359807
56 0.0177181
59 0.0130761
61 0.0525254
62 0.00610956
-1 -1
NODE 710 6
2dots_tau0
0 -15 -9 0 12
711 712 
NODE 711 7
2dots_tau0
0 -3 -2 15 -8
719 720 
NODE 719 8
2dots_tau0
0 -11 -2 -13 2
723 724 
LEAF 723 9
65 classes
59 1
-1 -1
LEAF 724 9
65 classes
1 0.218199
20 0.0840313
28 0.102227
55 0.595543
-1 -1
NODE 720 8
2dots_tau0
0 10 -8 5 12
721 722 
LEAF 721 9
65 classes
1 0.0140846
3 0.0140257
4 0.0838035
7 0.102269
9 0.0140846
11 0.0472133
13 0.0159626
14 0.024923
15 0.0110998
19 0.0678571
20 0.0325451
21 0.0366755
22 0.0282881
28 0.0131974
30 0.00758403
35 0.00765329
39 0.0289602
40 0.0131457
44 0.0462364
48 0.0132496
49 0.0299298
51 0.0905984
55 0.038442
56 0.0287738
59 0.174433
61 0.0149649
-1 -1
LEAF 722 9
65 classes
1 0.0314238
3 0.0312923
4 0.0373943
6 0.0276995
9 0.0314238
11 0.0351121
19 0.0302788
20 0.0968139
23 0.0343067
45 0.031162
52 0.0315564
55 0.0514601
56 0.0320982
59 0.473775
63 0.0242035
-1 -1
NODE 712 7
2dots_tau0
0 10 8 10 -12
713 714 
NODE 713 8
2dots_tau0
0 11 8 2 6
717 718 
LEAF 717 9
65 classes
4 0.0505023
6 0.0106883
9 0.0485016
11 0.0745172
13 0.0206132
18 0.00528543
19 0.0175254
20 0.0280179
21 0.0726198
23 0.0264757
28 0.0056808
30 0.0652907
32 0.0128832
35 0.0230604
37 0.0116836
39 0.109076
40 0.0565852
44 0.0862437
45 0.066134
50 0.0207615
51 0.0106358
52 0.103501
56 0.0123856
59 0.0228517
61 0.0354289
62 0.00305058
-1 -1
LEAF 718 9
65 classes
6 0.0956659
9 0.108529
10 0.0198081
11 0.0303167
12 0.205464
13 0.0307498
15 0.0213823
16 0.0491061
20 0.250775
32 0.014414
35 0.014743
40 0.0253233
49 0.0288279
50 0.0464565
59 0.0584385
-1 -1
NODE 714 8
2dots_tau0
0 0 -8 1 -11
715 716 
LEAF 715 9
65 classes
2 0.0118103
9 0.0903137
11 0.0288325
15 0.0101678
19 0.0497274
21 0.0940685
23 0.0140856
30 0.0555777
32 0.08225
33 0.0114577
35 0.0140213
39 0.205595
44 0.035295
45 0.0511778
49 0.041125
50 0.0220911
51 0.0301785
52 0.0906948
56 0.0131788
59 0.0277888
61 0.0205625
-1 -1
LEAF 716 9
65 classes
1 0.0468046
4 0.0139244
9 0.0585057
11 0.0392236
19 0.0338244
21 0.12797
30 0.30243
35 0.0127163
39 0.0661633
44 0.025608
45 0.104433
50 0.0400701
51 0.0205273
52 0.0470021
56 0.0239045
59 0.0189019
61 0.00621623
62 0.0117754
-1 -1
NODE 644 4
2dots_tau0
0 2 14 -15 -7
645 646 
NODE 645 5
2dots_tau0
0 -7 13 13 0
677 678 
NODE 677 6
2dots_tau0
0 -2 9 4 0
693 694 
NODE 693 7
2dots_tau0
0 6 7 10 -14
701 702 
NODE 701 8
2dots_tau0
0 7 -13 8 -11
705 706 
LEAF 705 9
65 classes
1 0.07258
3 0.0963684
11 0.0270329
19 0.0233118
20 0.0186343
24 0.143438
27 0.183522
33 0.0859404
35 0.118315
40 0.0903217
48 0.0227589
50 0.0207123
51 0.0141474
59 0.0521087
62 0.0121734
63 0.0186343
-1 -1
LEAF 706 9
65 classes
0 0.0187213
3 0.0203662
9 0.0818073
11 0.0457045
12 0.0221251
15 0.0322353
19 0.0197066
24 0.0519665
27 0.174533
33 0.0363249
35 0.0555654
40 0.0763535
45 0.202814
47 0.0193156
50 0.0875456
59 0.0440501
61 0.010865
-1 -1
NODE 702 8
2dots_tau0
0 8 -14 -14 -1
703 704 
LEAF 703 9
65 classes
1 0.0262221
3 0.0522247
9 0.0262221
15 0.12399
19 0.0757998
32 0.0139305
33 0.0232868
35 0.0854911
39 0.0134792
40 0.0244739
45 0.208028
50 0.179593
53 0.0195638
56 0.0267848
61 0.0139305
62 0.0263884
63 0.0605908
-1 -1
LEAF 704 9
65 classes
15 0.643693
59 0.146603
63 0.209704
-1 -1
NODE 694 7
2dots_tau0
0 -5 6 3 -8
695 696 
NODE 695 8
2dots_tau0
0 -2 -5 -5 0
699 700 
LEAF 699 9
65 classes
2 0.0615111
7 0.0813198
12 0.0363475
15 0.0264783
19 0.291369
24 0.0853713
32 0.0178492
35 0.0182567
40 0.0940759
47 0.0634639
50 0.115057
51 0.0392946
61 0.0178492
63 0.051757
-1 -1
LEAF 700 9
65 classes
2 0.112945
12 0.0190687
19 0.271749
22 0.0354018
24 0.0746462
28 0.0495486
30 0.0189824
35 0.0766232
40 0.0164514
45 0.0699186
50 0.0150904
53 0.131508
62 0.0266075
63 0.0814586
-1 -1
NODE 696 8
2dots_tau0
0 -9 3 -1 -6
697 698 
LEAF 697 9
65 classes
1 0.00614415
2 0.0168728
4 0.0146231
5 0.00594434
9 0.0245766
19 0.0532825
20 0.00473239
22 0.0185102
24 0.0728552
27 0.116519
28 0.0690854
30 0.0165419
40 0.0401418
41 0.0534176
42 0.00669249
45 0.0243718
47 0.174084
50 0.0315606
52 0.0123402
53 0.201698
56 0.012552
61 0.00326408
62 0.0154578
63 0.00473239
-1 -1
LEAF 698 9
65 classes
0 0.00615135
2 0.0553621
4 0.0159935
9 0.0335998
11 0.0150174
12 0.0436187
15 0.00529586
16 0.00608118
18 0.00585843
19 0.0064751
20 0.00517589
24 0.0341498
27 0.0955787
28 0.01889
30 0.00361844
32 0.0285598
35 0.00730297
41 0.0657267
42 0.0475779
45 0.0199919
47 0.0951995
48 0.0126431
49 0.00713996
50 0.0805428
51 0.00392961
53 0.0752046
61 0.0107099
62 0.101439
63 0.0931661
-1 -1
NODE 678 6
2dots_tau0
0 4 -15 0 3
679 680 
NODE 679 7
2dots_tau0
0 7 5 -12 4
687 688 
NODE 687 8
2dots_tau0
0 8 9 -3 13
691 692 
LEAF 691 9
65 classes
1 0.0266078
2 0.0382743
3 0.00757042
4 0.0180933
6 0.0134024
9 0.03421
11 0.0637088
13 0.0258476
17 0.0170692
18 0.00331379
19 0.0219757
21 0.0336528
27 0.0324382
30 0.0511689
32 0.224147
33 0.00337562
35 0.00206545
37 0.0366261
39 0.0468941
40 0.0354771
41 0.0454398
44 0.0436735
45 0.0226166
48 0.00357575
50 0.0292877
52 0.0114515
53 0.00567188
56 0.0504749
59 0.00204675
61 0.0383675
62 0.0114757
-1 -1
LEAF 692 9
65 classes
1 0.0142276
2 0.0130237
3 0.0283361
9 0.0284552
11 0.0158975
12 0.0615666
20 0.0109585
23 0.0310657
27 0.0674535
30 0.045966
32 0.0151168
35 0.00773097
39 0.0219406
40 0.0265582
42 0.046492
45 0.0423271
49 0.0226752
50 0.0365414
52 0.0142876
53 0.318448
54 0.0372106
56 0.0145329
62 0.0572713
63 0.0219169
-1 -1
NODE 688 8
2dots_tau0
0 11 7 -6 8
689 690 
LEAF 689 9
65 classes
1 0.0761407
5 0.0736646
19 0.0366832
22 0.038231
40 0.213194
47 0.107866
49 0.0202249
51 0.0445245
53 0.369246
61 0.0202249
-1 -1
LEAF 690 9
65 classes
9 0.0424744
19 0.0818536
20 0.13086
22 0.170615
42 0.0925301
47 0.160459
49 0.0676936
53 0.253515
-1 -1
NODE 680 7
2dots_tau0
0 4 14 -9 2
681 682 
NODE 681 8
2dots_tau0
0 -7 -7 6 7
685 686 
LEAF 685 9
65 classes
15 0.0333921
20 0.0326356
28 0.15881
32 0.0225098
35 0.0460475
41 0.0460475
42 0.138459
47 0.0400175
49 0.0900394
53 0.316126
56 0.0432807
63 0.0326356
-1 -1
LEAF 686 9
65 classes
1 0.00678418
2 0.0207005
4 0.00807318
6 0.0538212
9 0.0701032
11 0.0631704
12 0.00978567
13 0.0179404
15 0.00534648
16 0.047068
17 0.00609296
18 0.00394294
19 0.002179
20 0.0226432
21 0.00117771
22 0.00227094
24 0.0440529
27 0.0128656
28 0.038141
30 0.0048707
32 0.162184
33 0.00602476
35 0.00368638
37 0.00653699
39 0.00697467
40 0.0126638
41 0.0540669
42 0.00369482
44 0.00371181
45 0.0224255
49 0.0072082
50 0.178113
52 0.0136256
53 0.018559
54 0.00985736
55 0.00246886
56 0.00230992
58 0.0299007
61 0.013215
63 0.00174179
-1 -1
NODE 682 8
2dots_tau0
0 -6 7 -14 -13
683 684 
LEAF 683 9
65 classes
9 0.154954
12 0.0761964
19 0.271469
22 0.0141462
35 0.0459266
45 0.293356
48 0.0132515
49 0.00748358
50 0.0241197
51 0.0247123
53 0.0105098
54 0.0122807
61 0.0374179
62 0.0141761
-1 -1
LEAF 684 9
65 classes
15 0.0839661
22 0.160492
24 0.0451206
28 0.499169
41 0.0578944
47 0.050313
54 0.0464428
61 0.0566022
-1 -1
NODE 646 5
2dots_tau0
0 4 -14 -1 -4
647 648 
NODE 647 6
2dots_tau0
0 10 12 -10 3
663 664 
NODE 663 7
2dots_tau0
0 15 -3 7 -6
671 672 
NODE 671 8
2dots_tau0
0 2 5 9 -4
675 676 
LEAF 675 9
65 classes
15 0.130282
20 0.127331
21 0.258284
24 0.140019
39 0.084979
55 0.0902414
56 0.168864
-1 -1
LEAF 676 9
65 classes
4 0.0637901
7 0.0648713
14 0.0474276
17 0.216646
19 0.025826
21 0.111668
22 0.080747
23 0.0292615
39 0.0551102
42 0.0291946
44 0.073322
49 0.0142389
51 0.0156732
53 0.0199969
56 0.109511
61 0.0427166
-1 -1
NODE 672 8
2dots_tau0
0 0 0 11 12
673 674 
LEAF 673 9
65 classes
2 0.302782
11 0.0568605
17 0.205663
21 0.0132509
22 0.0255512
24 0.0215503
35 0.0138257
41 0.138257
44 0.013921
48 0.0478707
51 0.0297575
55 0.111113
63 0.0195975
-1 -1
LEAF 674 9
65 classes
1 0.0512477
2 0.0234557
3 0.0255166
4 0.0152462
7 0.051682
13 0.0726009
14 0.0566773
17 0.138079
19 0.0123451
24 0.0217028
28 0.0120049
40 0.10762
41 0.153158
42 0.0139553
44 0.0140195
48 0.036157
51 0.00749199
53 0.0477937
55 0.00699367
56 0.0785212
61 0.040838
62 0.0128932
-1 -1
NODE 664 7
2dots_tau0
0 6 -14 10 0
665 666 
NODE 665 8
2dots_tau0
0 11 -8 -13 10
669 670 
LEAF 669 9
65 classes
0 0.0189229
14 0.128028
15 0.0162912
19 0.159351
20 0.0159222
21 0.118423
22 0.0830371
27 0.0784056
33 0.018358
35 0.0112328
40 0.0385878
41 0.0673966
42 0.123843
47 0.0585708
49 0.010982
62 0.0208032
63 0.0318443
-1 -1
LEAF 670 9
65 classes
1 0.115413
3 0.057465
15 0.0454773
19 0.111208
22 0.17385
24 0.146628
35 0.0313565
40 0.107719
47 0.0545006
51 0.0674896
63 0.0888941
-1 -1
NODE 666 8
2dots_tau0
0 10 -9 -7 2
667 668 
LEAF 667 9
65 classes
1 0.0561236
3 0.0978054
7 0.0226397
9 0.0280618
14 0.12414
17 0.0126013
19 0.108157
20 0.021614
22 0.0845407
27 0.0133042
28 0.0131471
33 0.0124603
35 0.0076241
40 0.0916686
42 0.114623
45 0.027828
47 0.0132514
48 0.013199
51 0.00820481
55 0.114886
62 0.0141199
-1 -1
LEAF 668 9
65 classes
1 0.0907941
17 0.0815434
20 0.069932
22 0.455886
35 0.0493356
40 0.0847412
45 0.0900375
50 0.0777302
-1 -1
NODE 648 6
2dots_tau0
0 14 -10 0 -6
649 650 
NODE 649 7
2dots_tau0
0 7 -6 -8 -14
657 658 
NODE 657 8
2dots_tau0
0 15 12 9 -4
661 662 
LEAF 661 9
65 classes
2 0.0686056
22 0.225791
28 0.140452
42 0.040818
51 0.0438267
55 0.0409116
59 0.121069
61 0.318526
-1 -1
LEAF 662 9
65 classes
0 0.0120061
2 0.0180091
3 0.0065305
6 0.0289035
7 0.0634897
9 0.0459055
14 0.0522197
15 0.0258409
16 0.0118691
17 0.0235591
19 0.132699
20 0.0202044
22 0.184397
28 0.0614484
40 0.0306037
42 0.0392876
44 0.00358802
45 0.0390197
47 0.0123872
49 0.0174195
51 0.111211
53 0.00489275
54 0.00571717
55 0.00715958
56 0.00669866
59 0.00706239
61 0.0278712
-1 -1
NODE 658 8
2dots_tau0
0 8 9 0 -1
659 660 
LEAF 659 9
65 classes
1 0.34029
7 0.274539
44 0.186181
51 0.19899
-1 -1
LEAF 660 9
65 classes
22 0.176726
51 0.823274
-1 -1
NODE 650 7
2dots_tau0
0 14 -1 -1 -7
651 652 
NODE 651 8
2dots_tau0
0 -12 -13 -13 -14
655 656 
LEAF 655 9
65 classes
0 0.0545734
2 0.0545734
5 0.0576792
16 0.161853
17 0.0535437
20 0.0459193
22 0.0598695
28 0.391037
47 0.0563059
55 0.0325437
59 0.032102
-1 -1
LEAF 656 9
65 classes
1 0.0311842
5 0.0301701
15 0.0491513
17 0.028007
19 0.030048
20 0.0480378
22 0.344474
28 0.350638
51 0.0547065
59 0.033583
-1 -1
NODE 652 8
2dots_tau0
0 -1 0 3 -4
653 654 
LEAF 653 9
65 classes
1 0.0646082
19 0.0622541
20 0.0248815
27 0.061262
28 0.36323
35 0.0351067
40 0.0904515
44 0.0176744
49 0.0514847
54 0.0563251
55 0.0881694
59 0.034789
63 0.049763
-1 -1
LEAF 654 9
65 classes
0 0.0611773
3 0.0665527
6 0.0883672
19 0.0321986
22 0.0335572
28 0.407046
33 0.0296756
42 0.0181992
51 0.0390813
55 0.0182409
63 0.205904
-1 -1
NODE 516 3
2dots_tau0
0 3 -14 0 13
517 518 
NODE 517 4
2dots_tau0
0 0 -2 -13 -3
581 582 
NODE 581 5
2dots_tau0
0 6 -15 0 6
613 614 
NODE 613 6
2dots_tau0
0 2 -3 -6 13
629 630 
NODE 629 7
2dots_tau0
0 -5 -7 14 -9
637 638 
NODE 637 8
2dots_tau0
0 9 7 9 2
641 642 
LEAF 641 9
65 classes
18 0.309534
20 0.0911572
32 0.251496
35 0.192928
59 0.0637275
63 0.0911572
-1 -1
LEAF 642 9
65 classes
18 0.146889
27 0.159764
35 0.183108
44 0.0921856
48 0.158501
63 0.259552
-1 -1
NODE 638 8
2dots_tau0
0 -7 -12 -8 5
639 640 
LEAF 639 9
65 classes
21 0.413225
30 0.26703
32 0.0526908
35 0.107788
39 0.0509838
42 0.0540171
44 0.0542655
-1 -1
LEAF 640 9
65 classes
28 0.161507
30 0.185623
35 0.187318
44 0.0943051
59 0.371246
-1 -1
NODE 630 7
2dots_tau0
0 15 -15 -4 -10
631 632 
NODE 631 8
2dots_tau0
0 5 -13 12 -5
635 636 
LEAF 635 9
65 classes
7 0.312557
20 0.298396
22 0.389047
-1 -1
LEAF 636 9
65 classes
14 0.711373
59 0.288627
-1 -1
NODE 632 8
2dots_tau0
0 14 5 4 5
633 634 
LEAF 633 9
65 classes
35 1
-1 -1
LEAF 634 9
65 classes
18 0.616034
35 0.383966
-1 -1
NODE 614 6
2dots_tau0
0 9 -10 8 -7
615 616 
NODE 615 7
2dots_tau0
0 2 -9 0 -2
623 624 
NODE 623 8
2dots_tau0
0 -3 7 -5 -7
627 628 
LEAF 627 9
65 classes
35 1
-1 -1
LEAF 628 9
65 classes
33 0.129524
35 0.39626
48 0.137203
63 0.337013
-1 -1
NODE 624 8
2dots_tau0
0 -1 3 -9 -9
625 626 
LEAF 625 9
65 classes
12 0.0736484
20 0.314615
30 0.0733152
35 0.295939
47 0.0642962
59 0.0733152
63 0.104872
-1 -1
LEAF 626 9
65 classes
20 0.258874
35 0.18263
51 0.196541
59 0.361955
-1 -1
NODE 616 7
2dots_tau0
0 0 -13 -10 -5
617 618 
NODE 617 8
2dots_tau0
0 0 -7 11 -1
621 622 
LEAF 621 9
65 classes
0 0.276565
18 0.395093
35 0.328342
-1 -1
LEAF 622 9
65 classes
35 0.777439
40 0.222561
-1 -1
NODE 618 8
2dots_tau0
0 -10 -6 7 5
619 620 
LEAF 619 9
65 classes
59 1
-1 -1
LEAF 620 9
65 classes
40 0.221156
41 0.257511
51 0.138562
59 0.382771
-1 -1
NODE 582 5
2dots_tau0
0 -3 -14 1 -7
583 584 
NODE 583 6
2dots_tau0
0 2 -6 -4 -8
599 600 
NODE 599 7
2dots_tau0
0 4 13 10 2
607 608 
NODE 607 8
2dots_tau0
0 -8 -7 -11 -14
611 612 
LEAF 611 9
65 classes
-1 -1
LEAF 612 9
65 classes
-1 -1
NODE 608 8
2dots_tau0
0 13 10 7 -13
609 610 
LEAF 609 9
65 classes
1 0.176467
7 0.427109
51 0.206384
59 0.190041
-1 -1
LEAF 610 9
65 classes
-1 -1
NODE 600 7
2dots_tau0
0 5 -4 -11 9
601 602 
NODE 601 8
2dots_tau0
0 -5 1 15 11
605 606 
LEAF 605 9
65 classes
32 0.418232
40 0.367388
42 0.21438
-1 -1
LEAF 606 9
65 classes
1 0.166634
7 0.268874
20 0.385039
30 0.0897262
59 0.0897262
-1 -1
NODE 602 8
2dots_tau0
0 -11 -12 12 0
603 604 
LEAF 603 9
65 classes
20 0.59181
32 0.40819
-1 -1
LEAF 604 9
65 classes
7 0.672313
14 0.327687
-1 -1
NODE 584 6
2dots_tau0
0 -15 2 12 -9
585 586 
NODE 585 7
2dots_tau0
0 -13 -1 12 7
593 594 
NODE 593 8
2dots_tau0
0 0 -12 2 5
597 598 
LEAF 597 9
65 classes
-1 -1
LEAF 598 9
65 classes
59 1
-1 -1
NODE 594 8
2dots_tau0
0 -11 1 4 12
595 596 
LEAF 595 9
65 classes
7 1
-1 -1
LEAF 596 9
65 classes
20 1
-1 -1
NODE 586 7
2dots_tau0
0 -11 5 11 7
587 588 
NODE 587 8
2dots_tau0
0 -12 -5 -4 13
591 592 
LEAF 591 9
65 classes
0 1
-1 -1
LEAF 592 9
65 classes
-1 -1
NODE 588 8
2dots_tau0
0 9 -2 7 -7
589 590 
LEAF 589 9
65 classes
51 0.265785
59 0.734215
-1 -1
LEAF 590 9
65 classes
20 0.416981
59 0.583019
-1 -1
NODE 518 4
2dots_tau0
0 -11 10 -2 -7
519 520 
NODE 519 5
2dots_tau0
0 13 3 -8 6
551 552 
NODE 551 6
2dots_tau0
0 13 1 4 2
567 568 
NODE 567 7
2dots_tau0
0 15 1 4 -11
575 576 
NODE 575 8
2dots_tau0
0 -14 8 -5 -14
579 580 
LEAF 579 9
65 classes
1 0.0203178
7 0.229488
14 0.233693
19 0.0195775
23 0.0443637
30 0.109404
44 0.0666985
51 0.0950495
52 0.0612107
59 0.109404
61 0.0107938
-1 -1
LEAF 580 9
65 classes
1 0.0531002
7 0.0285601
14 0.579431
19 0.0170551
23 0.231887
30 0.047654
35 0.00961785
59 0.0190616
63 0.0136331
-1 -1
NODE 576 8
2dots_tau0
0 14 11 -10 3
577 578 
LEAF 577 9
65 classes
1 1
-1 -1
LEAF 578 9
65 classes
1 1
-1 -1
NODE 568 7
2dots_tau0
0 -15 3 11 4
569 570 
NODE 569 8
2dots_tau0
0 7 0 5 8
573 574 
LEAF 573 9
65 classes
22 1
-1 -1
LEAF 574 9
65 classes
15 0.137772
20 0.538603
24 0.148068
52 0.175557
-1 -1
NODE 570 8
2dots_tau0
0 2 -13 -9 -9
571 572 
LEAF 571 9
65 classes
20 0.527791
24 0.290191
49 0.182017
-1 -1
LEAF 572 9
65 classes
15 0.0479059
20 0.608668
22 0.0610446
24 0.102972
47 0.114822
49 0.0645874
-1 -1
NODE 552 6
2dots_tau0
0 2 12 12 -6
553 554 
NODE 553 7
2dots_tau0
0 -14 -15 0 -4
561 562 
NODE 561 8
2dots_tau0
0 -15 -14 0 4
565 566 
LEAF 565 9
65 classes
1 0.334312
20 0.128748
22 0.167861
24 0.283154
39 0.0859247
-1 -1
LEAF 566 9
65 classes
15 0.0731162
20 0.0952798
24 0.314322
47 0.0584156
58 0.408909
59 0.0499572
-1 -1
NODE 562 8
2dots_tau0
0 13 -13 -7 -11
563 564 
LEAF 563 9
65 classes
15 0.274409
35 0.189205
63 0.536386
-1 -1
LEAF 564 9
65 classes
1 0.0920657
12 0.0497991
15 0.0362775
18 0.0401312
20 0.0354557
39 0.0946506
40 0.042964
58 0.608656
-1 -1
NODE 554 7
2dots_tau0
0 -4 12 7 -6
555 556 
NODE 555 8
2dots_tau0
0 6 -4 -13 11
559 560 
LEAF 559 9
65 classes
20 1
-1 -1
LEAF 560 9
65 classes
14 1
-1 -1
NODE 556 8
2dots_tau0
0 -6 14 5 -9
557 558 
LEAF 557 9
65 classes
14 0.468379
22 0.531621
-1 -1
LEAF 558 9
65 classes
-1 -1
NODE 520 5
2dots_tau0
0 -11 -4 -9 -13
521 522 
NODE 521 6
2dots_tau0
0 -9 8 2 -8
537 538 
NODE 537 7
2dots_tau0
0 8 14 -6 -6
545 546 
NODE 545 8
2dots_tau0
0 15 13 -1 13
549 550 
LEAF 549 9
65 classes
1 0.32281
7 0.260437
20 0.248637
21 0.168116
-1 -1
LEAF 550 9
65 classes
1 0.468916
3 0.155651
18 0.136266
45 0.155003
59 0.0841644
-1 -1
NODE 546 8
2dots_tau0
0 12 8 9 -13
547 548 
LEAF 547 9
65 classes
0 0.202784
1 0.221529
28 0.207574
51 0.129543
59 0.23857
-1 -1
LEAF 548 9
65 classes
1 0.162765
12 0.528246
35 0.0884431
51 0.0951795
63 0.125366
-1 -1
NODE 538 7
2dots_tau0
0 10 14 0 -3
539 540 
NODE 539 8
2dots_tau0
0 -13 5 -8 -3
543 544 
LEAF 543 9
65 classes
15 0.1675
18 0.55588
20 0.163706
49 0.112913
-1 -1
LEAF 544 9
65 classes
1 0.436602
3 0.217388
35 0.11862
59 0.117547
62 0.109843
-1 -1
NODE 540 8
2dots_tau0
0 1 -14 10 14
541 542 
LEAF 541 9
65 classes
20 0.262804
24 0.28899
35 0.185402
63 0.262804
-1 -1
LEAF 542 9
65 classes
20 0.533211
27 0.218808
32 0.122591
35 0.12539
-1 -1
NODE 522 6
2dots_tau0
0 10 -15 -11 -2
523 524 
NODE 523 7
2dots_tau0
0 13 3 -9 -11
531 532 
NODE 531 8
2dots_tau0
0 -13 -2 -1 -8
535 536 
LEAF 535 9
65 classes
24 0.281326
30 0.178852
41 0.36097
59 0.178852
-1 -1
LEAF 536 9
65 classes
18 0.142744
23 0.178758
24 0.0693402
35 0.266912
41 0.177941
47 0.0773198
49 0.0869847
-1 -1
NODE 532 8
2dots_tau0
0 -10 0 -6 -15
533 534 
LEAF 533 9
65 classes
1 0.304777
5 0.294866
35 0.16561
63 0.234748
-1 -1
LEAF 534 9
65 classes
3 0.177553
15 0.140514
20 0.045777
23 0.0648858
35 0.322947
41 0.0645895
42 0.0323686
62 0.0598101
63 0.091554
-1 -1
NODE 524 7
2dots_tau0
0 -13 15 -8 6
525 526 
NODE 525 8
2dots_tau0
0 -15 3 0 -7
529 530 
LEAF 529 9
65 classes
23 0.669697
59 0.330303
-1 -1
LEAF 530 9
65 classes
12 0.433249
18 0.349138
35 0.217613
-1 -1
NODE 526 8
2dots_tau0
0 -4 8 -11 -14
527 528 
LEAF 527 9
65 classes
12 0.237032
20 0.16876
35 0.238114
41 0.238114
59 0.11798
-1 -1
LEAF 528 9
65 classes
1 0.435373
19 0.209754
23 0.237657
59 0.117216
-1 -1
NODE 2 1
2dots_tau0
0 11 5 1 15
3 4 
NODE 3 2
2dots_tau0
0 7 1 -9 5
259 260 
NODE 259 3
2dots_tau0
0 0 0 4 5
387 388 
NODE 387 4
2dots_tau0
0 -7 -6 0 2
451 452 
NODE 451 5
2dots_tau0
0 3 15 -10 -1
483 484 
NODE 483 6
2dots_tau0
0 -2 -15 -6 14
499 500 
NODE 499 7
2dots_tau0
0 -7 -5 4 -14
507 508 
NODE 507 8
2dots_tau0
0 14 0 -5 12
511 512 
LEAF 511 9
65 classes
3 0.0357422
5 0.0694503
7 0.0868717
18 0.156454
19 0.0345845
27 0.0680668
45 0.0355933
55 0.0195926
58 0.474577
61 0.0190678
-1 -1
LEAF 512 9
65 classes
5 0.155418
7 0.129603
18 0.560189
19 0.154789
-1 -1
NODE 508 8
2dots_tau0
0 4 -1 -9 11
509 510 
LEAF 509 9
65 classes
13 0.0227617
17 0.0180376
18 0.052527
19 0.0580561
24 0.0170105
27 0.114262
30 0.0216288
45 0.0199165
46 0.637327
51 0.0234887
53 0.0149842
-1 -1
LEAF 510 9
65 classes
3 0.513238
47 0.486762
-1 -1
NODE 500 7
2dots_tau0
0 6 8 11 13
501 502 
NODE 501 8
2dots_tau0
0 0 2 -7 12
505 506 
LEAF 505 9
65 classes
11 0.175501
18 0.136929
27 0.595723
51 0.0918468
-1 -1
LEAF 506 9
65 classes
1 0.11793
18 0.102811
19 0.113633
27 0.223644
42 0.192682
47 0.111378
51 0.137923
-1 -1
NODE 502 8
2dots_tau0
0 9 -9 2 1
503 504 
LEAF 503 9
65 classes
18 0.672269
32 0.245798
49 0.0819328
-1 -1
LEAF 504 9
65 classes
7 0.114769
18 0.496073
21 0.0740853
39 0.0731252
51 0.166373
61 0.0755736
-1 -1
NODE 484 6
2dots_tau0
0 5 13 -4 0
485 486 
NODE 485 7
2dots_tau0
0 10 -6 5 5
493 494 
NODE 493 8
2dots_tau0
0 -2 1 2 -11
497 498 
LEAF 497 9
65 classes
5 0.254236
7 0.31801
22 0.131945
35 0.0713949
51 0.153666
59 0.0707488
-1 -1
LEAF 498 9
65 classes
17 0.215513
19 0.154145
45 0.317282
48 0.225734
55 0.0873254
-1 -1
NODE 494 8
2dots_tau0
0 5 8 -11 -3
495 496 
LEAF 495 9
65 classes
17 0.563935
45 0.207559
55 0.228506
-1 -1
LEAF 496 9
65 classes
7 0.18865
19 0.450622
22 0.234818
59 0.125909
-1 -1
NODE 486 7
2dots_tau0
0 -8 6 -4 4
487 488 
NODE 487 8
2dots_tau0
0 4 3 -4 9
491 492 
LEAF 491 9
65 classes
11 0.0535792
13 0.108689
17 0.215328
21 0.0249724
35 0.0260556
42 0.0522305
45 0.0951031
51 0.0841206
55 0.314102
59 0.0258198
-1 -1
LEAF 492 9
65 classes
7 0.119146
17 0.397902
35 0.160493
55 0.322459
-1 -1
NODE 488 8
2dots_tau0
0 4 0 0 14
489 490 
LEAF 489 9
65 classes
1 0.0643902
10 0.0470088
12 0.0696585
13 0.255414
19 0.124088
21 0.100601
27 0.0610552
35 0.0524824
42 0.105205
45 0.0319268
51 0.0188266
59 0.0693433
-1 -1
LEAF 490 9
65 classes
19 0.461744
51 0.280223
59 0.258033
-1 -1
NODE 452 5
2dots_tau0
0 9 0 -7 1
453 454 
NODE 453 6
2dots_tau0
0 0 10 6 -12
469 470 
NODE 469 7
2dots_tau0
0 -4 9 -9 -8
477 478 
NODE 477 8
2dots_tau0
0 -7 -6 12 4
481 482 
LEAF 481 9
65 classes
-1 -1
LEAF 482 9
65 classes
1 0.0122054
2 0.0223453
5 0.0708509
7 0.00492354
10 0.0089107
15 0.0288565
16 0.0717938
18 0.0744843
19 0.017641
20 0.00470046
21 0.0158911
22 0.00612845
24 0.031013
27 0.0115733
28 0.00571828
30 0.00657214
32 0.0259365
33 0.00541956
35 0.00994824
37 0.070564
39 0.0439184
44 0.0534232
48 0.143522
49 0.0259365
51 0.0249806
54 0.0638437
58 0.0806913
59 0.0131443
61 0.0356627
63 0.00940093
-1 -1
NODE 478 8
2dots_tau0
0 -11 -1 -14 -14
479 480 
LEAF 479 9
65 classes
2 0.0323253
5 0.034165
7 0.0569802
15 0.139149
16 0.0639132
18 0.061572
20 0.135997
22 0.0709248
27 0.0334844
28 0.0992667
39 0.0726098
44 0.0579627
51 0.0206501
61 0.0938012
63 0.0271993
-1 -1
LEAF 480 9
65 classes
2 0.0167449
5 0.0707914
7 0.0147582
15 0.418068
16 0.0662155
20 0.0845373
22 0.0183699
24 0.154935
27 0.0346906
28 0.0171404
39 0.00940318
44 0.0100084
49 0.019436
51 0.021394
59 0.0196999
61 0.00971802
63 0.0140896
-1 -1
NODE 470 7
2dots_tau0
0 -11 -2 0 -5
471 472 
NODE 471 8
2dots_tau0
0 -1 -15 -6 -12
475 476 
LEAF 475 9
65 classes
2 0.344541
5 0.085682
7 0.0178625
17 0.0198847
21 0.046122
22 0.0889357
23 0.0241718
24 0.0562574
30 0.178827
32 0.0117622
37 0.0213338
44 0.0242273
51 0.0517881
53 0.0165186
55 0.0120859
-1 -1
LEAF 476 9
65 classes
1 0.0351418
2 0.128673
5 0.067998
17 0.0631227
20 0.0541344
22 0.14116
24 0.0297643
30 0.189225
32 0.0186691
37 0.0338614
42 0.0382781
51 0.0205498
53 0.0262187
55 0.13428
59 0.0189225
-1 -1
NODE 472 8
2dots_tau0
0 -6 8 -2 12
473 474 
LEAF 473 9
65 classes
2 0.0302634
5 0.00246044
11 0.00284163
13 0.00864669
14 0.0112503
15 0.0260546
17 0.111917
18 0.0088684
21 0.00794663
22 0.00255387
27 0.00964571
30 0.00410815
32 0.0189146
37 0.0171533
39 0.0183018
42 0.0457067
44 0.00278284
46 0.443863
49 0.0729564
51 0.00446143
54 0.0177368
55 0.119388
59 0.00136938
61 0.0108084
-1 -1
LEAF 474 9
65 classes
2 0.216683
5 0.00904003
10 0.00454775
11 0.0382822
15 0.00245458
16 0.112743
17 0.0447567
18 0.0515911
20 0.00239897
21 0.051906
22 0.00625555
27 0.0442998
32 0.140645
35 0.00338485
37 0.0450172
39 0.00480313
42 0.0033926
44 0.0017041
49 0.0248197
51 0.005464
53 0.00232377
55 0.18192
62 0.00156719
-1 -1
NODE 454 6
2dots_tau0
0 -14 1 4 15
455 456 
NODE 455 7
2dots_tau0
0 6 -13 -3 3
463 464 
NODE 463 8
2dots_tau0
0 0 -3 -6 -4
467 468 
LEAF 467 9
65 classes
13 0.0681655
15 0.189599
19 0.0579544
21 0.0626466
22 0.0603998
48 0.39606
49 0.0319526
51 0.0351714
55 0.065664
59 0.0323863
-1 -1
LEAF 468 9
65 classes
13 1
-1 -1
NODE 464 8
2dots_tau0
0 11 3 -6 6
465 466 
LEAF 465 9
65 classes
15 0.448105
22 0.285502
28 0.266393
-1 -1
LEAF 466 9
65 classes
15 0.44899
32 0.302667
54 0.248342
-1 -1
NODE 456 7
2dots_tau0
0 -10 14 -3 -13
457 458 
NODE 457 8
2dots_tau0
0 9 4 -5 4
461 462 
LEAF 461 9
65 classes
1 0.157167
15 0.12386
18 0.137017
24 0.266232
32 0.0834947
37 0.15144
39 0.0807897
-1 -1
LEAF 462 9
65 classes
32 0.265199
48 0.469602
49 0.265199
-1 -1
NODE 458 8
2dots_tau0
0 9 13 0 -3
459 460 
LEAF 459 9
65 classes
18 0.819872
24 0.053102
32 0.0333073
37 0.0604116
49 0.0333073
-1 -1
LEAF 460 9
65 classes
13 0.0949861
18 0.146132
21 0.0436479
27 0.715234
-1 -1
NODE 388 4
2dots_tau0
0 -13 3 -14 -1
389 390 
NODE 389 5
2dots_tau0
0 11 -1 -2 -3
421 422 
NODE 421 6
2dots_tau0
0 -13 -8 4 11
437 438 
NODE 437 7
2dots_tau0
0 -4 1 13 -9
445 446 
NODE 445 8
2dots_tau0
0 -7 -6 -8 5
449 450 
LEAF 449 9
65 classes
10 0.139994
13 0.217324
15 0.151119
35 0.31259
40 0.178973
-1 -1
LEAF 450 9
65 classes
17 0.135995
40 0.282656
49 0.0804434
53 0.112974
56 0.154672
63 0.23326
-1 -1
NODE 446 8
2dots_tau0
0 0 1 -6 -12
447 448 
LEAF 447 9
65 classes
2 0.0309468
5 0.065416
15 0.0799288
16 0.0305938
20 0.0520788
21 0.0176065
30 0.018204
33 0.030023
39 0.0173783
44 0.0184969
47 0.0638585
48 0.0954091
49 0.125721
53 0.151339
55 0.203
-1 -1
LEAF 448 9
65 classes
3 0.0845948
4 0.134788
13 0.0320923
23 0.185488
28 0.026533
30 0.0152475
40 0.026429
42 0.0154219
44 0.0154928
47 0.0267436
52 0.369671
53 0.0211266
55 0.0463719
-1 -1
NODE 438 7
2dots_tau0
0 11 -8 14 -13
439 440 
NODE 439 8
2dots_tau0
0 1 3 -2 6
443 444 
LEAF 443 9
65 classes
4 0.0133682
10 0.0164027
11 0.0125523
12 0.0486115
13 0.0127316
16 0.0101659
17 0.0201784
20 0.0259576
23 0.0122644
27 0.0106519
33 0.119715
35 0.0366251
37 0.0216488
39 0.00577458
40 0.199212
41 0.0366251
47 0.0212193
52 0.0451246
53 0.0502878
54 0.186077
56 0.0688489
63 0.0259576
-1 -1
LEAF 444 9
65 classes
0 0.0213278
6 0.0205379
12 0.22685
23 0.0254368
33 0.144838
35 0.139264
39 0.0119767
40 0.0434919
44 0.0254953
50 0.0598405
52 0.0701927
53 0.0173831
54 0.0609365
61 0.0247554
63 0.107674
-1 -1
NODE 440 8
2dots_tau0
0 -15 11 -14 13
441 442 
LEAF 441 9
65 classes
3 0.0217241
6 0.0384597
11 0.0243758
12 0.0236003
17 0.117556
18 0.038037
20 0.0168028
21 0.0227223
23 0.0476335
24 0.0739083
27 0.0206855
30 0.0352402
33 0.0387467
35 0.011854
39 0.0672837
44 0.0119358
48 0.020522
49 0.0347682
52 0.0438148
54 0.209204
61 0.0811259
-1 -1
LEAF 442 9
65 classes
6 0.0247532
16 0.025412
18 0.0244812
23 0.0613152
30 0.0756036
35 0.0457764
39 0.0144349
44 0.015364
49 0.0149182
50 0.0480817
52 0.0845995
53 0.104755
54 0.342736
61 0.0895093
62 0.0282595
-1 -1
NODE 422 6
2dots_tau0
0 13 0 -1 7
423 424 
NODE 423 7
2dots_tau0
0 9 5 4 -6
431 432 
NODE 431 8
2dots_tau0
0 -9 -8 -8 -8
435 436 
LEAF 435 9
65 classes
6 0.126929
7 0.116172
18 0.125534
20 0.221817
33 0.127876
54 0.125534
55 0.0786026
59 0.0775357
-1 -1
LEAF 436 9
65 classes
7 0.610818
39 0.389182
-1 -1
NODE 432 8
2dots_tau0
0 -7 -2 0 9
433 434 
LEAF 433 9
65 classes
12 0.105382
39 0.0500736
41 0.741044
49 0.1035
-1 -1
LEAF 434 9
65 classes
35 1
-1 -1
NODE 424 7
2dots_tau0
0 2 13 13 -13
425 426 
NODE 425 8
2dots_tau0
0 7 -4 -2 -12
429 430 
LEAF 429 9
65 classes
6 0.0691931
12 0.254757
20 0.12092
27 0.0744309
40 0.0732633
41 0.170613
54 0.136866
62 0.0394971
63 0.06046
-1 -1
LEAF 430 9
65 classes
3 0.0326862
6 0.231466
12 0.0355091
18 0.114461
19 0.0316275
27 0.062247
33 0.0874477
35 0.0178356
37 0.0316275
40 0.0306353
41 0.142685
47 0.0929999
49 0.034875
54 0.0286154
63 0.0252815
-1 -1
NODE 426 8
2dots_tau0
0 6 -11 3 2
427 428 
LEAF 427 9
65 classes
5 0.0916765
33 0.336603
35 0.102979
48 0.0891401
49 0.0503403
54 0.0826096
61 0.100681
63 0.14597
-1 -1
LEAF 428 9
65 classes
12 0.171459
24 0.0671191
33 0.211125
37 0.0763582
40 0.0739626
51 0.0463402
54 0.207258
59 0.0853415
63 0.0610371
-1 -1
NODE 390 5
2dots_tau0
0 -8 2 5 11
391 392 
NODE 391 6
2dots_tau0
0 8 -12 -2 -12
407 408 
NODE 407 7
2dots_tau0
0 13 8 -15 7
415 416 
NODE 415 8
2dots_tau0
0 10 -11 4 -1
419 420 
LEAF 419 9
65 classes
0 0.0611552
13 0.151432
21 0.0347929
23 0.218812
33 0.118659
35 0.0726043
40 0.124709
42 0.0363852
44 0.0365525
49 0.0354919
55 0.109406
-1 -1
LEAF 420 9
65 classes
0 0.0410701
13 0.0508486
15 0.0353583
20 0.172787
49 0.119176
50 0.0384108
53 0.066948
55 0.440844
63 0.0345573
-1 -1
NODE 416 8
2dots_tau0
0 -10 -9 2 9
417 418 
LEAF 417 9
65 classes
4 0.20328
23 0.186495
42 0.0930343
49 0.0907499
52 0.171544
53 0.254896
-1 -1
LEAF 418 9
65 classes
15 0.107211
23 0.297043
33 0.241624
35 0.147843
53 0.101497
63 0.104782
-1 -1
NODE 408 7
2dots_tau0
0 10 15 11 -6
409 410 
NODE 409 8
2dots_tau0
0 14 10 -2 15
413 414 
LEAF 413 9
65 classes
13 0.266569
15 0.185362
56 0.240255
59 0.12665
63 0.181163
-1 -1
LEAF 414 9
65 classes
12 0.407008
15 0.592992
-1 -1
NODE 410 8
2dots_tau0
0 8 -2 9 -8
411 412 
LEAF 411 9
65 classes
0 0.124514
1 0.0680118
12 0.147153
15 0.214395
20 0.104769
41 0.0739124
48 0.127959
59 0.0366217
62 0.102665
-1 -1
LEAF 412 9
65 classes
7 0.0700864
15 0.342309
33 0.0771473
35 0.0944086
52 0.261715
62 0.0874227
63 0.0669109
-1 -1
NODE 392 6
2dots_tau0
0 -7 -1 -11 -1
393 394 
NODE 393 7
2dots_tau0
0 12 11 13 5
401 402 
NODE 401 8
2dots_tau0
0 15 -12 -6 -12
405 406 
LEAF 405 9
65 classes
4 0.109467
11 0.0513932
24 0.0389564
30 0.0495328
33 0.163384
37 0.0443188
44 0.0251649
49 0.0733041
50 0.0393768
51 0.0537923
52 0.0461888
54 0.280686
61 0.0244347
-1 -1
LEAF 406 9
65 classes
3 0.162758
6 0.0720353
12 0.0442035
13 0.0463084
18 0.106866
19 0.0393715
20 0.18883
23 0.044609
40 0.0381364
50 0.0699624
56 0.0417372
62 0.0822391
63 0.0629435
-1 -1
NODE 402 8
2dots_tau0
0 -5 12 -2 0
403 404 
LEAF 403 9
65 classes
3 0.123671
12 0.0895676
35 0.0899766
44 0.0679478
48 0.0778849
50 0.212643
52 0.0415715
53 0.0308854
54 0.180448
56 0.0422851
59 0.0222906
62 0.0208297
-1 -1
LEAF 404 9
65 classes
0 0.0247785
3 0.0539114
4 0.0966361
6 0.0715823
11 0.030246
12 0.0292837
13 0.0920344
18 0.0235986
20 0.0416984
21 0.0140972
30 0.0145756
33 0.0721165
39 0.0417435
42 0.0294847
44 0.0296203
50 0.254915
54 0.0235986
61 0.0143804
63 0.0416984
-1 -1
NODE 394 7
2dots_tau0
0 0 5 3 -6
395 396 
NODE 395 8
2dots_tau0
0 11 11 -11 10
399 400 
LEAF 399 9
65 classes
3 0.051532
6 0.068423
18 0.022557
19 0.0249315
20 0.398581
24 0.0438297
30 0.0278646
33 0.0459557
39 0.0133004
47 0.0488736
49 0.0137457
51 0.0453912
54 0.112785
55 0.042372
63 0.0398581
-1 -1
LEAF 400 9
65 classes
5 0.0951161
6 0.173323
18 0.171418
19 0.094731
30 0.0529379
33 0.174616
35 0.0534214
52 0.0987281
54 0.085709
-1 -1
NODE 396 8
2dots_tau0
0 -1 -3 2 0
397 398 
LEAF 397 9
65 classes
1 0.0286721
3 0.0856563
4 0.136479
6 0.151643
17 0.154505
18 0.0249962
19 0.0552546
23 0.0313025
28 0.0268659
39 0.0147386
52 0.201551
63 0.0883359
-1 -1
LEAF 398 9
65 classes
3 0.102217
4 0.0348998
6 0.0129259
11 0.0163849
12 0.0158636
13 0.0332379
17 0.0131698
18 0.0511353
20 0.0112944
22 0.0147257
27 0.0139043
28 0.0137401
39 0.00753776
40 0.0136862
41 0.031872
52 0.10308
53 0.131285
54 0.26846
55 0.0240137
56 0.0449354
61 0.0155803
62 0.0147568
63 0.0112944
-1 -1
NODE 260 3
2dots_tau0
0 -1 -14 3 8
261 262 
NODE 261 4
2dots_tau0
0 4 1 -8 5
325 326 
NODE 325 5
2dots_tau0
0 -6 0 7 15
357 358 
NODE 357 6
2dots_tau0
0 10 13 -7 -5
373 374 
NODE 373 7
2dots_tau0
0 6 2 5 8
381 382 
NODE 381 8
2dots_tau0
0 -7 10 -12 2
385 386 
LEAF 385 9
65 classes
14 0.430688
51 0.569312
-1 -1
LEAF 386 9
65 classes
7 0.163649
14 0.179467
35 0.11022
48 0.190816
51 0.355847
-1 -1
NODE 382 8
2dots_tau0
0 -2 -9 -4 -7
383 384 
LEAF 383 9
65 classes
23 0.330159
51 0.176842
55 0.330159
59 0.162839
-1 -1
LEAF 384 9
65 classes
59 1
-1 -1
NODE 374 7
2dots_tau0
0 -10 -2 -3 -6
375 376 
NODE 375 8
2dots_tau0
0 8 8 -9 9
379 380 
LEAF 379 9
65 classes
52 1
-1 -1
LEAF 380 9
65 classes
22 0.112262
45 0.221717
51 0.130742
52 0.112262
55 0.122046
59 0.300973
-1 -1
NODE 376 8
2dots_tau0
0 -12 -4 9 13
377 378 
LEAF 377 9
65 classes
0 0.0680195
12 0.0803866
14 0.131487
35 0.0807537
49 0.197378
51 0.0434522
52 0.0746205
54 0.323902
-1 -1
LEAF 378 9
65 classes
-1 -1
NODE 358 6
2dots_tau0
0 -14 4 4 -2
359 360 
NODE 359 7
2dots_tau0
0 5 -11 12 6
367 368 
NODE 367 8
2dots_tau0
0 -12 -6 6 -5
371 372 
LEAF 371 9
65 classes
5 1
-1 -1
LEAF 372 9
65 classes
5 0.689394
54 0.310606
-1 -1
NODE 368 8
2dots_tau0
0 10 6 -4 6
369 370 
LEAF 369 9
65 classes
7 0.110564
14 0.242501
22 0.412865
51 0.160277
59 0.0737927
-1 -1
LEAF 370 9
65 classes
59 1
-1 -1
NODE 360 7
2dots_tau0
0 -5 7 -15 12
361 362 
NODE 361 8
2dots_tau0
0 0 -14 4 13
365 366 
LEAF 365 9
65 classes
4 0.127476
41 0.116417
44 0.175829
47 0.202343
49 0.227636
54 0.0933892
61 0.0569091
-1 -1
LEAF 366 9
65 classes
18 0.258821
37 0.143033
44 0.0812162
48 0.279281
59 0.07993
61 0.157719
-1 -1
NODE 362 8
2dots_tau0
0 0 -6 -1 -10
363 364 
LEAF 363 9
65 classes
18 0.154673
44 0.194141
51 0.103749
52 0.356335
55 0.096848
61 0.0942539
-1 -1
LEAF 364 9
65 classes
17 0.0785457
18 0.457464
22 0.0878254
44 0.0478497
51 0.102283
52 0.0878254
55 0.0477399
61 0.0464612
62 0.0440055
-1 -1
NODE 326 5
2dots_tau0
0 8 11 -13 -9
327 328 
NODE 327 6
2dots_tau0
0 0 3 -4 -7
343 344 
NODE 343 7
2dots_tau0
0 -4 -10 0 -8
351 352 
NODE 351 8
2dots_tau0
0 -1 -10 15 -13
355 356 
LEAF 355 9
65 classes
35 0.499075
44 0.402013
59 0.0989117
-1 -1
LEAF 356 9
65 classes
7 0.0822808
14 0.0902336
23 0.222687
28 0.0955624
35 0.0554174
42 0.0555442
44 0.278998
51 0.119277
-1 -1
NODE 352 8
2dots_tau0
0 7 -15 15 -8
353 354 
LEAF 353 9
65 classes
0 0.0989134
14 0.0956041
23 0.11797
27 0.10246
35 0.0587157
47 0.204107
48 0.10165
51 0.126376
54 0.0942033
-1 -1
LEAF 354 9
65 classes
5 0.0385637
14 0.352664
23 0.0435168
28 0.0373491
44 0.109042
47 0.150582
48 0.0749934
51 0.0233088
59 0.0429261
61 0.127054
-1 -1
NODE 344 7
2dots_tau0
0 -6 -12 10 -12
345 346 
NODE 345 8
2dots_tau0
0 5 -9 -14 13
349 350 
LEAF 349 9
65 classes
3 0.0864091
27 0.82278
35 0.0471501
62 0.0436612
-1 -1
LEAF 350 9
65 classes
5 0.156482
7 0.13049
14 0.143103
33 0.143637
41 0.175775
42 0.0880884
52 0.162425
-1 -1
NODE 346 8
2dots_tau0
0 13 -13 11 -12
347 348 
LEAF 347 9
65 classes
3 0.0746036
14 0.331418
20 0.0577031
27 0.0710369
35 0.0407084
47 0.42453
-1 -1
LEAF 348 9
65 classes
3 0.0624933
14 0.0555238
23 0.0685133
27 0.178517
42 0.0341783
47 0.474156
48 0.0590352
59 0.0675833
-1 -1
NODE 328 6
2dots_tau0
0 -6 11 9 1
329 330 
NODE 329 7
2dots_tau0
0 -9 0 15 -9
337 338 
NODE 337 8
2dots_tau0
0 5 -9 -1 7
341 342 
LEAF 341 9
65 classes
5 0.274185
7 0.228643
51 0.497172
-1 -1
LEAF 342 9
65 classes
0 0.142504
5 0.150614
7 0.502386
35 0.0845912
63 0.119906
-1 -1
NODE 338 8
2dots_tau0
0 8 7 -6 14
339 340 
LEAF 339 9
65 classes
5 1
-1 -1
LEAF 340 9
65 classes
7 0.128419
14 0.4577
15 0.062721
19 0.0383436
22 0.119884
42 0.108362
51 0.0232699
63 0.0613001
-1 -1
NODE 330 7
2dots_tau0
0 14 -12 -14 6
331 332 
NODE 331 8
2dots_tau0
0 -5 3 -11 15
335 336 
LEAF 335 9
65 classes
7 0.0632177
23 0.598828
35 0.170313
49 0.0832555
59 0.0843857
-1 -1
LEAF 336 9
65 classes
5 0.205281
7 0.45649
14 0.125153
52 0.213077
-1 -1
NODE 332 8
2dots_tau0
0 -2 -12 -2 -15
333 334 
LEAF 333 9
65 classes
0 0.146936
7 0.518013
42 0.087422
52 0.161196
59 0.0864331
-1 -1
LEAF 334 9
65 classes
1 0.14443
7 0.69914
30 0.0777701
42 0.0786599
-1 -1
NODE 262 4
2dots_tau0
0 -2 11 -6 4
263 264 
NODE 263 5
2dots_tau0
0 2 12 -12 -14
295 296 
NODE 295 6
2dots_tau0
0 -4 10 -3 -1
311 312 
NODE 311 7
2dots_tau0
0 -13 -12 -12 6
319 320 
NODE 319 8
2dots_tau0
0 -15 -6 -8 6
323 324 
LEAF 323 9
65 classes
5 0.103051
18 0.185718
35 0.28939
37 0.307901
49 0.056586
59 0.0573541
-1 -1
LEAF 324 9
65 classes
33 0.11565
40 0.243092
44 0.641259
-1 -1
NODE 320 8
2dots_tau0
0 8 8 -3 5
321 322 
LEAF 321 9
65 classes
1 0.0144576
5 0.0699374
10 0.0738847
18 0.0504164
19 0.0139308
30 0.0155698
33 0.0128392
35 0.0314239
37 0.0417925
39 0.0297272
40 0.0539752
44 0.0711914
45 0.0430115
47 0.0682722
48 0.0544019
52 0.0290373
54 0.264686
61 0.061445
-1 -1
LEAF 322 9
65 classes
0 0.0337507
12 0.0398872
30 0.158827
35 0.0200347
44 0.443802
45 0.0365632
48 0.208107
59 0.0198533
61 0.0391749
-1 -1
NODE 312 7
2dots_tau0
0 -4 5 -8 -12
313 314 
NODE 313 8
2dots_tau0
0 0 0 -4 2
317 318 
LEAF 317 9
65 classes
18 0.321758
19 0.0444535
33 0.0409702
37 0.0444535
44 0.378621
48 0.0433992
51 0.0269779
59 0.0993666
-1 -1
LEAF 318 9
65 classes
12 0.402164
59 0.400344
61 0.197491
-1 -1
NODE 314 8
2dots_tau0
0 15 -13 4 6
315 316 
LEAF 315 9
65 classes
5 0.0675483
28 0.0654208
30 0.112784
37 0.0672748
44 0.0381997
47 0.06594
51 0.0408277
59 0.451137
61 0.0370912
63 0.0537763
-1 -1
LEAF 316 9
65 classes
18 0.250049
20 0.441833
48 0.0899384
54 0.166699
59 0.0514806
-1 -1
NODE 296 6
2dots_tau0
0 -15 -8 12 12
297 298 
NODE 297 7
2dots_tau0
0 -3 -15 -14 -14
305 306 
NODE 305 8
2dots_tau0
0 -15 0 5 -3
309 310 
LEAF 309 9
65 classes
-1 -1
LEAF 310 9
65 classes
3 0.452094
28 0.212698
35 0.123345
40 0.211864
-1 -1
NODE 306 8
2dots_tau0
0 0 -13 -1 -11
307 308 
LEAF 307 9
65 classes
5 0.292377
7 0.146288
14 0.0534757
35 0.13137
48 0.341146
51 0.0353439
-1 -1
LEAF 308 9
65 classes
3 0.171677
5 0.166792
7 0.0695436
14 0.0762653
20 0.0663928
22 0.0865628
35 0.187355
44 0.0943236
48 0.0810884
-1 -1
NODE 298 7
2dots_tau0
0 14 -2 4 14
299 300 
NODE 299 8
2dots_tau0
0 -4 -13 2 5
303 304 
LEAF 303 9
65 classes
1 0.249568
7 0.201346
51 0.145939
59 0.403148
-1 -1
LEAF 304 9
65 classes
1 0.054017
5 0.104521
7 0.0871596
22 0.10849
30 0.0290861
44 0.177325
48 0.0508144
51 0.0315873
53 0.0403011
55 0.0589726
59 0.174516
63 0.0832106
-1 -1
NODE 300 8
2dots_tau0
0 -2 -11 14 5
301 302 
LEAF 301 9
65 classes
24 0.475746
40 0.524254
-1 -1
LEAF 302 9
65 classes
22 0.26704
40 0.24819
53 0.198397
59 0.286373
-1 -1
NODE 264 5
2dots_tau0
0 -2 12 9 -2
265 266 
NODE 265 6
2dots_tau0
0 12 -5 -13 7
281 282 
NODE 281 7
2dots_tau0
0 -11 -12 -11 -10
289 290 
NODE 289 8
2dots_tau0
0 9 -3 -12 -8
293 294 
LEAF 293 9
65 classes
35 0.164885
40 0.283215
41 0.164885
44 0.166022
51 0.088722
54 0.132271
-1 -1
LEAF 294 9
65 classes
7 0.198667
35 0.401416
44 0.134728
59 0.265189
-1 -1
NODE 290 8
2dots_tau0
0 -11 -10 10 15
291 292 
LEAF 291 9
65 classes
0 0.119472
7 0.315892
35 0.141839
44 0.0714086
59 0.351388
-1 -1
LEAF 292 9
65 classes
30 0.0364895
40 0.0632484
44 0.704457
48 0.0637484
54 0.0590782
59 0.072979
-1 -1
NODE 282 7
2dots_tau0
0 10 9 -3 3
283 284 
NODE 283 8
2dots_tau0
0 6 -4 -2 7
287 288 
LEAF 287 9
65 classes
0 0.0895348
7 0.078912
18 0.170542
28 0.0916498
39 0.0502787
47 0.461886
51 0.0571967
-1 -1
LEAF 288 9
65 classes
0 0.0929106
7 0.0818873
18 0.265459
40 0.0947324
44 0.111066
54 0.353945
-1 -1
NODE 284 8
2dots_tau0
0 4 8 0 15
285 286 
LEAF 285 9
65 classes
0 0.10951
12 0.129421
39 0.0614959
51 0.699573
-1 -1
LEAF 286 9
65 classes
51 1
-1 -1
NODE 266 6
2dots_tau0
0 0 -8 -6 7
267 268 
NODE 267 7
2dots_tau0
0 -9 6 5 3
275 276 
NODE 275 8
2dots_tau0
0 -14 6 -2 -3
279 280 
LEAF 279 9
65 classes
0 0.116326
5 0.327856
7 0.0341748
14 0.037478
19 0.0816322
28 0.158765
47 0.0400062
55 0.0231229
59 0.045618
61 0.135021
-1 -1
LEAF 280 9
65 classes
0 0.325613
5 0.114715
28 0.111102
35 0.128858
41 0.128858
44 0.0648732
61 0.125981
-1 -1
NODE 276 8
2dots_tau0
0 3 3 1 14
277 278 
LEAF 277 9
65 classes
0 0.169676
5 0.0597773
17 0.0554914
18 0.107731
20 0.0951794
24 0.0523317
44 0.0338051
49 0.0328241
51 0.0361307
54 0.161596
55 0.0674551
61 0.0328241
63 0.0951794
-1 -1
LEAF 278 9
65 classes
19 0.5
37 0.5
-1 -1
NODE 268 7
2dots_tau0
0 -1 5 -3 6
269 270 
NODE 269 8
2dots_tau0
0 14 14 -3 4
273 274 
LEAF 273 9
65 classes
5 0.175155
7 0.146061
10 0.0146858
14 0.0177977
19 0.0387658
20 0.0154938
28 0.0188487
30 0.0433264
44 0.154083
51 0.0117631
54 0.105221
59 0.173306
61 0.0854924
-1 -1
LEAF 274 9
65 classes
12 0.0599165
33 0.0983704
35 0.0902852
48 0.312608
54 0.289706
59 0.149114
-1 -1
NODE 270 8
2dots_tau0
0 -4 11 0 -1
271 272 
LEAF 271 9
65 classes
0 0.329047
1 0.0449329
5 0.130415
7 0.181255
10 0.0328038
17 0.0403549
23 0.0490552
30 0.120973
39 0.0230973
59 0.0241947
61 0.0238706
-1 -1
LEAF 272 9
65 classes
7 0.0819093
28 0.0475654
30 0.164004
35 0.0275836
39 0.0260942
44 0.0555477
48 0.191014
49 0.0269679
51 0.0890537
54 0.044255
59 0.246006
-1 -1
NODE 4 2
2dots_tau0
0 9 -10 13 -4
5 6 
NODE 5 3
2dots_tau0
0 9 -5 3 -10
133 134 
NODE 133 4
2dots_tau0
0 -9 14 4 -4
197 198 
NODE 197 5
2dots_tau0
0 -10 -7 6 -6
229 230 
NODE 229 6
2dots_tau0
0 -4 2 -12 -2
245 246 
NODE 245 7
2dots_tau0
0 -9 7 -5 2
253 254 
NODE 253 8
2dots_tau0
0 -9 13 15 3
257 258 
LEAF 257 9
65 classes
7 0.108471
23 0.146784
30 0.144791
33 0.119399
39 0.276448
40 0.125486
51 0.0786213
-1 -1
LEAF 258 9
65 classes
-1 -1
NODE 254 8
2dots_tau0
0 0 13 13 -11
255 256 
LEAF 255 9
65 classes
19 0.469957
41 0.530043
-1 -1
LEAF 256 9
65 classes
33 0.367949
48 0.389765
51 0.242286
-1 -1
NODE 246 7
2dots_tau0
0 -6 5 -13 9
247 248 
NODE 247 8
2dots_tau0
0 6 -1 7 -9
251 252 
LEAF 251 9
65 classes
10 0.575521
59 0.424479
-1 -1
LEAF 252 9
65 classes
5 0.395627
40 0.381664
42 0.22271
-1 -1
NODE 248 8
2dots_tau0
0 -1 8 7 7
249 250 
LEAF 249 9
65 classes
21 0.0700706
22 0.135115
30 0.652037
39 0.0691626
44 0.0736144
-1 -1
LEAF 250 9
65 classes
1 0.102144
7 0.0824077
20 0.157348
24 0.605594
39 0.052506
-1 -1
NODE 230 6
2dots_tau0
0 -6 -13 0 -5
231 232 
NODE 231 7
2dots_tau0
0 14 -13 -14 -7
239 240 
NODE 239 8
2dots_tau0
0 5 0 -13 -13
243 244 
LEAF 243 9
65 classes
15 0.128996
24 0.415908
33 0.290722
52 0.164374
-1 -1
LEAF 244 9
65 classes
15 0.361764
24 0.3888
41 0.249436
-1 -1
NODE 240 8
2dots_tau0
0 2 -15 0 -2
241 242 
LEAF 241 9
65 classes
15 0.248042
24 0.666446
35 0.0855121
-1 -1
LEAF 242 9
65 classes
15 0.421451
35 0.290589
59 0.28796
-1 -1
NODE 232 7
2dots_tau0
0 11 13 10 3
233 234 
NODE 233 8
2dots_tau0
0 14 12 13 0
237 238 
LEAF 237 9
65 classes
5 0.0816906
10 0.308219
15 0.0665427
19 0.0813599
48 0.397152
63 0.0650353
-1 -1
LEAF 238 9
65 classes
30 0.171623
33 0.283051
48 0.299832
63 0.245494
-1 -1
NODE 234 8
2dots_tau0
0 0 8 5 12
235 236 
LEAF 235 9
65 classes
3 0.5286
33 0.4714
-1 -1
LEAF 236 9
65 classes
33 0.25371
41 0.310476
48 0.268752
51 0.167062
-1 -1
NODE 198 5
2dots_tau0
0 -8 8 8 10
199 200 
NODE 199 6
2dots_tau0
0 7 15 -1 12
215 216 
NODE 215 7
2dots_tau0
0 -1 -10 -12 0
223 224 
NODE 223 8
2dots_tau0
0 3 -7 -15 6
227 228 
LEAF 227 9
65 classes
0 0.0561174
12 0.0663205
15 0.048313
20 0.0472185
33 0.0544422
35 0.133247
49 0.358249
63 0.236092
-1 -1
LEAF 228 9
65 classes
42 0.26309
48 0.454428
51 0.282482
-1 -1
NODE 224 8
2dots_tau0
0 7 15 5 3
225 226 
LEAF 225 9
65 classes
22 0.326911
28 0.152515
35 0.088445
42 0.0886474
48 0.153118
51 0.190363
-1 -1
LEAF 226 9
65 classes
0 0.16694
15 0.287446
28 0.170883
53 0.136064
59 0.0981999
63 0.140467
-1 -1
NODE 216 7
2dots_tau0
0 9 7 15 15
217 218 
NODE 217 8
2dots_tau0
0 -6 -10 1 -8
221 222 
LEAF 221 9
65 classes
5 0.322169
35 0.180944
53 0.496887
-1 -1
LEAF 222 9
65 classes
0 0.4131
12 0.0976418
20 0.139037
53 0.202017
54 0.0786857
63 0.0695184
-1 -1
NODE 218 8
2dots_tau0
0 -11 -12 10 -1
219 220 
LEAF 219 9
65 classes
0 0.109254
15 0.0940599
21 0.0621577
22 0.119857
24 0.202178
51 0.139588
53 0.0890473
63 0.183858
-1 -1
LEAF 220 9
65 classes
0 0.0964106
20 0.162244
47 0.0994712
53 0.550054
54 0.0918196
-1 -1
NODE 200 6
2dots_tau0
0 8 -13 -10 8
201 202 
NODE 201 7
2dots_tau0
0 11 4 -11 -4
209 210 
NODE 209 8
2dots_tau0
0 -6 2 -13 -2
213 214 
LEAF 213 9
65 classes
3 0.0281225
12 0.0916538
15 0.0222559
16 0.281118
18 0.0984803
27 0.053556
32 0.0450086
35 0.0306908
37 0.136058
40 0.026358
49 0.0600114
50 0.0241773
51 0.0165142
54 0.0492401
61 0.0150029
63 0.0217517
-1 -1
LEAF 214 9
65 classes
5 0.030751
16 0.488976
17 0.0285462
20 0.0244814
24 0.0269208
27 0.120554
37 0.0612529
49 0.0168856
54 0.110839
55 0.0173503
63 0.0734441
-1 -1
NODE 210 8
2dots_tau0
0 -13 3 -13 -8
211 212 
LEAF 211 9
65 classes
6 0.0662729
16 0.136074
18 0.0655446
24 0.0636786
33 0.0667674
42 0.0409466
45 0.074557
49 0.159765
53 0.112186
59 0.0404834
63 0.173725
-1 -1
LEAF 212 9
65 classes
0 0.0489274
1 0.0534501
15 0.168492
16 0.0483693
18 0.0465975
20 0.205843
24 0.0905418
35 0.0580873
41 0.0580873
42 0.0582202
53 0.0398781
63 0.123506
-1 -1
NODE 202 7
2dots_tau0
0 2 -13 10 10
203 204 
NODE 203 8
2dots_tau0
0 13 2 -5 -9
207 208 
LEAF 207 9
65 classes
-1 -1
LEAF 208 9
65 classes
40 0.630435
44 0.369565
-1 -1
NODE 204 8
2dots_tau0
0 -5 -11 -7 -7
205 206 
LEAF 205 9
65 classes
6 0.191353
28 0.406814
41 0.117957
54 0.283876
-1 -1
LEAF 206 9
65 classes
12 0.535865
28 0.464135
-1 -1
NODE 134 4
2dots_tau0
0 14 4 14 -2
135 136 
NODE 135 5
2dots_tau0
0 13 -1 1 -4
167 168 
NODE 167 6
2dots_tau0
0 -9 -11 -11 9
183 184 
NODE 183 7
2dots_tau0
0 2 3 2 0
191 192 
NODE 191 8
2dots_tau0
0 13 12 -8 -8
195 196 
LEAF 195 9
65 classes
2 0.0540476
6 0.104092
12 0.0638744
15 0.046531
20 0.0909539
24 0.350059
30 0.0317927
33 0.0524342
35 0.0962491
50 0.0505481
62 0.0594181
-1 -1
LEAF 196 9
65 classes
15 0.224405
20 0.073107
22 0.0953167
24 0.160783
35 0.0515755
41 0.206302
47 0.0896431
59 0.0511087
62 0.0477591
-1 -1
NODE 192 8
2dots_tau0
0 -9 3 -2 -2
193 194 
LEAF 193 9
65 classes
24 0.818241
48 0.181759
-1 -1
LEAF 194 9
65 classes
15 0.239488
24 0.386078
30 0.081816
50 0.130082
59 0.081816
61 0.0807203
-1 -1
NODE 184 7
2dots_tau0
0 -7 5 -7 -15
185 186 
NODE 185 8
2dots_tau0
0 6 -11 3 7
189 190 
LEAF 189 9
65 classes
2 0.500684
5 0.264589
33 0.0809564
48 0.0857562
53 0.0680136
-1 -1
LEAF 190 9
65 classes
0 0.22494
10 0.3588
24 0.416259
-1 -1
NODE 186 8
2dots_tau0
0 -15 0 -4 8
187 188 
LEAF 187 9
65 classes
2 0.27335
15 0.0784449
20 0.0766679
24 0.421537
35 0.0540876
37 0.0959124
-1 -1
LEAF 188 9
65 classes
2 0.099455
33 0.192972
35 0.118074
49 0.346317
53 0.243182
-1 -1
NODE 168 6
2dots_tau0
0 -14 3 11 13
169 170 
NODE 169 7
2dots_tau0
0 15 9 12 4
177 178 
NODE 177 8
2dots_tau0
0 -8 -5 -11 -5
181 182 
LEAF 181 9
65 classes
0 0.0304437
2 0.0608875
15 0.0262098
16 0.0902894
20 0.0256161
22 0.0333982
27 0.126141
37 0.0640921
41 0.433719
47 0.0314102
51 0.0777924
-1 -1
LEAF 182 9
65 classes
2 0.0507331
5 0.0536203
9 0.0184742
10 0.0134873
15 0.0291183
16 0.0334363
18 0.064423
20 0.0284587
21 0.0192423
27 0.0175174
28 0.0173105
35 0.0501925
39 0.00949647
40 0.0344852
41 0.441694
51 0.0756218
63 0.042688
-1 -1
NODE 178 8
2dots_tau0
0 12 2 11 -15
179 180 
LEAF 179 9
65 classes
0 0.188175
15 0.0810027
18 0.0448037
19 0.0495199
28 0.0481551
37 0.297119
47 0.291224
-1 -1
LEAF 180 9
65 classes
0 0.198746
5 0.0420114
16 0.0785916
19 0.0418413
22 0.0872135
27 0.0411745
28 0.0813764
33 0.154251
41 0.0471909
51 0.0761779
54 0.151426
-1 -1
NODE 170 7
2dots_tau0
0 15 13 8 0
171 172 
NODE 171 8
2dots_tau0
0 3 -11 15 -1
175 176 
LEAF 175 9
65 classes
2 0.104494
3 0.0606268
5 0.051539
15 0.00599744
16 0.110189
18 0.159229
19 0.0219987
20 0.0527542
27 0.00721604
32 0.00404292
33 0.00675831
37 0.0366645
41 0.0413522
47 0.0431244
48 0.042954
49 0.0161717
51 0.00890038
53 0.00567783
54 0.0663453
55 0.00415419
62 0.126365
63 0.0234463
-1 -1
LEAF 176 9
65 classes
2 0.09238
10 0.0736773
19 0.0972421
28 0.0945622
33 0.0896224
35 0.0548374
37 0.291726
49 0.0536134
62 0.152339
-1 -1
NODE 172 8
2dots_tau0
0 -11 11 11 -1
173 174 
LEAF 173 9
65 classes
3 0.0261922
5 0.0254469
12 0.0284542
18 0.0229302
19 0.0253439
22 0.0264132
27 0.2494
33 0.023358
41 0.457347
53 0.0392472
54 0.0229302
62 0.0529381
-1 -1
LEAF 174 9
65 classes
2 0.0849552
6 0.0163617
16 0.201567
27 0.105602
32 0.128191
37 0.30405
41 0.040344
53 0.055394
54 0.0161819
59 0.00999473
62 0.0373587
-1 -1
NODE 136 5
2dots_tau0
0 11 -9 13 12
137 138 
NODE 137 6
2dots_tau0
0 -6 0 -6 -8
153 154 
NODE 153 7
2dots_tau0
0 -4 -1 1 15
161 162 
NODE 161 8
2dots_tau0
0 -3 -13 2 -11
165 166 
LEAF 165 9
65 classes
21 0.35452
27 0.64548
-1 -1
LEAF 166 9
65 classes
0 0.193019
15 0.0332351
16 0.228981
19 0.0812713
20 0.0649645
27 0.159952
32 0.0672121
35 0.0229155
49 0.022404
51 0.0493219
55 0.0230207
62 0.0212199
63 0.0324822
-1 -1
NODE 162 8
2dots_tau0
0 0 -8 15 13
163 164 
LEAF 163 9
65 classes
0 0.0961384
2 0.112162
9 0.0175042
12 0.0568091
15 0.0137947
16 0.253445
19 0.0505992
20 0.0269644
27 0.0663904
28 0.0328031
30 0.028276
32 0.0185982
33 0.0310895
35 0.0380457
37 0.0505992
48 0.0164664
49 0.0650937
50 0.0149856
51 0.0102359
-1 -1
LEAF 164 9
65 classes
2 0.328644
5 0.0578912
15 0.0471564
16 0.216597
47 0.0565129
51 0.0699815
53 0.223217
-1 -1
NODE 154 7
2dots_tau0
0 -9 -11 10 11
155 156 
NODE 155 8
2dots_tau0
0 3 12 13 0
159 160 
LEAF 159 9
65 classes
0 0.168566
12 0.0284592
15 0.124391
20 0.0810487
24 0.222812
27 0.224499
28 0.0246497
30 0.0424956
35 0.0142946
42 0.0286545
48 0.0247471
51 0.0153833
-1 -1
LEAF 160 9
65 classes
12 0.386849
20 0.275426
47 0.337725
-1 -1
NODE 156 8
2dots_tau0
0 13 7 10 -13
157 158 
LEAF 157 9
65 classes
19 0.272916
20 0.218156
48 0.266444
50 0.242483
-1 -1
LEAF 158 9
65 classes
0 0.132745
3 0.0206299
12 0.0448232
16 0.581167
24 0.122825
27 0.0196436
30 0.0446203
32 0.0110057
35 0.011257
42 0.0112827
-1 -1
NODE 138 6
2dots_tau0
0 -12 9 -15 0
139 140 
NODE 139 7
2dots_tau0
0 6 7 9 -13
147 148 
NODE 147 8
2dots_tau0
0 -11 0 -1 -6
151 152 
LEAF 151 9
65 classes
24 0.320349
27 0.179319
41 0.10276
47 0.178608
48 0.0889508
54 0.0824342
62 0.0475783
-1 -1
LEAF 152 9
65 classes
0 0.12299
2 0.0409967
18 0.0390445
20 0.0344956
27 0.339734
32 0.0237927
41 0.0486719
48 0.126393
49 0.0237927
54 0.0390445
55 0.0244476
62 0.0676056
63 0.0689912
-1 -1
NODE 148 8
2dots_tau0
0 14 9 3 9
149 150 
LEAF 149 9
65 classes
0 0.0541108
2 0.0541108
28 0.055389
37 0.113917
47 0.3908
48 0.166824
49 0.0314036
51 0.103701
62 0.0297438
-1 -1
LEAF 150 9
65 classes
0 0.240821
2 0.12041
5 0.0636315
15 0.103665
16 0.119037
19 0.0633739
30 0.0354148
32 0.0349405
48 0.185613
62 0.0330938
-1 -1
NODE 140 7
2dots_tau0
0 0 -12 12 -11
141 142 
NODE 141 8
2dots_tau0
0 -13 -6 -8 -14
145 146 
LEAF 145 9
65 classes
19 0.047886
27 0.0471229
40 0.0463837
47 0.0938719
48 0.701256
49 0.0264015
53 0.0370779
-1 -1
LEAF 146 9
65 classes
0 0.0626871
3 0.0681952
19 0.0659865
20 0.0527465
22 0.0687707
27 0.12987
49 0.0363809
51 0.0400458
54 0.059702
62 0.310122
63 0.105493
-1 -1
NODE 142 8
2dots_tau0
0 -10 1 9 -1
143 144 
LEAF 143 9
65 classes
15 0.198612
24 0.0711518
35 0.0912952
47 0.15868
48 0.0790263
53 0.125352
54 0.146474
63 0.129409
-1 -1
LEAF 144 9
65 classes
2 0.312038
5 0.0549661
6 0.0500802
15 0.0447737
16 0.0514131
24 0.0962395
35 0.154357
48 0.106891
49 0.0301823
54 0.0990597
-1 -1
NODE 6 3
2dots_tau0
0 1 -10 -5 -11
7 8 
NODE 7 4
2dots_tau0
0 -14 -9 -6 3
71 72 
NODE 71 5
2dots_tau0
0 12 9 -7 9
103 104 
NODE 103 6
2dots_tau0
0 12 -8 -15 7
119 120 
NODE 119 7
2dots_tau0
0 7 0 -6 8
127 128 
NODE 127 8
2dots_tau0
0 0 14 2 -7
131 132 
LEAF 131 9
65 classes
15 0.0434942
20 0.0425089
24 0.0934892
33 0.0490121
37 0.212716
42 0.0300577
48 0.207672
49 0.0293197
51 0.0645466
53 0.123529
54 0.0481144
62 0.0555401
-1 -1
LEAF 132 9
65 classes
2 0.120757
15 0.0623776
16 0.405889
35 0.0143364
37 0.0508449
39 0.0135623
49 0.0280328
53 0.0984223
55 0.0432065
63 0.162572
-1 -1
NODE 128 8
2dots_tau0
0 5 1 -2 3
129 130 
LEAF 129 9
65 classes
20 0.163453
35 0.115313
51 0.124096
62 0.10678
63 0.490359
-1 -1
LEAF 130 9
65 classes
15 0.199687
33 0.225021
35 0.068842
48 0.119181
53 0.0945229
63 0.292746
-1 -1
NODE 120 7
2dots_tau0
0 -10 7 -9 15
121 122 
NODE 121 8
2dots_tau0
0 -2 -1 10 3
125 126 
LEAF 125 9
65 classes
5 0.105295
10 0.0529706
15 0.0285901
18 0.284644
20 0.0558849
28 0.033993
47 0.102788
48 0.204764
51 0.0212143
53 0.0270665
54 0.0632543
59 0.0195344
-1 -1
LEAF 126 9
65 classes
1 0.035016
2 0.128213
5 0.237141
6 0.246928
10 0.0766915
18 0.152634
20 0.0269703
48 0.06588
54 0.0305268
-1 -1
NODE 122 8
2dots_tau0
0 7 -8 -15 8
123 124 
LEAF 123 9
65 classes
6 0.431848
18 0.213551
47 0.231347
62 0.123255
-1 -1
LEAF 124 9
65 classes
0 0.0394728
2 0.27631
5 0.166877
6 0.0760218
10 0.0944442
18 0.0751864
22 0.0433035
24 0.0365229
48 0.040565
51 0.151296
-1 -1
NODE 104 6
2dots_tau0
0 -8 -6 -9 -5
105 106 
NODE 105 7
2dots_tau0
0 1 6 -4 -12
113 114 
NODE 113 8
2dots_tau0
0 7 11 9 -12
117 118 
LEAF 117 9
65 classes
12 0.0666464
15 0.145651
18 0.0537077
24 0.313072
27 0.0584152
47 0.17455
48 0.115907
51 0.0720502
-1 -1
LEAF 118 9
65 classes
0 0.0541248
14 0.156942
15 0.232988
22 0.0593774
23 0.0645525
24 0.0500799
33 0.0525091
48 0.222489
49 0.0628234
53 0.0441143
-1 -1
NODE 114 8
2dots_tau0
0 -4 -1 3 12
115 116 
LEAF 115 9
65 classes
14 0.503249
42 0.387225
63 0.109526
-1 -1
LEAF 116 9
65 classes
15 0.0863193
23 0.11958
27 0.103858
42 0.0596531
47 0.310338
51 0.320251
-1 -1
NODE 106 7
2dots_tau0
0 7 3 6 13
107 108 
NODE 107 8
2dots_tau0
0 -6 -2 14 3
111 112 
LEAF 111 9
65 classes
12 0.10177
15 0.222412
24 0.0796779
30 0.050655
33 0.250629
35 0.102235
49 0.0499765
53 0.0701865
63 0.0724579
-1 -1
LEAF 112 9
65 classes
14 0.352226
15 0.0448197
18 0.0495808
22 0.114224
24 0.0481692
28 0.0532896
30 0.0306234
35 0.0618061
47 0.161137
48 0.0535002
59 0.0306234
-1 -1
NODE 108 8
2dots_tau0
0 -2 -9 -9 9
109 110 
LEAF 109 9
65 classes
18 0.183897
30 0.151444
37 0.135503
42 0.114883
47 0.0664072
48 0.198434
51 0.041117
63 0.108315
-1 -1
LEAF 110 9
65 classes
14 0.0323657
15 0.0576581
22 0.110207
24 0.0309835
30 0.0787906
35 0.0993877
47 0.0345491
48 0.481775
53 0.0545854
59 0.0196977
-1 -1
NODE 72 5
2dots_tau0
0 0 2 -7 7
73 74 
NODE 73 6
2dots_tau0
0 -2 1 -7 14
89 90 
NODE 89 7
2dots_tau0
0 -12 -13 6 -12
97 98 
NODE 97 8
2dots_tau0
0 3 14 -7 0
101 102 
LEAF 101 9
65 classes
6 0.053783
12 0.198019
18 0.106384
27 0.0578542
35 0.0331539
37 0.0587911
44 0.0333825
51 0.0356791
63 0.422953
-1 -1
LEAF 102 9
65 classes
0 0.392689
12 0.348065
33 0.0952418
47 0.101289
51 0.0627145
-1 -1
NODE 98 8
2dots_tau0
0 -5 0 -9 -11
99 100 
LEAF 99 9
65 classes
0 0.0491578
10 0.330448
12 0.0414969
15 0.0423213
16 0.0347122
18 0.0133763
21 0.00399532
27 0.0218231
32 0.0203779
33 0.088568
35 0.00833727
37 0.266118
45 0.00760776
49 0.0203779
51 0.00448615
62 0.023161
63 0.0236358
-1 -1
LEAF 100 9
65 classes
12 0.0644528
16 0.323489
18 0.05194
33 0.052909
35 0.0323736
37 0.172222
47 0.225073
49 0.0316509
63 0.0458887
-1 -1
NODE 90 7
2dots_tau0
0 13 0 -2 -14
91 92 
NODE 91 8
2dots_tau0
0 3 4 -14 -3
95 96 
LEAF 95 9
65 classes
10 0.308138
12 0.0268591
16 0.0224677
21 0.0258599
35 0.0269817
37 0.0478461
39 0.0127624
45 0.0738624
47 0.0703452
49 0.0659486
53 0.240805
54 0.064934
61 0.0131897
-1 -1
LEAF 96 9
65 classes
10 0.195786
35 0.072861
47 0.126639
48 0.126139
51 0.0784106
53 0.400164
-1 -1
NODE 92 8
2dots_tau0
0 -14 -13 12 11
93 94 
LEAF 93 9
65 classes
0 0.233099
27 0.241457
44 0.139323
53 0.189986
63 0.196135
-1 -1
LEAF 94 9
65 classes
12 0.543644
18 0.219051
47 0.237305
-1 -1
NODE 74 6
2dots_tau0
0 15 -8 13 13
75 76 
NODE 75 7
2dots_tau0
0 0 4 -13 1
83 84 
NODE 83 8
2dots_tau0
0 -6 0 -13 -13
87 88 
LEAF 87 9
65 classes
0 0.225845
3 0.0409481
12 0.177938
15 0.0972179
33 0.25562
35 0.0223438
49 0.0436902
62 0.041381
63 0.0950156
-1 -1
LEAF 88 9
65 classes
53 1
-1 -1
NODE 84 8
2dots_tau0
0 -9 -8 4 8
85 86 
LEAF 85 9
65 classes
42 0.161228
47 0.838772
-1 -1
LEAF 86 9
65 classes
5 0.102128
20 0.0813055
44 0.0577549
47 0.49848
48 0.198604
51 0.0617282
-1 -1
NODE 76 7
2dots_tau0
0 0 -13 -9 1
77 78 
NODE 77 8
2dots_tau0
0 8 12 15 13
81 82 
LEAF 81 9
65 classes
0 0.1999
3 0.144977
18 0.126921
23 0.158942
33 0.0646444
35 0.0395541
47 0.137498
53 0.0543094
62 0.0732545
-1 -1
LEAF 82 9
65 classes
23 0.57643
27 0.166881
39 0.0904692
47 0.166219
-1 -1
NODE 78 8
2dots_tau0
0 -8 -8 -10 9
79 80 
LEAF 79 9
65 classes
35 0.683526
62 0.316474
-1 -1
LEAF 80 9
65 classes
3 0.0879143
10 0.128905
23 0.0963831
35 0.095943
39 0.0907625
41 0.191886
47 0.166758
50 0.075581
53 0.0658668
-1 -1
NODE 8 4
2dots_tau0
0 4 -7 7 10
9 10 
NODE 9 5
2dots_tau0
0 5 -9 8 -1
41 42 
NODE 41 6
2dots_tau0
0 2 10 12 1
57 58 
NODE 57 7
2dots_tau0
0 0 2 -14 -15
65 66 
NODE 65 8
2dots_tau0
0 5 0 10 0
69 70 
LEAF 69 9
65 classes
0 0.120374
3 0.174601
16 0.0793341
24 0.0371261
30 0.0472056
35 0.0238183
44 0.0239826
59 0.0236028
62 0.132335
63 0.337619
-1 -1
LEAF 70 9
65 classes
18 0.336877
30 0.104035
35 0.104986
59 0.208071
62 0.097217
63 0.148814
-1 -1
NODE 66 8
2dots_tau0
0 -4 -5 9 -8
67 68 
LEAF 67 9
65 classes
3 0.111216
18 0.194729
30 0.120274
59 0.180411
62 0.39337
-1 -1
LEAF 68 9
65 classes
3 0.149768
24 0.127382
30 0.161966
47 0.142041
51 0.175894
59 0.242949
-1 -1
NODE 58 7
2dots_tau0
0 1 -12 12 -4
59 60 
NODE 59 8
2dots_tau0
0 13 -12 12 4
63 64 
LEAF 63 9
65 classes
14 0.279015
27 0.149512
35 0.0856793
63 0.485793
-1 -1
LEAF 64 9
65 classes
27 0.381011
63 0.618989
-1 -1
NODE 60 8
2dots_tau0
0 -10 -5 -11 10
61 62 
LEAF 61 9
65 classes
3 0.26875
35 0.146647
42 0.293964
59 0.290639
-1 -1
LEAF 62 9
65 classes
14 0.314263
16 0.160716
23 0.193892
44 0.194338
63 0.136791
-1 -1
NODE 42 6
2dots_tau0
0 11 11 10 -14
43 44 
NODE 43 7
2dots_tau0
0 -9 13 -10 6
51 52 
NODE 51 8
2dots_tau0
0 -5 5 9 -7
55 56 
LEAF 55 9
65 classes
18 0.114467
19 0.126516
20 0.101131
35 0.071346
41 0.142692
59 0.0707003
61 0.0697534
63 0.303394
-1 -1
LEAF 56 9
65 classes
15 0.411412
16 0.157473
28 0.163053
63 0.268061
-1 -1
NODE 52 8
2dots_tau0
0 11 9 14 9
53 54 
LEAF 53 9
65 classes
0 1
-1 -1
LEAF 54 9
65 classes
18 0.235528
35 0.0734009
47 0.127578
48 0.127073
59 0.43642
-1 -1
NODE 44 7
2dots_tau0
0 -11 -15 0 5
45 46 
NODE 45 8
2dots_tau0
0 9 -1 11 11
49 50 
LEAF 49 9
65 classes
7 0.126281
15 0.123354
42 0.340989
51 0.0915308
53 0.233561
59 0.0842829
-1 -1
LEAF 50 9
65 classes
63 1
-1 -1
NODE 46 8
2dots_tau0
0 4 -1 -14 11
47 48 
LEAF 47 9
65 classes
0 0.816202
12 0.131537
35 0.0220229
53 0.0302383
-1 -1
LEAF 48 9
65 classes
3 0.563869
63 0.436131
-1 -1
NODE 10 5
2dots_tau0
0 13 -14 -14 10
11 12 
NODE 11 6
2dots_tau0
0 -15 -8 9 15
27 28 
NODE 27 7
2dots_tau0
0 -2 -15 -12 8
35 36 
NODE 35 8
2dots_tau0
0 -4 2 -7 14
39 40 
LEAF 39 9
65 classes
0 0.0841671
3 0.457813
18 0.0801592
35 0.0499622
51 0.161303
59 0.0495101
62 0.0462652
63 0.0708202
-1 -1
LEAF 40 9
65 classes
0 0.102537
1 0.112015
3 0.111546
7 0.0903714
20 0.0862769
40 0.104547
42 0.0610058
51 0.131005
56 0.114419
63 0.0862769
-1 -1
NODE 36 8
2dots_tau0
0 15 14 9 -5
37 38 
LEAF 37 9
65 classes
3 0.368301
51 0.43255
59 0.199149
-1 -1
LEAF 38 9
65 classes
1 0.773764
51 0.226236
-1 -1
NODE 28 7
2dots_tau0
0 0 12 0 -15
29 30 
NODE 29 8
2dots_tau0
0 -10 10 7 -9
33 34 
LEAF 33 9
65 classes
1 0.0407551
3 0.162338
7 0.0328804
10 0.0297537
20 0.0941719
28 0.0381878
35 0.0221454
39 0.0418994
40 0.114114
42 0.0221961
44 0.0891927
51 0.0238322
59 0.021945
62 0.266588
-1 -1
LEAF 34 9
65 classes
0 0.0153288
1 0.0167458
3 0.433569
18 0.0145989
33 0.0892276
40 0.0156294
41 0.0181986
52 0.0168165
55 0.00914106
62 0.370744
-1 -1
NODE 30 8
2dots_tau0
0 11 12 14 11
31 32 
LEAF 31 9
65 classes
3 0.502742
37 0.24323
62 0.254028
-1 -1
LEAF 32 9
65 classes
3 0.350274
59 0.378803
63 0.270924
-1 -1
NODE 12 6
2dots_tau0
0 -15 -12 -14 -4
13 14 
NODE 13 7
2dots_tau0
0 9 -14 0 14
21 22 
NODE 21 8
2dots_tau0
0 -14 15 0 -9
25 26 
LEAF 25 9
65 classes
59 1
-1 -1
LEAF 26 9
65 classes
-1 -1
NODE 22 8
2dots_tau0
0 -5 -2 -13 -1
23 24 
LEAF 23 9
65 classes
0 0.0307136
1 0.0335527
3 0.267298
6 0.029576
12 0.145191
18 0.29251
19 0.0323301
21 0.0174738
40 0.0939474
48 0.0315634
63 0.0258431
-1 -1
LEAF 24 9
65 classes
24 0.368522
47 0.136977
53 0.108208
59 0.0780955
61 0.308198
-1 -1
NODE 14 7
2dots_tau0
0 -6 6 14 -10
15 16 
NODE 15 8
2dots_tau0
0 5 14 -3 -11
19 20 
LEAF 19 9
65 classes
1 0.055889
3 0.11131
10 0.0408024
12 0.120923
18 0.243619
19 0.0538526
23 0.183049
40 0.0521631
48 0.0525754
52 0.0561248
61 0.029691
-1 -1
LEAF 20 9
65 classes
0 1
-1 -1
NODE 16 8
2dots_tau0
0 -12 14 2 -13
17 18 
LEAF 17 9
65 classes
1 0.298089
18 0.259873
30 0.16051
47 0.281529
-1 -1
LEAF 18 9
65 classes
1 0.384341
10 0.280593
18 0.335066
-1 -1
