image_size: 32 32
class_number: 65
max_depth:  10
1023
NODE 0 0
2dots_tau0
0 -1 10 -3 5
1 2 
NODE 1 1
2dots_tau0
0 0 11 -2 11
513 514 
NODE 513 2
2dots_tau0
0 -3 7 11 -7
769 770 
NODE 769 3
2dots_tau0
0 -8 -9 -8 -13
897 898 
NODE 897 4
2dots_tau0
0 -1 10 12 -6
961 962 
NODE 961 5
2dots_tau0
0 -2 13 -7 -15
993 994 
NODE 993 6
2dots_tau0
0 -14 -9 10 -5
1009 1010 
NODE 1009 7
2dots_tau0
0 8 -9 -5 0
1017 1018 
NODE 1017 8
2dots_tau0
0 -7 5 10 12
1021 1022 
LEAF 1021 9
65 classes
0 0.0574389
7 0.0506241
15 0.0247253
18 0.0547037
19 0.030231
24 0.0531463
27 0.0892477
30 0.0337876
35 0.0852404
40 0.11713
41 0.0340961
48 0.177084
51 0.0183466
54 0.0273519
56 0.0320475
59 0.0506814
62 0.0157866
63 0.0483305
-1 -1
LEAF 1022 9
65 classes
3 0.0217198
4 0.103821
5 0.0211017
6 0.019226
11 0.048742
15 0.0171888
18 0.0570442
20 0.134395
22 0.0438061
24 0.0369468
27 0.0413628
28 0.0408742
33 0.0193695
40 0.020357
41 0.0474066
45 0.0216293
48 0.0410358
49 0.150632
51 0.0510175
53 0.0162728
59 0.0234888
61 0.0115871
62 0.0109747
-1 -1
NODE 1018 8
2dots_tau0
0 -5 2 -14 -15
1019 1020 
LEAF 1019 9
65 classes
3 0.0311625
6 0.0459743
9 0.0104311
12 0.056423
15 0.00822057
18 0.0545629
19 0.0301532
23 0.0113881
27 0.1088
35 0.0113361
41 0.0226722
50 0.00893026
52 0.0209503
55 0.00569406
58 0.551691
61 0.00554154
63 0.0160687
-1 -1
LEAF 1020 9
65 classes
3 0.0693039
6 0.122694
18 0.0606727
19 0.201178
24 0.0589454
40 0.0649555
44 0.0380773
49 0.0739448
51 0.162788
59 0.112423
62 0.0350183
-1 -1
NODE 1010 7
2dots_tau0
0 -8 8 -5 15
1011 1012 
NODE 1011 8
2dots_tau0
0 5 -9 8 15
1015 1016 
LEAF 1015 9
65 classes
0 0.0657269
1 0.020515
5 0.00992392
9 0.0307725
11 0.0573072
12 0.166451
27 0.0583574
33 0.0728742
35 0.0111474
37 0.00988374
40 0.0191473
41 0.0111474
47 0.125939
48 0.241234
50 0.0263448
51 0.00599824
53 0.0153059
54 0.00894243
59 0.0165698
61 0.0054493
62 0.00516128
63 0.0158012
-1 -1
LEAF 1016 9
65 classes
0 0.0111431
4 0.0289721
6 0.0214608
9 0.0243463
10 0.0266614
11 0.0408058
12 0.0131691
13 0.0275925
18 0.021225
20 0.00937608
24 0.0309311
33 0.0324314
37 0.0703775
39 0.00625747
40 0.0340848
41 0.0132293
45 0.0603585
47 0.0574843
48 0.16032
49 0.00646698
50 0.198011
52 0.0611225
56 0.0124344
59 0.00655477
61 0.012934
62 0.0122504
-1 -1
NODE 1012 8
2dots_tau0
0 -15 5 -10 -2
1013 1014 
LEAF 1013 9
65 classes
0 0.0421002
2 0.0168401
4 0.0109461
10 0.194746
11 0.010278
12 0.0298529
13 0.0521241
16 0.00832399
21 0.0047904
23 0.150634
27 0.0348878
28 0.00861894
32 0.00488663
33 0.179711
37 0.0709056
39 0.00472832
40 0.00858514
41 0.00999639
45 0.00912171
48 0.051918
49 0.00488663
52 0.0461859
56 0.0187915
61 0.00488663
63 0.0212545
-1 -1
LEAF 1014 9
65 classes
0 0.11764
1 0.0160642
2 0.014705
4 0.0191164
11 0.0897485
12 0.173786
16 0.0145372
23 0.122766
27 0.0913933
33 0.057064
35 0.0174579
37 0.0309578
48 0.120894
50 0.0412585
52 0.0645281
62 0.00808306
-1 -1
NODE 994 6
2dots_tau0
0 -4 14 -7 -5
995 996 
NODE 995 7
2dots_tau0
0 6 -15 5 -2
1003 1004 
NODE 1003 8
2dots_tau0
0 -6 1 0 -15
1007 1008 
LEAF 1007 9
65 classes
3 0.413032
18 0.361592
35 0.225376
-1 -1
LEAF 1008 9
65 classes
3 0.341618
14 0.30352
61 0.182247
62 0.172615
-1 -1
NODE 1004 8
2dots_tau0
0 7 15 15 3
1005 1006 
LEAF 1005 9
65 classes
3 0.139208
12 0.0756155
18 0.0609355
27 0.132553
37 0.0673498
48 0.0657526
53 0.156446
56 0.142793
62 0.10551
63 0.0538363
-1 -1
LEAF 1006 9
65 classes
4 0.310774
11 0.291807
28 0.244704
51 0.152715
-1 -1
NODE 996 7
2dots_tau0
0 7 0 8 6
997 998 
NODE 997 8
2dots_tau0
0 15 6 14 -9
1001 1002 
LEAF 1001 9
65 classes
0 0.0412752
6 0.278226
7 0.0363782
19 0.0434476
20 0.0694599
24 0.0381906
28 0.0422502
35 0.0735038
40 0.0420845
41 0.0490025
47 0.0425855
48 0.0424172
49 0.0239544
59 0.0971182
62 0.0453766
63 0.03473
-1 -1
LEAF 1002 9
65 classes
0 0.160425
18 0.101857
24 0.0494785
27 0.166177
28 0.109476
32 0.0310345
33 0.155636
35 0.0634862
40 0.0545234
59 0.0629116
63 0.0449951
-1 -1
NODE 998 8
2dots_tau0
0 8 13 -8 15
999 1000 
LEAF 999 9
65 classes
1 0.0534236
3 0.2128
6 0.0706379
7 0.129303
9 0.0267118
12 0.0288973
15 0.0421021
18 0.139723
20 0.102871
24 0.0226242
27 0.0253283
33 0.0237217
35 0.0580586
47 0.0252278
48 0.0251281
62 0.0134406
-1 -1
LEAF 1000 9
65 classes
3 0.14336
7 0.232292
12 0.0778707
15 0.056727
19 0.0693585
35 0.0782263
40 0.0671826
62 0.108657
63 0.166326
-1 -1
NODE 962 5
2dots_tau0
0 3 6 9 -15
963 964 
NODE 963 6
2dots_tau0
0 3 0 2 6
979 980 
NODE 979 7
2dots_tau0
0 -9 -15 -2 1
987 988 
NODE 987 8
2dots_tau0
0 -5 -8 8 15
991 992 
LEAF 991 9
65 classes
35 0.535032
47 0.464968
-1 -1
LEAF 992 9
65 classes
4 0.235872
7 0.319826
24 0.16788
50 0.169692
59 0.106729
-1 -1
NODE 988 8
2dots_tau0
0 13 -1 7 7
989 990 
LEAF 989 9
65 classes
12 0.386849
47 0.337725
63 0.275426
-1 -1
LEAF 990 9
65 classes
9 0.201079
12 0.435061
15 0.158466
56 0.205394
-1 -1
NODE 980 7
2dots_tau0
0 -8 8 2 1
981 982 
NODE 981 8
2dots_tau0
0 15 11 -11 3
985 986 
LEAF 985 9
65 classes
23 0.166022
30 0.0818841
50 0.13019
52 0.458136
59 0.163768
-1 -1
LEAF 986 9
65 classes
45 0.261466
48 0.248031
50 0.225726
52 0.264776
-1 -1
NODE 982 8
2dots_tau0
0 -7 9 4 2
983 984 
LEAF 983 9
65 classes
-1 -1
LEAF 984 9
65 classes
12 0.233769
17 0.194072
50 0.184997
56 0.220726
63 0.166437
-1 -1
NODE 964 6
2dots_tau0
0 15 -11 1 -15
965 966 
NODE 965 7
2dots_tau0
0 15 -7 3 -3
973 974 
NODE 973 8
2dots_tau0
0 5 0 -2 -8
977 978 
LEAF 977 9
65 classes
61 1
-1 -1
LEAF 978 9
65 classes
-1 -1
NODE 974 8
2dots_tau0
0 -15 -13 3 9
975 976 
LEAF 975 9
65 classes
-1 -1
LEAF 976 9
65 classes
2 1
-1 -1
NODE 966 7
2dots_tau0
0 -4 -14 11 0
967 968 
NODE 967 8
2dots_tau0
0 -3 7 10 9
971 972 
LEAF 971 9
65 classes
-1 -1
LEAF 972 9
65 classes
-1 -1
NODE 968 8
2dots_tau0
0 14 -11 1 -7
969 970 
LEAF 969 9
65 classes
-1 -1
LEAF 970 9
65 classes
7 1
-1 -1
NODE 898 4
2dots_tau0
0 -10 11 14 0
899 900 
NODE 899 5
2dots_tau0
0 7 5 15 7
931 932 
NODE 931 6
2dots_tau0
0 -8 -13 2 -11
947 948 
NODE 947 7
2dots_tau0
0 10 8 11 -14
955 956 
NODE 955 8
2dots_tau0
0 -15 3 -1 15
959 960 
LEAF 959 9
65 classes
15 0.0536228
19 0.0655631
24 0.0576302
28 0.318781
35 0.0369728
40 0.0635063
45 0.0674754
47 0.192787
49 0.0361475
59 0.0732765
62 0.034237
-1 -1
LEAF 960 9
65 classes
1 0.0571772
3 0.028469
4 0.0340204
5 0.0276589
12 0.0309276
18 0.0249234
19 0.137734
20 0.0440394
24 0.0242138
28 0.160726
35 0.0466033
37 0.0275469
47 0.0540007
48 0.0268936
49 0.0151877
52 0.0287092
59 0.0153939
62 0.215774
-1 -1
NODE 956 8
2dots_tau0
0 11 12 -6 13
957 958 
LEAF 957 9
65 classes
7 0.18276
41 0.246184
45 0.224643
47 0.213946
51 0.132468
-1 -1
LEAF 958 9
65 classes
0 0.0844043
3 0.0918206
7 0.148781
21 0.04802
24 0.23429
27 0.0874308
40 0.172119
48 0.0867397
62 0.0463956
-1 -1
NODE 948 7
2dots_tau0
0 10 2 11 -8
949 950 
NODE 949 8
2dots_tau0
0 -7 -9 -14 -9
953 954 
LEAF 953 9
65 classes
1 0.0196817
3 0.0783974
12 0.0638761
18 0.0171584
27 0.354584
33 0.034957
35 0.0106946
45 0.0195177
47 0.0185883
50 0.0505494
54 0.223059
62 0.108936
-1 -1
LEAF 954 9
65 classes
0 0.0137385
1 0.0450253
3 0.0896737
5 0.0145203
6 0.0529186
11 0.0335399
18 0.104674
24 0.0127118
27 0.355777
33 0.0266567
40 0.0840472
49 0.0159464
50 0.0128489
54 0.0130843
62 0.113277
63 0.0115599
-1 -1
NODE 950 8
2dots_tau0
0 -12 -15 -8 14
951 952 
LEAF 951 9
65 classes
0 0.299927
15 0.0368879
18 0.163226
24 0.0792893
27 0.044383
33 0.0831354
35 0.0254341
40 0.0436868
41 0.0508682
48 0.0440322
53 0.0349221
62 0.0942084
-1 -1
LEAF 952 9
65 classes
0 0.0603129
19 0.190462
27 0.187426
54 0.459527
55 0.0359664
62 0.0663059
-1 -1
NODE 932 6
2dots_tau0
0 14 -15 15 -3
933 934 
NODE 933 7
2dots_tau0
0 9 -2 5 -6
941 942 
NODE 941 8
2dots_tau0
0 10 -11 -6 -5
945 946 
LEAF 945 9
65 classes
15 0.130857
24 0.140636
49 0.352847
53 0.247767
63 0.127893
-1 -1
LEAF 946 9
65 classes
3 0.19324
15 0.152928
23 0.211855
52 0.194871
62 0.0976414
63 0.149464
-1 -1
NODE 942 8
2dots_tau0
0 12 -1 -13 -4
943 944 
LEAF 943 9
65 classes
2 0.0676805
19 0.0712426
48 0.208659
51 0.0432357
53 0.165488
54 0.386746
63 0.056948
-1 -1
LEAF 944 9
65 classes
15 0.187347
18 0.155436
21 0.0309512
22 0.0596823
28 0.0556878
42 0.0323678
48 0.0559079
53 0.0443408
54 0.103624
63 0.274655
-1 -1
NODE 934 7
2dots_tau0
0 8 -3 -11 -3
935 936 
NODE 935 8
2dots_tau0
0 -5 0 15 5
939 940 
LEAF 939 9
65 classes
3 0.223166
12 0.242439
48 0.421633
62 0.112762
-1 -1
LEAF 940 9
65 classes
3 0.102142
4 0.0610298
5 0.0496177
13 0.0581236
28 0.048055
47 0.0968727
48 0.385959
53 0.0382632
54 0.134131
62 0.0258054
-1 -1
NODE 936 8
2dots_tau0
0 6 -14 0 -2
937 938 
LEAF 937 9
65 classes
3 0.409515
5 0.198931
19 0.198126
48 0.193427
-1 -1
LEAF 938 9
65 classes
3 0.118313
27 0.112657
40 0.11089
48 0.447065
62 0.119564
63 0.0915109
-1 -1
NODE 900 5
2dots_tau0
0 -7 3 -9 14
901 902 
NODE 901 6
2dots_tau0
0 0 -4 2 10
917 918 
NODE 917 7
2dots_tau0
0 3 -13 -9 8
925 926 
NODE 925 8
2dots_tau0
0 2 -10 6 -12
929 930 
LEAF 929 9
65 classes
12 0.162626
18 0.131054
27 0.285081
35 0.163368
51 0.175812
55 0.0820589
-1 -1
LEAF 930 9
65 classes
27 0.268766
51 0.331501
54 0.247108
59 0.152625
-1 -1
NODE 926 8
2dots_tau0
0 -2 -10 -8 4
927 928 
LEAF 927 9
65 classes
12 0.533898
47 0.466102
-1 -1
LEAF 928 9
65 classes
3 0.480435
59 0.519565
-1 -1
NODE 918 7
2dots_tau0
0 -5 1 -5 -1
919 920 
NODE 919 8
2dots_tau0
0 -11 -10 10 -9
923 924 
LEAF 923 9
65 classes
3 0.299142
4 0.134053
6 0.0827489
9 0.0375499
11 0.0629358
18 0.0327358
19 0.0180909
20 0.115688
35 0.0510096
41 0.0204038
42 0.0102253
45 0.0186185
49 0.0299226
59 0.0202192
61 0.0099742
62 0.0566821
-1 -1
LEAF 924 9
65 classes
0 0.0225049
3 0.0244823
4 0.0585126
5 0.0237856
6 0.0866854
11 0.109883
15 0.0387501
18 0.0428664
19 0.0236893
20 0.0189361
27 0.0699354
33 0.0654992
35 0.0267181
37 0.165825
39 0.0126377
40 0.0229461
48 0.0693825
49 0.0130609
50 0.0210477
51 0.0143766
54 0.0428664
59 0.0132381
62 0.0123705
-1 -1
NODE 920 8
2dots_tau0
0 6 -3 -12 -10
921 922 
LEAF 921 9
65 classes
0 0.0383527
3 0.0208613
4 0.149575
6 0.0738644
9 0.0209489
11 0.21067
12 0.0906518
15 0.0660377
18 0.0365264
20 0.0806772
37 0.0201856
39 0.0107686
41 0.0227664
47 0.0197851
48 0.0394138
49 0.0333874
55 0.0114354
59 0.0112802
62 0.0105409
63 0.0322709
-1 -1
LEAF 922 9
65 classes
3 0.090436
6 0.0533684
7 0.0244228
18 0.158346
19 0.029169
20 0.489642
47 0.0285902
49 0.032164
51 0.017702
62 0.07616
-1 -1
NODE 902 6
2dots_tau0
0 13 -9 3 5
903 904 
NODE 903 7
2dots_tau0
0 12 -8 -1 -4
911 912 
NODE 911 8
2dots_tau0
0 -5 9 -8 3
915 916 
LEAF 915 9
65 classes
2 0.142698
5 0.150819
9 0.155889
12 0.0843215
23 0.0850951
35 0.0423533
37 0.150208
48 0.146646
59 0.04197
-1 -1
LEAF 916 9
65 classes
9 0.47807
23 0.52193
-1 -1
NODE 912 8
2dots_tau0
0 -15 13 -9 -1
913 914 
LEAF 913 9
65 classes
23 0.242683
48 0.62733
51 0.129987
-1 -1
LEAF 914 9
65 classes
35 0.222
37 0.393668
48 0.384332
-1 -1
NODE 904 7
2dots_tau0
0 -2 0 -7 -15
905 906 
NODE 905 8
2dots_tau0
0 10 6 -11 13
909 910 
LEAF 909 9
65 classes
4 0.015141
5 0.0615488
6 0.0336467
7 0.0615906
9 0.0127235
10 0.00928896
11 0.0853015
12 0.0137646
13 0.10094
15 0.0401086
17 0.0114272
18 0.0554616
20 0.0196
24 0.0646591
28 0.0238441
33 0.0338978
37 0.0122599
39 0.0130808
44 0.00696139
45 0.0126175
47 0.120167
49 0.141947
54 0.033277
55 0.00694542
63 0.00980001
-1 -1
LEAF 910 9
65 classes
5 0.226643
28 0.329257
37 0.112863
54 0.204228
55 0.0639383
59 0.0630704
-1 -1
NODE 906 8
2dots_tau0
0 4 -1 6 14
907 908 
LEAF 907 9
65 classes
4 0.144497
11 0.0904517
15 0.0318977
24 0.068563
28 0.113777
33 0.0359444
41 0.0439868
47 0.191133
50 0.138606
54 0.141144
-1 -1
LEAF 908 9
65 classes
0 0.0338471
3 0.110463
4 0.176005
7 0.44747
11 0.0826313
20 0.0284797
23 0.121104
-1 -1
NODE 770 3
2dots_tau0
0 15 4 -6 -3
771 772 
NODE 771 4
2dots_tau0
0 0 11 0 2
835 836 
NODE 835 5
2dots_tau0
0 1 14 13 4
867 868 
NODE 867 6
2dots_tau0
0 10 0 14 -14
883 884 
NODE 883 7
2dots_tau0
0 10 -5 -9 10
891 892 
NODE 891 8
2dots_tau0
0 5 2 -2 3
895 896 
LEAF 895 9
65 classes
1 0.0157308
2 0.0259195
3 0.006266
4 0.0149757
5 0.0334823
6 0.019413
9 0.0629233
10 0.0941726
11 0.0843704
12 0.064668
13 0.0249596
16 0.0170826
17 0.00847683
18 0.00274281
20 0.00969303
21 0.00655393
22 0.00315944
23 0.0103044
24 0.00266472
27 0.0357986
28 0.0206359
30 0.00338818
33 0.00558796
37 0.0879143
39 0.0032345
40 0.035237
42 0.00342694
44 0.00516405
45 0.0280795
47 0.023771
48 0.0207174
49 0.0233996
50 0.0996587
51 0.00551931
52 0.00947831
53 0.0328621
56 0.0353505
59 0.00169409
61 0.008357
62 0.00316612
-1 -1
LEAF 896 9
65 classes
1 0.010672
5 0.0412998
9 0.042688
10 0.225945
13 0.0241899
20 0.00821986
22 0.0428681
24 0.0632724
27 0.0101193
28 0.039999
33 0.0663416
35 0.00579894
37 0.318777
45 0.0105831
48 0.0100393
49 0.011339
50 0.0456823
51 0.00624063
53 0.0159244
-1 -1
NODE 892 8
2dots_tau0
0 -5 12 -12 3
893 894 
LEAF 893 9
65 classes
1 0.024728
10 0.469376
21 0.012878
23 0.0269966
30 0.0133151
40 0.138477
44 0.0135293
48 0.279143
54 0.0215577
-1 -1
LEAF 894 9
65 classes
1 0.0139288
5 0.134758
6 0.036834
10 0.477938
20 0.032185
22 0.0839255
24 0.153366
45 0.0138127
47 0.02631
49 0.0147994
54 0.0121431
-1 -1
NODE 884 7
2dots_tau0
0 13 -11 0 -15
885 886 
NODE 885 8
2dots_tau0
0 -11 -7 10 1
889 890 
LEAF 889 9
65 classes
2 0.0200741
3 0.021838
5 0.0848662
15 0.0345647
16 0.0198451
20 0.253363
22 0.0660667
24 0.130017
33 0.0194749
35 0.0238323
37 0.0211307
42 0.0119434
47 0.0621342
51 0.115414
53 0.0490841
54 0.0191182
59 0.0472332
-1 -1
LEAF 890 9
65 classes
2 0.0299836
3 0.00815454
5 0.0237675
9 0.180154
10 0.00597833
12 0.0531527
16 0.125977
19 0.00789042
20 0.00630723
21 0.0127939
22 0.0164467
23 0.00894006
24 0.0208071
30 0.0264561
32 0.043503
33 0.00727214
35 0.00444962
37 0.0157808
40 0.0993574
45 0.0568439
48 0.0385165
49 0.0130509
50 0.112169
51 0.00957707
52 0.00822335
53 0.0305476
56 0.016729
61 0.0130509
62 0.00412037
-1 -1
NODE 886 8
2dots_tau0
0 -2 -8 -2 3
887 888 
LEAF 887 9
65 classes
2 0.0295395
5 0.187324
22 0.0324062
23 0.0352306
33 0.0573154
37 0.0310942
47 0.274295
48 0.333925
51 0.0188704
-1 -1
LEAF 888 9
65 classes
5 0.332081
12 0.0371327
16 0.0310615
20 0.0793125
22 0.0344691
24 0.0290718
30 0.0184823
35 0.0186511
37 0.132295
48 0.0645785
51 0.12043
53 0.102435
-1 -1
NODE 868 6
2dots_tau0
0 0 3 4 -11
869 870 
NODE 869 7
2dots_tau0
0 -1 9 9 3
877 878 
NODE 877 8
2dots_tau0
0 1 14 -9 8
881 882 
LEAF 881 9
65 classes
5 0.125332
6 0.0228382
9 0.0259089
12 0.0280287
13 0.117454
14 0.0229231
16 0.0703382
20 0.0199557
21 0.013493
23 0.0282859
30 0.0139509
35 0.042235
39 0.0266364
40 0.0483633
44 0.0992281
49 0.0825846
50 0.133086
51 0.045452
59 0.0139509
63 0.0199557
-1 -1
LEAF 882 9
65 classes
1 0.0330609
3 0.0658452
5 0.0959573
7 0.0533457
9 0.165305
12 0.0357659
15 0.0260546
22 0.0996012
33 0.0293601
35 0.0718584
45 0.0655708
50 0.0283039
51 0.0579987
52 0.0332004
59 0.0712081
62 0.0166353
63 0.0509288
-1 -1
NODE 878 8
2dots_tau0
0 0 -4 9 -14
879 880 
LEAF 879 9
65 classes
1 0.0166278
4 0.0692547
5 0.0563046
6 0.0293141
7 0.0402448
9 0.0997666
11 0.0743175
14 0.0220673
15 0.006552
16 0.00752359
18 0.007248
19 0.0480657
20 0.0384214
21 0.00432977
22 0.0166979
23 0.00907663
28 0.0155804
30 0.0134301
33 0.0147665
35 0.00451759
39 0.0683786
44 0.0136462
45 0.0659568
49 0.0088335
50 0.00711764
51 0.00486168
52 0.00834896
58 0.219856
59 0.00447671
61 0.00441675
-1 -1
LEAF 880 9
65 classes
1 0.0683381
3 0.0212663
6 0.00376493
7 0.0206752
9 0.0854227
11 0.0143173
12 0.00462059
13 0.0677687
14 0.0151157
19 0.0411551
20 0.0328974
21 0.0244679
22 0.00428916
23 0.0326409
24 0.00723509
30 0.0183987
33 0.00379302
35 0.00232084
39 0.0900167
40 0.0398639
42 0.00232616
44 0.107495
45 0.0635331
47 0.00403385
50 0.0182829
51 0.00249762
52 0.124386
53 0.0191197
54 0.00372355
56 0.0130884
59 0.0114992
61 0.0294975
62 0.00214911
-1 -1
NODE 870 7
2dots_tau0
0 11 13 8 0
871 872 
NODE 871 8
2dots_tau0
0 5 3 3 -9
875 876 
LEAF 875 9
65 classes
1 0.0429459
3 0.0320746
4 0.0894348
5 0.0415493
7 0.00866197
9 0.0107365
10 0.0117574
11 0.077978
13 0.03042
18 0.00468
20 0.00826952
21 0.0503228
23 0.0586073
30 0.0722647
32 0.00285188
39 0.0579491
40 0.0250518
44 0.0117484
45 0.0053235
50 0.00919166
51 0.00627833
52 0.107818
54 0.00468
56 0.180953
59 0.0202341
61 0.022815
62 0.00540228
-1 -1
LEAF 876 9
65 classes
2 0.0523996
3 0.0081434
4 0.0389254
5 0.0553817
9 0.0408881
11 0.109649
16 0.0148005
21 0.0042588
22 0.0328485
27 0.0155081
28 0.0229875
30 0.02642
37 0.0236389
39 0.0462397
40 0.0305298
44 0.00447419
47 0.0617864
50 0.0210029
51 0.033474
52 0.147818
53 0.00610117
56 0.150356
59 0.0176133
61 0.0347549
-1 -1
NODE 872 8
2dots_tau0
0 -2 -11 15 12
873 874 
LEAF 873 9
65 classes
1 0.0676088
3 0.022442
4 0.0737499
5 0.0381559
6 0.00993265
9 0.0169022
11 0.0692487
12 0.0731404
13 0.0127705
16 0.010197
19 0.0325727
22 0.00565784
23 0.0184529
27 0.0267113
30 0.00303373
33 0.0100068
37 0.0108576
40 0.0525846
44 0.0184953
45 0.00558711
46 0.0893938
48 0.0530003
50 0.0337639
51 0.00329461
52 0.113157
53 0.00840694
54 0.0147352
56 0.0575497
59 0.00606745
62 0.0425235
-1 -1
LEAF 874 9
65 classes
1 0.0600205
2 0.0042263
3 0.0321835
4 0.0274709
5 0.11167
6 0.00406977
7 0.029799
9 0.0923392
11 0.0515886
12 0.0149841
16 0.00417809
17 0.00829311
18 0.00402504
19 0.00889746
21 0.0192357
22 0.00927288
23 0.0252027
30 0.0348048
32 0.00245276
37 0.00444873
39 0.0213597
40 0.10342
44 0.0252606
45 0.0137355
46 0.0732558
48 0.00868646
50 0.0434792
51 0.00269984
52 0.0463644
53 0.0344463
56 0.0660245
59 0.00745817
62 0.00464624
-1 -1
NODE 836 5
2dots_tau0
0 -11 -6 6 -14
837 838 
NODE 837 6
2dots_tau0
0 0 -4 14 -7
853 854 
NODE 853 7
2dots_tau0
0 15 3 14 -13
861 862 
NODE 861 8
2dots_tau0
0 13 -14 9 -8
865 866 
LEAF 865 9
65 classes
5 0.0192991
6 0.0175836
7 0.032187
15 0.141484
16 0.0361033
18 0.0347808
20 0.215101
22 0.040064
24 0.050686
28 0.186913
45 0.0197816
47 0.0753585
49 0.0635837
51 0.0349945
59 0.0214823
61 0.0105973
-1 -1
LEAF 866 9
65 classes
4 0.0128192
5 0.0729548
6 0.0094957
7 0.017382
10 0.0235936
15 0.0424477
16 0.0682391
20 0.174242
22 0.20554
28 0.31291
45 0.0106827
47 0.0203479
49 0.0114457
51 0.00629936
59 0.0116011
-1 -1
NODE 862 8
2dots_tau0
0 -14 0 -2 2
863 864 
LEAF 863 9
65 classes
15 0.0372973
16 0.0856561
17 0.0425048
20 0.0729047
22 0.190106
28 0.39911
47 0.0893951
51 0.0830254
-1 -1
LEAF 864 9
65 classes
16 0.185305
20 0.0197149
22 0.0257042
28 0.383742
58 0.338439
59 0.0137826
61 0.013598
63 0.0197149
-1 -1
NODE 854 7
2dots_tau0
0 -9 7 13 -12
855 856 
NODE 855 8
2dots_tau0
0 9 1 11 -5
859 860 
LEAF 859 9
65 classes
5 0.0126085
6 0.0229755
7 0.231313
9 0.0130323
11 0.0145619
15 0.0924345
20 0.14053
22 0.0916112
28 0.122114
45 0.0387712
47 0.160008
52 0.0130873
56 0.039936
59 0.0070174
-1 -1
LEAF 860 9
65 classes
1 0.011621
4 0.013829
5 0.0224862
6 0.0102437
7 0.3844
14 0.0102818
15 0.0274749
16 0.0420654
17 0.010437
19 0.0223952
20 0.0179016
22 0.175051
24 0.00984271
28 0.0762229
45 0.0921934
47 0.0109754
49 0.018521
51 0.0135912
59 0.0187724
62 0.0116947
-1 -1
NODE 856 8
2dots_tau0
0 6 3 1 11
857 858 
LEAF 857 9
65 classes
6 0.0125783
7 0.218735
14 0.0126251
15 0.0449822
16 0.142044
19 0.0412488
20 0.0989171
22 0.0143298
28 0.0802241
32 0.0075807
35 0.00775377
39 0.0073351
44 0.0234217
45 0.0424519
47 0.0134768
49 0.0075807
51 0.0584105
52 0.0143298
53 0.0106462
55 0.0155787
56 0.0728788
59 0.0153672
61 0.0303228
62 0.00718003
-1 -1
LEAF 858 9
65 classes
7 0.150154
16 0.126317
19 0.0448333
20 0.0119459
21 0.00807719
22 0.0623
24 0.0131362
28 0.0435978
35 0.00842757
44 0.152743
48 0.01459
49 0.0164789
59 0.100216
61 0.247184
-1 -1
NODE 838 6
2dots_tau0
0 0 15 -4 -14
839 840 
NODE 839 7
2dots_tau0
0 3 -5 -6 6
847 848 
NODE 847 8
2dots_tau0
0 8 -4 -2 -11
851 852 
LEAF 851 9
65 classes
1 0.0016683
2 0.0870465
4 0.00794108
5 0.00322808
7 0.00269189
9 0.0016683
10 0.0511542
11 0.018641
13 0.0113444
16 0.099641
17 0.00599327
19 0.00321501
20 0.0102797
21 0.0147701
22 0.020104
24 0.015543
27 0.00316378
28 0.0218849
30 0.00269494
32 0.0957184
37 0.0128601
39 0.0403057
44 0.00273831
45 0.0198527
46 0.264703
47 0.0236342
48 0.00156938
49 0.00354513
53 0.0286277
54 0.0421779
55 0.0537298
58 0.0220586
61 0.00354513
63 0.00128497
-1 -1
LEAF 852 9
65 classes
2 0.0973454
5 0.0514427
10 0.0388187
16 0.312764
17 0.0238772
20 0.0204772
22 0.0266981
24 0.0675529
27 0.025209
32 0.0282476
37 0.0256172
44 0.0581835
47 0.0502179
54 0.115887
55 0.0435375
61 0.0141238
-1 -1
NODE 848 8
2dots_tau0
0 5 6 -4 -11
849 850 
LEAF 849 9
65 classes
1 0.0592052
2 0.0541955
5 0.0572798
10 0.0360195
19 0.00950799
22 0.059455
24 0.0501453
30 0.0265664
32 0.00524213
39 0.0101446
44 0.199755
45 0.176135
51 0.0173106
53 0.0368099
54 0.00860246
56 0.0100793
59 0.00531329
61 0.178232
-1 -1
LEAF 850 9
65 classes
7 0.0913389
22 0.113692
30 0.0609615
44 0.185827
51 0.0662038
59 0.0609615
61 0.421015
-1 -1
NODE 840 7
2dots_tau0
0 6 -15 3 10
841 842 
NODE 841 8
2dots_tau0
0 4 -5 -13 8
845 846 
LEAF 845 9
65 classes
2 0.00454997
3 0.00494976
4 0.0354898
11 0.0944173
13 0.0112666
16 0.0359846
17 0.0624978
21 0.108721
22 0.0149746
27 0.00471312
28 0.00465745
30 0.00535291
33 0.00441415
39 0.0127753
44 0.00815857
45 0.0246457
46 0.157732
52 0.00998307
53 0.00370844
55 0.236056
56 0.0812356
58 0.0657219
59 0.00535291
61 0.00264061
-1 -1
LEAF 846 9
65 classes
7 0.0449327
14 0.0492757
17 0.200078
19 0.0536646
30 0.0599781
40 0.051981
44 0.152358
45 0.0552298
51 0.0325679
55 0.121607
59 0.0599781
61 0.11835
-1 -1
NODE 842 8
2dots_tau0
0 5 11 8 5
843 844 
LEAF 843 9
65 classes
4 0.0329885
6 0.0488718
10 0.222622
11 0.0309751
15 0.0218467
16 0.0501726
17 0.024897
20 0.0213518
24 0.0939173
27 0.0262856
33 0.0492365
35 0.0150632
37 0.186979
47 0.0523626
55 0.0151323
56 0.0283163
59 0.0149269
63 0.0640553
-1 -1
LEAF 844 9
65 classes
2 0.025061
4 0.0977378
9 0.0273775
11 0.0305908
15 0.0215757
17 0.221293
20 0.126521
23 0.0298892
24 0.139128
27 0.0259596
33 0.0486257
37 0.0791399
39 0.0422193
56 0.027965
59 0.0147417
63 0.0421738
-1 -1
NODE 772 4
2dots_tau0
0 6 7 10 -10
773 774 
NODE 773 5
2dots_tau0
0 14 -2 10 -5
805 806 
NODE 805 6
2dots_tau0
0 -10 -9 1 -10
821 822 
NODE 821 7
2dots_tau0
0 3 -6 14 14
829 830 
NODE 829 8
2dots_tau0
0 6 -15 -3 11
833 834 
LEAF 833 9
65 classes
24 0.331567
28 0.040757
40 0.0405971
41 0.519977
52 0.0436804
59 0.0234214
-1 -1
LEAF 834 9
65 classes
3 0.300434
24 0.25553
30 0.162452
40 0.281584
-1 -1
NODE 830 8
2dots_tau0
0 0 -3 14 -2
831 832 
LEAF 831 9
65 classes
20 1
-1 -1
LEAF 832 9
65 classes
7 0.229841
20 0.16457
24 0.241292
40 0.0664735
47 0.13453
51 0.124944
59 0.0383501
-1 -1
NODE 822 7
2dots_tau0
0 -12 -12 13 -3
823 824 
NODE 823 8
2dots_tau0
0 2 -9 -2 -11
827 828 
LEAF 827 9
65 classes
6 0.0391691
24 0.188179
41 0.772652
-1 -1
LEAF 828 9
65 classes
15 0.48199
24 0.51801
-1 -1
NODE 824 8
2dots_tau0
0 1 -15 -4 2
825 826 
LEAF 825 9
65 classes
3 0.0251086
12 0.0272771
24 0.106779
33 0.2687
35 0.0274017
37 0.388727
40 0.0941328
47 0.0238134
62 0.0380611
-1 -1
LEAF 826 9
65 classes
6 0.052944
9 0.0600625
12 0.519814
33 0.106678
35 0.0326367
37 0.115748
40 0.112117
-1 -1
NODE 806 6
2dots_tau0
0 5 -5 0 -4
807 808 
NODE 807 7
2dots_tau0
0 -11 -2 -9 10
815 816 
NODE 815 8
2dots_tau0
0 12 -8 9 -8
819 820 
LEAF 819 9
65 classes
6 0.139309
15 0.0249095
19 0.0304562
20 0.0486905
24 0.535422
27 0.0299709
30 0.0340393
40 0.0885022
41 0.0687003
-1 -1
LEAF 820 9
65 classes
1 0.0457431
5 0.0221278
6 0.0806434
11 0.025556
15 0.0360492
17 0.0205412
20 0.105698
24 0.193716
27 0.021687
28 0.107154
37 0.0220382
40 0.149428
41 0.124279
48 0.0215155
59 0.0123155
62 0.0115083
-1 -1
NODE 816 8
2dots_tau0
0 -4 -14 0 14
817 818 
LEAF 817 9
65 classes
0 0.018538
1 0.0202516
3 0.0201668
19 0.0195137
20 0.0155983
24 0.0686103
27 0.0384054
28 0.0379517
33 0.323723
35 0.0330128
37 0.0780546
40 0.0378029
41 0.132051
47 0.038253
49 0.0107586
62 0.09171
63 0.0155983
-1 -1
LEAF 818 9
65 classes
0 0.0231893
1 0.0633321
12 0.0137028
20 0.019512
24 0.0429126
27 0.216187
28 0.0356056
30 0.0272815
33 0.168728
35 0.020648
37 0.0732294
40 0.11822
41 0.0688267
53 0.00945018
56 0.0129382
62 0.0764806
63 0.00975602
-1 -1
NODE 808 7
2dots_tau0
0 13 -11 13 13
809 810 
NODE 809 8
2dots_tau0
0 -5 1 -9 6
813 814 
LEAF 813 9
65 classes
1 0.0315963
7 0.0254912
12 0.0341814
22 0.0317296
30 0.0170134
33 0.673425
37 0.152225
41 0.0343375
-1 -1
LEAF 814 9
65 classes
1 0.0362026
24 0.122651
27 0.0343276
28 0.0339222
33 0.353651
37 0.313952
40 0.0337891
48 0.0340562
61 0.0192326
62 0.0182161
-1 -1
NODE 810 8
2dots_tau0
0 -4 14 2 12
811 812 
LEAF 811 9
65 classes
1 0.631008
51 0.368992
-1 -1
LEAF 812 9
65 classes
1 0.102425
7 0.0413173
20 0.118336
22 0.0514287
24 0.173503
28 0.0959733
33 0.13644
37 0.14804
39 0.0263253
52 0.0514287
59 0.027576
61 0.0272067
-1 -1
NODE 774 5
2dots_tau0
0 -8 -11 8 -8
775 776 
NODE 775 6
2dots_tau0
0 -15 9 -5 -1
791 792 
NODE 791 7
2dots_tau0
0 -8 -8 5 2
799 800 
NODE 799 8
2dots_tau0
0 7 4 -12 5
803 804 
LEAF 803 9
65 classes
35 0.351111
52 0.648889
-1 -1
LEAF 804 9
65 classes
5 0.169302
22 0.175731
30 0.376907
51 0.10233
52 0.175731
-1 -1
NODE 800 8
2dots_tau0
0 8 15 -15 4
801 802 
LEAF 801 9
65 classes
22 0.479992
51 0.279504
62 0.240504
-1 -1
LEAF 802 9
65 classes
1 1
-1 -1
NODE 792 7
2dots_tau0
0 0 -12 3 -2
793 794 
NODE 793 8
2dots_tau0
0 10 8 15 -4
797 798 
LEAF 797 9
65 classes
1 0.111031
3 0.331698
27 0.10528
35 0.180995
40 0.103629
52 0.111499
62 0.0558675
-1 -1
LEAF 798 9
65 classes
12 0.103788
21 0.0333092
30 0.0172198
58 0.845683
-1 -1
NODE 794 8
2dots_tau0
0 -15 -15 -9 2
795 796 
LEAF 795 9
65 classes
1 0.489818
21 0.510182
-1 -1
LEAF 796 9
65 classes
35 0.833333
41 0.166667
-1 -1
NODE 776 6
2dots_tau0
0 15 -8 3 4
777 778 
NODE 777 7
2dots_tau0
0 6 11 -6 8
785 786 
NODE 785 8
2dots_tau0
0 -14 -6 10 -12
789 790 
LEAF 789 9
65 classes
19 0.191898
30 0.0268093
47 0.0470227
48 0.0468369
51 0.0291148
58 0.658318
-1 -1
LEAF 790 9
65 classes
1 0.0625501
3 0.0207628
9 0.010425
11 0.0232972
12 0.0451119
13 0.0354451
19 0.140632
20 0.0160593
21 0.0325753
28 0.00976833
30 0.0280674
37 0.0401806
40 0.00973002
41 0.0226589
42 0.0794878
45 0.0413526
47 0.147688
48 0.0490347
49 0.0166149
50 0.01785
51 0.0121924
52 0.010469
53 0.0311117
56 0.0212975
59 0.0112269
61 0.0276915
62 0.036719
-1 -1
NODE 786 8
2dots_tau0
0 -5 -12 13 12
787 788 
LEAF 787 9
65 classes
1 0.0389216
3 0.0775175
12 0.210531
13 0.0882223
14 0.0688725
19 0.11251
20 0.119914
30 0.146705
35 0.0422984
40 0.0363269
45 0.0385973
62 0.0195842
-1 -1
LEAF 788 9
65 classes
9 0.04534
15 0.0357315
19 0.43688
20 0.0349221
22 0.0455313
42 0.123466
45 0.0449622
48 0.0426519
49 0.0481738
51 0.0265133
53 0.0676547
61 0.0481738
-1 -1
NODE 778 7
2dots_tau0
0 15 -8 14 -9
779 780 
NODE 779 8
2dots_tau0
0 -7 11 7 -7
783 784 
LEAF 783 9
65 classes
-1 -1
LEAF 784 9
65 classes
5 0.0288203
15 0.0234761
16 0.0269574
24 0.0252305
35 0.0485602
41 0.517975
45 0.0295408
48 0.0560457
50 0.0255028
53 0.111125
62 0.014989
63 0.0917771
-1 -1
NODE 780 8
2dots_tau0
0 5 -14 13 6
781 782 
LEAF 781 9
65 classes
1 0.013505
3 0.0268971
6 0.0119044
11 0.0150901
12 0.04383
13 0.0153057
15 0.0212861
18 0.0117736
21 0.00703326
27 0.0128056
28 0.0126543
30 0.0145439
33 0.0119933
35 0.102737
41 0.176121
53 0.100759
62 0.360154
63 0.0416078
-1 -1
LEAF 782 9
65 classes
3 0.135853
6 0.16034
15 0.0358375
28 0.17044
35 0.271809
40 0.127329
41 0.0494198
59 0.0489726
-1 -1
NODE 514 2
2dots_tau0
0 -15 -6 -6 -8
515 516 
NODE 515 3
2dots_tau0
0 -5 0 -7 10
643 644 
NODE 643 4
2dots_tau0
0 3 2 -3 0
707 708 
NODE 707 5
2dots_tau0
0 0 -9 -10 0
739 740 
NODE 739 6
2dots_tau0
0 -2 -1 -4 -3
755 756 
NODE 755 7
2dots_tau0
0 4 0 -7 1
763 764 
NODE 763 8
2dots_tau0
0 -1 3 -14 0
767 768 
LEAF 767 9
65 classes
2 0.0292981
4 0.0190438
7 0.012911
9 0.0160032
15 0.0378353
16 0.0289639
20 0.0369782
21 0.033337
22 0.112495
23 0.0174714
24 0.0542172
28 0.104966
30 0.0086171
32 0.0170034
33 0.0426353
37 0.0616803
39 0.0246788
40 0.0448089
42 0.00871569
48 0.0150544
49 0.127525
51 0.00935813
53 0.0119397
54 0.0418545
56 0.0163466
61 0.0255051
62 0.0161047
63 0.0246522
-1 -1
LEAF 768 9
65 classes
2 0.0749676
5 0.316936
9 0.0818974
18 0.0713977
28 0.153477
42 0.0892063
44 0.0448082
56 0.16731
-1 -1
NODE 764 8
2dots_tau0
0 -10 14 5 2
765 766 
LEAF 765 9
65 classes
15 0.486142
19 0.198131
52 0.206491
61 0.109237
-1 -1
LEAF 766 9
65 classes
30 1
-1 -1
NODE 756 7
2dots_tau0
0 6 6 11 -6
757 758 
NODE 757 8
2dots_tau0
0 -5 -9 -6 15
761 762 
LEAF 761 9
65 classes
4 0.0915518
6 0.0678162
15 0.121261
18 0.536567
35 0.0418045
49 0.0817427
63 0.0592568
-1 -1
LEAF 762 9
65 classes
0 0.109512
18 0.208593
33 0.212485
41 0.130014
49 0.127112
52 0.120139
63 0.0921456
-1 -1
NODE 758 8
2dots_tau0
0 -6 10 -6 15
759 760 
LEAF 759 9
65 classes
0 0.150944
6 0.0726769
9 0.164897
13 0.186883
30 0.0443954
49 0.0438008
52 0.165593
61 0.0438008
63 0.127008
-1 -1
LEAF 760 9
65 classes
0 0.0706292
9 0.154316
13 0.0874457
15 0.121613
21 0.0401829
42 0.126066
44 0.0422151
48 0.0725833
49 0.0819803
50 0.0660561
52 0.0774835
63 0.0594291
-1 -1
NODE 740 6
2dots_tau0
0 3 -12 10 11
741 742 
NODE 741 7
2dots_tau0
0 12 -1 7 7
749 750 
NODE 749 8
2dots_tau0
0 -4 -9 12 10
753 754 
LEAF 753 9
65 classes
24 0.440765
35 0.282774
49 0.276462
-1 -1
LEAF 754 9
65 classes
2 0.373041
9 0.407524
30 0.219436
-1 -1
NODE 750 8
2dots_tau0
0 4 -5 -11 1
751 752 
LEAF 751 9
65 classes
9 0.240609
35 0.130742
40 0.449136
53 0.179514
-1 -1
LEAF 752 9
65 classes
19 0.373363
20 0.298449
24 0.328188
-1 -1
NODE 742 7
2dots_tau0
0 4 14 -1 -7
743 744 
NODE 743 8
2dots_tau0
0 -14 13 14 -2
747 748 
LEAF 747 9
65 classes
7 0.139956
9 0.173475
20 0.133615
49 0.552953
-1 -1
LEAF 748 9
65 classes
1 0.0718172
4 0.0427312
9 0.107726
15 0.0848965
20 0.0276578
24 0.0304137
30 0.135348
35 0.039024
40 0.100544
42 0.0195566
44 0.0392931
49 0.0572293
51 0.0419963
52 0.0360601
53 0.0267907
54 0.0626099
61 0.0763058
-1 -1
NODE 744 8
2dots_tau0
0 9 0 5 0
745 746 
LEAF 745 9
65 classes
3 0.343395
15 0.27176
51 0.20165
61 0.183195
-1 -1
LEAF 746 9
65 classes
15 0.145727
28 0.693065
54 0.161207
-1 -1
NODE 708 5
2dots_tau0
0 11 -11 -9 -7
709 710 
NODE 709 6
2dots_tau0
0 13 13 13 -14
725 726 
NODE 725 7
2dots_tau0
0 -14 4 -4 3
733 734 
NODE 733 8
2dots_tau0
0 9 -3 -7 11
737 738 
LEAF 737 9
65 classes
3 0.0485411
5 0.14148
7 0.0393266
10 0.0355869
14 0.0431276
16 0.0441115
20 0.0750895
22 0.0489508
24 0.0825718
28 0.0913491
51 0.171027
52 0.0489508
55 0.0532171
59 0.0262474
61 0.0258958
62 0.0245271
-1 -1
LEAF 738 9
65 classes
42 0.171859
44 0.345299
45 0.312927
59 0.169915
-1 -1
NODE 734 8
2dots_tau0
0 5 -14 6 -14
735 736 
LEAF 735 9
65 classes
3 0.0516424
5 0.0501729
10 0.0757211
16 0.0469298
21 0.0270077
24 0.0439236
27 0.0491735
33 0.0921085
35 0.0281793
37 0.0999396
41 0.112717
44 0.0567473
49 0.0275503
51 0.181954
55 0.0283086
59 0.0279243
-1 -1
LEAF 736 9
65 classes
24 0.20831
30 0.0662162
33 0.109207
39 0.0632129
42 0.0669738
44 0.0672818
49 0.130659
59 0.0662162
61 0.0653294
62 0.0618765
63 0.094717
-1 -1
NODE 726 7
2dots_tau0
0 13 -10 13 -10
727 728 
NODE 727 8
2dots_tau0
0 0 -4 1 14
731 732 
LEAF 731 9
65 classes
0 0.0592002
5 0.0312847
7 0.0521765
16 0.175575
20 0.0249062
22 0.0324727
28 0.090898
30 0.0522355
32 0.0343573
33 0.0574331
42 0.0176111
44 0.035384
49 0.0858932
51 0.113455
55 0.0353029
59 0.0348237
61 0.0171786
63 0.0498125
-1 -1
LEAF 732 9
65 classes
1 0.0313387
9 0.0626773
14 0.0277271
15 0.0987894
24 0.0796292
30 0.050624
33 0.0834918
40 0.0584988
42 0.136542
51 0.274887
53 0.0233812
63 0.0724136
-1 -1
NODE 728 8
2dots_tau0
0 12 3 -7 -11
729 730 
LEAF 729 9
65 classes
-1 -1
LEAF 730 9
65 classes
-1 -1
NODE 710 6
2dots_tau0
0 -8 -5 -1 1
711 712 
NODE 711 7
2dots_tau0
0 -15 13 2 4
719 720 
NODE 719 8
2dots_tau0
0 0 -13 -15 0
723 724 
LEAF 723 9
65 classes
3 0.630031
51 0.369969
-1 -1
LEAF 724 9
65 classes
7 0.47695
14 0.52305
-1 -1
NODE 720 8
2dots_tau0
0 -8 -15 -5 -4
721 722 
LEAF 721 9
65 classes
1 0.66526
62 0.33474
-1 -1
LEAF 722 9
65 classes
53 1
-1 -1
NODE 712 7
2dots_tau0
0 7 10 -5 -13
713 714 
NODE 713 8
2dots_tau0
0 13 11 -14 8
717 718 
LEAF 717 9
65 classes
11 0.214355
18 0.167244
49 0.101914
59 0.516488
-1 -1
LEAF 718 9
65 classes
14 0.160258
28 0.678887
33 0.160856
-1 -1
NODE 714 8
2dots_tau0
0 -4 13 -2 7
715 716 
LEAF 715 9
65 classes
5 0.367979
51 0.222415
59 0.409606
-1 -1
LEAF 716 9
65 classes
22 0.47203
30 0.253102
51 0.274868
-1 -1
NODE 644 4
2dots_tau0
0 7 -11 15 -2
645 646 
NODE 645 5
2dots_tau0
0 4 -5 -10 -14
677 678 
NODE 677 6
2dots_tau0
0 -1 8 9 12
693 694 
NODE 693 7
2dots_tau0
0 0 4 10 13
701 702 
NODE 701 8
2dots_tau0
0 3 6 2 13
705 706 
LEAF 705 9
65 classes
0 0.0119535
2 0.107581
3 0.0130038
5 0.050535
16 0.106354
19 0.0125826
23 0.0142564
24 0.0221203
27 0.0495283
28 0.0122358
30 0.00703145
37 0.0125826
40 0.0487514
41 0.0141913
48 0.0368526
49 0.0138746
50 0.0111795
53 0.0194853
58 0.345322
59 0.00703145
62 0.0131412
63 0.0704055
-1 -1
LEAF 706 9
65 classes
1 0.025978
2 0.0237798
10 0.0189655
11 0.029027
16 0.16456
19 0.0500628
20 0.0600268
27 0.19706
28 0.0243416
30 0.0139881
35 0.0141159
37 0.0500628
47 0.0490695
48 0.0244378
51 0.0151911
53 0.135672
54 0.0905899
62 0.0130714
-1 -1
NODE 702 8
2dots_tau0
0 15 -5 -15 13
703 704 
LEAF 703 9
65 classes
2 0.260127
9 0.0568345
16 0.102864
19 0.0547636
20 0.0437755
23 0.124097
37 0.219054
47 0.053677
53 0.0848064
-1 -1
LEAF 704 9
65 classes
0 0.0637719
1 0.0464445
18 0.020245
22 0.0233202
27 0.0660585
28 0.0217594
40 0.0433482
42 0.0126474
47 0.0877285
48 0.0873817
49 0.0123368
53 0.207908
58 0.30705
-1 -1
NODE 694 7
2dots_tau0
0 9 3 -12 -13
695 696 
NODE 695 8
2dots_tau0
0 -3 -2 0 -14
699 700 
LEAF 699 9
65 classes
1 0.0648512
2 0.0791517
3 0.0215266
11 0.0483086
19 0.0208294
27 0.0204975
30 0.01164
32 0.0689044
37 0.0416588
40 0.0807037
44 0.0354818
45 0.0643108
47 0.0612484
51 0.0126409
53 0.241921
61 0.126325
-1 -1
LEAF 700 9
65 classes
1 0.0837969
2 0.168754
4 0.10969
9 0.0167594
13 0.00949698
15 0.00660386
18 0.0219161
27 0.0794568
35 0.00910669
37 0.0161487
40 0.0547473
44 0.00916949
47 0.0949698
48 0.0551801
52 0.00841504
53 0.0562674
54 0.0657483
56 0.0941546
61 0.0267102
63 0.0129085
-1 -1
NODE 696 8
2dots_tau0
0 -10 14 -7 -6
697 698 
LEAF 697 9
65 classes
2 0.536632
5 0.0138335
7 0.0115357
14 0.0126507
20 0.0330391
22 0.0143588
24 0.0121104
28 0.0267955
30 0.00769916
35 0.00776947
42 0.0467235
47 0.175553
49 0.00759605
51 0.00836125
53 0.0853424
-1 -1
LEAF 698 9
65 classes
18 0.706452
35 0.293548
-1 -1
NODE 678 6
2dots_tau0
0 -7 -8 -13 11
679 680 
NODE 679 7
2dots_tau0
0 -1 5 1 6
687 688 
NODE 687 8
2dots_tau0
0 -1 -3 2 -13
691 692 
LEAF 691 9
65 classes
1 0.167148
5 0.161713
7 0.134852
14 0.147886
24 0.141571
35 0.090825
40 0.156005
-1 -1
LEAF 692 9
65 classes
24 0.567874
35 0.0455402
51 0.0490088
52 0.168326
53 0.0625285
62 0.0421704
63 0.0645521
-1 -1
NODE 688 8
2dots_tau0
0 4 -1 8 -2
689 690 
LEAF 689 9
65 classes
1 0.284489
5 0.275237
35 0.154585
52 0.285689
-1 -1
LEAF 690 9
65 classes
1 0.36766
7 0.111233
23 0.150521
30 0.0247464
40 0.0857874
41 0.0499447
52 0.0461514
56 0.140831
62 0.0231245
-1 -1
NODE 680 7
2dots_tau0
0 6 -15 -7 4
681 682 
NODE 681 8
2dots_tau0
0 8 -4 2 8
685 686 
LEAF 685 9
65 classes
1 0.126974
4 0.0215855
5 0.0526476
7 0.0146343
14 0.0481462
22 0.109294
23 0.158426
24 0.0307267
40 0.0169298
42 0.0493948
44 0.0297731
51 0.0212143
53 0.202999
56 0.0741134
59 0.0195344
61 0.0096364
63 0.0139712
-1 -1
LEAF 686 9
65 classes
2 0.0376124
3 0.0409172
5 0.457159
7 0.0331499
15 0.0485723
22 0.0206313
23 0.0224294
24 0.208809
28 0.0385009
30 0.0110625
35 0.0111635
48 0.0579796
51 0.0120138
-1 -1
NODE 682 8
2dots_tau0
0 -2 -14 13 5
683 684 
LEAF 683 9
65 classes
5 0.225544
15 0.0918608
19 0.112316
30 0.439352
51 0.0681621
59 0.0627646
-1 -1
LEAF 684 9
65 classes
2 0.0906964
5 0.47929
15 0.078083
22 0.0994982
24 0.0839184
51 0.115878
61 0.0526363
-1 -1
NODE 646 5
2dots_tau0
0 12 -9 7 5
647 648 
NODE 647 6
2dots_tau0
0 -13 9 -1 -6
663 664 
NODE 663 7
2dots_tau0
0 -12 -13 -10 10
671 672 
NODE 671 8
2dots_tau0
0 7 -13 -7 15
675 676 
LEAF 675 9
65 classes
1 0.0464731
4 0.248863
5 0.0224809
7 0.0187468
14 0.0822349
22 0.0466692
24 0.0590423
28 0.0217728
40 0.0216874
44 0.1907
45 0.0230429
48 0.0218589
51 0.0271759
53 0.0346727
55 0.0253683
56 0.0474704
59 0.050048
62 0.011692
-1 -1
LEAF 676 9
65 classes
1 0.0460763
2 0.0421775
7 0.0371734
14 0.285365
22 0.0462707
28 0.0431738
35 0.0250369
44 0.100838
45 0.0913846
51 0.0269439
52 0.138812
53 0.0687533
59 0.0248103
62 0.0231843
-1 -1
NODE 672 8
2dots_tau0
0 14 3 -6 -6
673 674 
LEAF 673 9
65 classes
1 0.144181
2 0.00527924
7 0.0139587
9 0.0461379
14 0.153078
16 0.00521902
19 0.0333426
21 0.00300351
22 0.104248
23 0.0251854
30 0.0124218
35 0.0031338
40 0.0269138
42 0.0439736
44 0.0567974
45 0.0972261
47 0.00544684
48 0.0271266
51 0.0168624
52 0.040541
53 0.0387255
56 0.023564
59 0.0558979
61 0.00612769
62 0.0116076
-1 -1
LEAF 674 9
65 classes
3 0.089785
30 0.0485489
42 0.589252
47 0.0851532
51 0.0527238
53 0.134537
-1 -1
NODE 664 7
2dots_tau0
0 8 10 7 7
665 666 
NODE 665 8
2dots_tau0
0 12 3 -7 -5
669 670 
LEAF 669 9
65 classes
1 0.0425714
2 0.0194846
4 0.07599
7 0.0515186
14 0.0376654
16 0.0385247
19 0.0205101
22 0.0213755
30 0.0229231
35 0.0925297
37 0.0410202
39 0.0109417
40 0.0397333
42 0.0231853
44 0.0698758
45 0.0422167
47 0.0201032
48 0.0200237
51 0.0248943
52 0.0855021
55 0.0116193
59 0.0114615
61 0.0565402
62 0.0214207
63 0.0983689
-1 -1
LEAF 670 9
65 classes
3 0.114644
15 0.362912
42 0.1254
47 0.217459
56 0.117596
59 0.0619906
-1 -1
NODE 666 8
2dots_tau0
0 10 10 8 -15
667 668 
LEAF 667 9
65 classes
9 0.143659
16 0.780021
32 0.0763191
-1 -1
LEAF 668 9
65 classes
2 0.0759299
14 0.0733895
15 0.0653701
16 0.0750637
23 0.0905585
30 0.0446646
35 0.135218
42 0.0451757
47 0.0783403
49 0.0440664
52 0.166597
62 0.0417373
63 0.0638892
-1 -1
NODE 648 6
2dots_tau0
0 -11 -6 3 11
649 650 
NODE 649 7
2dots_tau0
0 5 -1 13 -11
657 658 
NODE 657 8
2dots_tau0
0 -15 -2 0 12
661 662 
LEAF 661 9
65 classes
0 0.0391308
2 0.0391308
6 0.0376815
7 0.0689764
15 0.370577
19 0.0411904
22 0.128785
28 0.0801104
47 0.161492
63 0.0329256
-1 -1
LEAF 662 9
65 classes
28 0.896072
35 0.103928
-1 -1
NODE 658 8
2dots_tau0
0 11 -11 -2 6
659 660 
LEAF 659 9
65 classes
2 0.114235
14 0.331238
19 0.120247
22 0.125321
35 0.0678105
45 0.123754
48 0.117395
-1 -1
LEAF 660 9
65 classes
1 0.170731
14 0.151056
35 0.185544
48 0.321218
52 0.171452
-1 -1
NODE 650 7
2dots_tau0
0 6 11 4 -6
651 652 
NODE 651 8
2dots_tau0
0 -7 -14 9 -9
655 656 
LEAF 655 9
65 classes
4 0.147287
7 0.0499279
12 0.0669487
18 0.107903
19 0.0596305
20 0.0476658
24 0.104831
27 0.0586802
37 0.0596305
45 0.0613697
51 0.0361885
59 0.199937
-1 -1
LEAF 656 9
65 classes
0 0.00674297
1 0.0515639
2 0.00674297
4 0.0438293
9 0.0147325
10 0.279647
11 0.00823085
17 0.00661574
18 0.0128437
23 0.0160841
24 0.0561514
33 0.00654168
40 0.0343759
42 0.00401183
44 0.0483633
45 0.0365244
48 0.00692953
49 0.01174
52 0.177536
54 0.0899062
56 0.0376217
59 0.0317316
61 0.00782666
62 0.00370649
-1 -1
NODE 652 8
2dots_tau0
0 13 -5 -7 14
653 654 
LEAF 653 9
65 classes
5 0.069656
9 0.0719973
24 0.06098
35 0.0391218
40 0.134395
48 0.135457
49 0.0382486
54 0.376601
56 0.0735423
-1 -1
LEAF 654 9
65 classes
2 0.0620235
15 0.0533977
27 0.0642474
37 0.0652879
40 0.0632396
53 0.101104
54 0.5907
-1 -1
NODE 516 3
2dots_tau0
0 8 0 13 11
517 518 
NODE 517 4
2dots_tau0
0 1 1 9 -9
581 582 
NODE 581 5
2dots_tau0
0 2 5 -4 5
613 614 
NODE 613 6
2dots_tau0
0 -2 14 0 8
629 630 
NODE 629 7
2dots_tau0
0 -2 -3 -6 -5
637 638 
NODE 637 8
2dots_tau0
0 0 -12 -11 15
641 642 
LEAF 641 9
65 classes
0 0.0393695
2 0.0393695
9 0.0430087
11 0.0480567
12 0.0465276
16 0.116761
27 0.0815624
32 0.0685452
35 0.0467401
37 0.207208
39 0.0221082
47 0.0406194
49 0.0228484
56 0.0878633
59 0.0231586
63 0.0662529
-1 -1
LEAF 642 9
65 classes
2 0.0518274
11 0.0632635
13 0.0641673
16 0.0512362
27 0.0536858
28 0.159155
32 0.270706
37 0.0545552
42 0.0308355
49 0.0902353
54 0.0493595
59 0.0609735
-1 -1
NODE 638 8
2dots_tau0
0 -11 3 -5 13
639 640 
LEAF 639 9
65 classes
15 0.0349286
22 0.0445081
47 0.251153
48 0.0833868
58 0.586024
-1 -1
LEAF 640 9
65 classes
12 0.154286
15 0.337182
35 0.116243
45 0.0707146
48 0.134162
49 0.151531
62 0.0358805
-1 -1
NODE 630 7
2dots_tau0
0 0 -8 9 -11
631 632 
NODE 631 8
2dots_tau0
0 3 6 4 0
635 636 
LEAF 635 9
65 classes
0 0.11111
6 0.0356649
12 0.175082
15 0.0318858
18 0.035273
32 0.0214945
33 0.107793
37 0.116958
40 0.0377628
47 0.0382124
49 0.0214945
54 0.246911
62 0.0203584
-1 -1
LEAF 636 9
65 classes
0 0.0892296
2 0.0892296
6 0.0429624
12 0.0527266
13 0.0552373
16 0.220529
32 0.051785
35 0.0264837
41 0.158902
49 0.129463
50 0.0834521
-1 -1
NODE 632 8
2dots_tau0
0 -2 2 -7 -14
633 634 
LEAF 633 9
65 classes
2 0.0501633
9 0.109601
15 0.043187
16 0.0991823
19 0.0528035
21 0.0285393
32 0.087338
35 0.0595546
37 0.0528035
47 0.155267
49 0.0291127
50 0.0469153
54 0.143324
63 0.0422086
-1 -1
LEAF 634 9
65 classes
21 0.364942
48 0.329602
54 0.305455
-1 -1
NODE 614 6
2dots_tau0
0 10 -5 -9 6
615 616 
NODE 615 7
2dots_tau0
0 4 -9 -3 -10
623 624 
NODE 623 8
2dots_tau0
0 9 6 -8 3
627 628 
LEAF 627 9
65 classes
2 0.14038
5 0.148369
18 0.267391
32 0.0814706
35 0.0833306
37 0.147768
50 0.131291
-1 -1
LEAF 628 9
65 classes
32 0.36
47 0.64
-1 -1
NODE 624 8
2dots_tau0
0 5 8 -3 3
625 626 
LEAF 625 9
65 classes
0 0.124559
3 0.135504
15 0.107236
35 0.147878
40 0.127001
49 0.0722887
56 0.138993
59 0.14654
-1 -1
LEAF 626 9
65 classes
0 0.243031
5 0.128431
27 0.125873
35 0.360663
49 0.0705224
59 0.0714798
-1 -1
NODE 616 7
2dots_tau0
0 -8 0 -11 2
617 618 
NODE 617 8
2dots_tau0
0 8 -7 -7 10
621 622 
LEAF 621 9
65 classes
35 0.268165
47 0.466097
59 0.265738
-1 -1
LEAF 622 9
65 classes
0 0.16817
3 0.457366
12 0.0993731
19 0.0885104
35 0.0998268
47 0.0867543
-1 -1
NODE 618 8
2dots_tau0
0 -4 -15 15 1
619 620 
LEAF 619 9
65 classes
1 0.554298
18 0.161078
20 0.142312
63 0.142312
-1 -1
LEAF 620 9
65 classes
15 0.217617
47 0.782383
-1 -1
NODE 582 5
2dots_tau0
0 -6 -11 -15 13
583 584 
NODE 583 6
2dots_tau0
0 -15 -1 -3 12
599 600 
NODE 599 7
2dots_tau0
0 -8 3 8 10
607 608 
NODE 607 8
2dots_tau0
0 8 5 12 14
611 612 
LEAF 611 9
65 classes
0 0.230535
9 0.251845
19 0.242669
23 0.27495
-1 -1
LEAF 612 9
65 classes
23 0.563126
24 0.436874
-1 -1
NODE 608 8
2dots_tau0
0 15 -11 -8 8
609 610 
LEAF 609 9
65 classes
13 0.476573
21 0.0597256
39 0.0196505
40 0.0356792
48 0.215768
52 0.153556
56 0.0390481
-1 -1
LEAF 610 9
65 classes
48 0.171187
52 0.365487
56 0.371761
62 0.0915649
-1 -1
NODE 600 7
2dots_tau0
0 14 -1 -11 -5
601 602 
NODE 601 8
2dots_tau0
0 2 -14 -8 11
605 606 
LEAF 605 9
65 classes
0 0.130946
4 0.0100135
6 0.0296696
12 0.136548
13 0.247953
16 0.0152296
21 0.0788808
27 0.0159577
30 0.018124
33 0.0747275
35 0.050296
39 0.0346038
40 0.0157074
45 0.00834457
50 0.0216118
52 0.0084502
56 0.0515716
59 0.00453099
62 0.0338723
63 0.0129624
-1 -1
LEAF 606 9
65 classes
0 0.19655
5 0.0779008
9 0.134199
12 0.0871072
16 0.0485769
19 0.0258618
35 0.0729208
40 0.0751513
41 0.0291683
45 0.13308
50 0.0229779
56 0.0822472
61 0.0142586
-1 -1
NODE 602 8
2dots_tau0
0 -15 -12 -1 -11
603 604 
LEAF 603 9
65 classes
0 0.144836
3 0.157562
5 0.229618
35 0.0429879
40 0.073838
42 0.0430863
48 0.148843
62 0.159228
-1 -1
LEAF 604 9
65 classes
0 0.299411
1 0.0436118
3 0.0217146
5 0.0421935
13 0.0494266
19 0.063034
33 0.0387298
35 0.213279
40 0.0610565
48 0.0410261
62 0.109721
63 0.0167955
-1 -1
NODE 584 6
2dots_tau0
0 -11 0 -1 -12
585 586 
NODE 585 7
2dots_tau0
0 -11 4 11 5
593 594 
NODE 593 8
2dots_tau0
0 10 2 -2 -7
597 598 
LEAF 597 9
65 classes
0 0.333003
2 0.0555006
9 0.121262
19 0.116843
42 0.0330209
47 0.114525
50 0.103814
62 0.122031
-1 -1
LEAF 598 9
65 classes
19 0.258639
42 0.292374
51 0.313925
62 0.135061
-1 -1
NODE 594 8
2dots_tau0
0 2 9 -14 6
595 596 
LEAF 595 9
65 classes
1 0.0309398
2 0.169931
3 0.0308104
4 0.0368184
9 0.0309398
16 0.0279988
27 0.0293374
30 0.0666396
32 0.0986207
37 0.0298125
40 0.0288772
44 0.067712
45 0.184092
50 0.0264881
52 0.0310704
56 0.0632076
62 0.0467041
-1 -1
LEAF 596 9
65 classes
5 0.141012
9 0.218628
19 0.140441
44 0.239235
45 0.144538
61 0.116146
-1 -1
NODE 586 7
2dots_tau0
0 -15 4 2 5
587 588 
NODE 587 8
2dots_tau0
0 -10 3 -10 15
591 592 
LEAF 591 9
65 classes
0 0.279745
20 0.235384
42 0.166439
49 0.162352
56 0.156081
-1 -1
LEAF 592 9
65 classes
1 0.128394
19 0.0412385
20 0.164821
23 0.0467244
40 0.0399448
42 0.349631
47 0.0404203
48 0.0402606
49 0.0227364
50 0.03664
56 0.0437164
61 0.0454729
-1 -1
NODE 588 8
2dots_tau0
0 -2 11 11 7
589 590 
LEAF 589 9
65 classes
0 0.096328
2 0.0642187
3 0.0349307
7 0.0141499
13 0.0795088
16 0.0476146
23 0.0765911
33 0.109028
35 0.0190603
40 0.0163695
45 0.0173926
48 0.0164989
50 0.390394
56 0.0179151
-1 -1
LEAF 590 9
65 classes
1 0.0609753
2 0.0837238
3 0.0303601
9 0.0609753
13 0.0691053
27 0.0289086
30 0.0492493
32 0.0971794
33 0.0270749
39 0.0156718
40 0.0284551
44 0.083403
45 0.0302336
48 0.0286801
50 0.104404
52 0.0306163
56 0.0934257
61 0.0161966
62 0.061362
-1 -1
NODE 518 4
2dots_tau0
0 -11 0 -6 -15
519 520 
NODE 519 5
2dots_tau0
0 -9 7 13 0
551 552 
NODE 551 6
2dots_tau0
0 -3 -15 -4 0
567 568 
NODE 567 7
2dots_tau0
0 -5 -12 3 -12
575 576 
NODE 575 8
2dots_tau0
0 -14 -13 -14 -10
579 580 
LEAF 579 9
65 classes
1 0.186151
3 0.185372
40 0.347481
62 0.280997
-1 -1
LEAF 580 9
65 classes
-1 -1
NODE 576 8
2dots_tau0
0 -7 -12 -1 -1
577 578 
LEAF 577 9
65 classes
42 0.51978
62 0.48022
-1 -1
LEAF 578 9
65 classes
10 0.136339
19 0.0899726
20 0.0719198
23 0.101941
42 0.0508541
47 0.176375
54 0.325615
62 0.0469836
-1 -1
NODE 568 7
2dots_tau0
0 0 -9 14 2
569 570 
NODE 569 8
2dots_tau0
0 0 -11 7 12
573 574 
LEAF 573 9
65 classes
0 0.0714826
2 0.0714826
19 0.0752448
35 0.0424326
41 0.0848652
47 0.368759
59 0.126146
62 0.0392928
63 0.120294
-1 -1
LEAF 574 9
65 classes
11 0.197288
18 0.153928
19 0.170131
23 0.192763
51 0.103249
61 0.0937998
62 0.0888421
-1 -1
NODE 570 8
2dots_tau0
0 -1 3 9 1
571 572 
LEAF 571 9
65 classes
18 0.136622
22 0.157375
23 0.171091
40 0.146266
49 0.0832542
54 0.136622
59 0.168769
-1 -1
LEAF 572 9
65 classes
12 0.0865428
22 0.0803351
23 0.174674
45 0.396655
47 0.0755533
48 0.0752546
50 0.0684871
61 0.0424987
-1 -1
NODE 552 6
2dots_tau0
0 6 -2 -10 15
553 554 
NODE 553 7
2dots_tau0
0 -14 -1 0 -6
561 562 
NODE 561 8
2dots_tau0
0 -14 -1 0 5
565 566 
LEAF 565 9
65 classes
22 0.250319
47 0.235419
56 0.254616
59 0.134221
62 0.125424
-1 -1
LEAF 566 9
65 classes
4 0.382134
30 0.461097
40 0.0999043
49 0.0568652
-1 -1
NODE 562 8
2dots_tau0
0 -12 -15 12 -12
563 564 
LEAF 563 9
65 classes
4 0.233166
12 0.105985
18 0.256226
39 0.251799
56 0.100071
59 0.0527525
-1 -1
LEAF 564 9
65 classes
2 0.0606279
10 0.0161179
16 0.0399576
23 0.0964114
27 0.0209339
30 0.0832148
32 0.0234572
33 0.0392121
37 0.0425459
39 0.261019
45 0.0437868
52 0.0886822
56 0.0902046
61 0.0938289
-1 -1
NODE 554 7
2dots_tau0
0 -5 -13 9 -3
555 556 
NODE 555 8
2dots_tau0
0 11 0 9 2
559 560 
LEAF 559 9
65 classes
23 0.603276
30 0.0991811
59 0.297543
-1 -1
LEAF 560 9
65 classes
19 0.164178
23 0.744075
59 0.0917468
-1 -1
NODE 556 8
2dots_tau0
0 14 7 -4 15
557 558 
LEAF 557 9
65 classes
1 0.0607227
3 0.0201562
7 0.0163299
9 0.0202409
10 0.0147771
21 0.0421648
23 0.0662936
30 0.108989
39 0.0416184
40 0.037783
44 0.121818
45 0.100361
51 0.0236724
52 0.16261
59 0.0871916
61 0.0752708
-1 -1
LEAF 558 9
65 classes
1 0.059847
3 0.0595965
14 0.0529501
23 0.392025
33 0.106295
45 0.237393
52 0.0600995
61 0.0317937
-1 -1
NODE 520 5
2dots_tau0
0 -13 -9 13 6
521 522 
NODE 521 6
2dots_tau0
0 15 -9 14 3
537 538 
NODE 537 7
2dots_tau0
0 -6 -8 -3 -14
545 546 
NODE 545 8
2dots_tau0
0 13 -12 -3 -9
549 550 
LEAF 549 9
65 classes
4 0.270835
14 0.201364
20 0.175297
42 0.123952
52 0.228552
-1 -1
LEAF 550 9
65 classes
3 0.275946
20 0.106717
51 0.162042
62 0.348578
63 0.106717
-1 -1
NODE 546 8
2dots_tau0
0 0 6 7 -2
547 548 
LEAF 547 9
65 classes
3 0.38178
15 0.100713
18 0.111411
30 0.0688126
39 0.0656915
51 0.0747302
63 0.196862
-1 -1
LEAF 548 9
65 classes
30 0.163124
42 0.164991
47 0.286115
62 0.152433
63 0.233336
-1 -1
NODE 538 7
2dots_tau0
0 -6 -15 2 12
539 540 
NODE 539 8
2dots_tau0
0 -8 10 -12 -12
543 544 
LEAF 543 9
65 classes
19 0.389621
62 0.610379
-1 -1
LEAF 544 9
65 classes
3 0.53383
21 0.02538
23 0.0532049
28 0.0456641
42 0.0265416
45 0.0483278
47 0.0460265
53 0.0363595
62 0.147129
63 0.0375362
-1 -1
NODE 540 8
2dots_tau0
0 14 -14 3 -10
541 542 
LEAF 541 9
65 classes
3 0.660993
56 0.339007
-1 -1
LEAF 542 9
65 classes
1 0.127079
3 0.379642
19 0.244897
27 0.120497
62 0.127885
-1 -1
NODE 522 6
2dots_tau0
0 5 3 2 -9
523 524 
NODE 523 7
2dots_tau0
0 -11 -15 7 -13
531 532 
NODE 531 8
2dots_tau0
0 -6 11 -5 -1
535 536 
LEAF 535 9
65 classes
1 0.0492518
3 0.294274
4 0.0586097
12 0.0532815
15 0.0388143
23 0.0537703
35 0.0267624
40 0.0459684
47 0.0465156
52 0.0989192
55 0.0268852
59 0.132601
62 0.0743463
-1 -1
LEAF 536 9
65 classes
3 0.424087
18 0.0928177
20 0.082004
41 0.231408
49 0.169682
-1 -1
NODE 532 8
2dots_tau0
0 7 0 1 -13
533 534 
LEAF 533 9
65 classes
3 0.00998142
11 0.0111998
18 0.00873832
21 0.0156601
22 0.030197
23 0.120372
24 0.00848954
30 0.0485748
35 0.0217859
39 0.293687
45 0.0198797
49 0.0212996
50 0.0257435
51 0.00586133
54 0.244673
56 0.0819077
61 0.0319495
-1 -1
LEAF 534 9
65 classes
2 0.0233484
3 0.152399
4 0.0303529
18 0.0444731
19 0.0245772
21 0.0398506
23 0.111387
30 0.0274687
33 0.113257
35 0.0277195
39 0.0393342
45 0.0252941
48 0.0239944
54 0.289075
59 0.0274687
-1 -1
NODE 524 7
2dots_tau0
0 7 5 -12 -2
525 526 
NODE 525 8
2dots_tau0
0 -4 0 15 -4
529 530 
LEAF 529 9
65 classes
2 0.0250025
3 0.271994
16 0.0494347
18 0.166683
19 0.0789553
27 0.0517981
32 0.0290208
33 0.0242562
35 0.044525
40 0.0254928
45 0.0541721
62 0.178665
-1 -1
LEAF 530 9
65 classes
2 0.0819831
3 0.0891866
4 0.053289
10 0.0108975
12 0.0161482
14 0.0264134
16 0.027016
21 0.139927
27 0.0424613
33 0.0530239
35 0.00811096
37 0.014383
39 0.046038
40 0.0278635
44 0.0081669
47 0.0281952
50 0.0766748
51 0.06983
52 0.0599595
54 0.0130132
56 0.0609888
59 0.00803756
61 0.0158598
62 0.0225323
-1 -1
NODE 526 8
2dots_tau0
0 6 9 14 13
527 528 
LEAF 527 9
65 classes
3 0.267632
20 0.207004
40 0.25084
56 0.274524
-1 -1
LEAF 528 9
65 classes
23 0.218305
42 0.217805
52 0.200804
53 0.149186
59 0.107671
61 0.106229
-1 -1
NODE 2 1
2dots_tau0
0 9 0 0 -12
3 4 
NODE 3 2
2dots_tau0
0 4 -10 5 -12
259 260 
NODE 259 3
2dots_tau0
0 -10 -8 3 -13
387 388 
NODE 387 4
2dots_tau0
0 9 8 -11 8
451 452 
NODE 451 5
2dots_tau0
0 -3 0 3 -3
483 484 
NODE 483 6
2dots_tau0
0 8 13 15 -7
499 500 
NODE 499 7
2dots_tau0
0 -4 12 -6 -9
507 508 
NODE 507 8
2dots_tau0
0 0 7 -4 12
511 512 
LEAF 511 9
65 classes
0 0.330027
18 0.104771
20 0.0925643
49 0.0638446
51 0.281104
61 0.127689
-1 -1
LEAF 512 9
65 classes
9 0.0483323
10 0.141142
14 0.0427624
21 0.0251709
22 0.0485362
24 0.0409362
35 0.0262627
39 0.0248447
40 0.0902203
41 0.105051
44 0.0528877
45 0.095859
51 0.0282631
61 0.205412
62 0.0243194
-1 -1
NODE 508 8
2dots_tau0
0 0 -4 15 -8
509 510 
LEAF 509 9
65 classes
6 0.0832151
20 0.0727122
24 0.0799576
35 0.153891
44 0.0516507
45 0.093617
59 0.101665
61 0.050152
62 0.0950024
63 0.218137
-1 -1
LEAF 510 9
65 classes
0 0.236757
3 0.0858534
7 0.139112
14 0.0762787
35 0.0468469
51 0.0504151
56 0.0880642
59 0.139269
61 0.137404
-1 -1
NODE 500 7
2dots_tau0
0 -8 15 1 9
501 502 
NODE 501 8
2dots_tau0
0 0 12 12 14
505 506 
LEAF 505 9
65 classes
14 0.511344
42 0.157382
51 0.253473
59 0.0778007
-1 -1
LEAF 506 9
65 classes
2 0.0187897
7 0.215286
14 0.526672
22 0.0206132
30 0.0110528
35 0.0111537
42 0.0111793
45 0.0203556
51 0.132036
59 0.0110528
61 0.0218095
-1 -1
NODE 502 8
2dots_tau0
0 -4 -15 4 -11
503 504 
LEAF 503 9
65 classes
7 0.127442
12 0.0569625
14 0.139759
15 0.0829918
20 0.0405559
41 0.114445
42 0.0860304
44 0.0576173
49 0.0279727
51 0.153953
59 0.0283524
61 0.083918
-1 -1
LEAF 504 9
65 classes
12 0.0829497
19 0.147765
20 0.059058
28 0.0718462
30 0.123862
33 0.136186
35 0.0833285
51 0.0896753
59 0.123862
61 0.0814685
-1 -1
NODE 484 6
2dots_tau0
0 -12 -8 -13 -9
485 486 
NODE 485 7
2dots_tau0
0 0 -14 1 -13
493 494 
NODE 493 8
2dots_tau0
0 4 -14 6 -6
497 498 
LEAF 497 9
65 classes
7 0.0642477
15 0.125517
20 0.122674
44 0.261422
47 0.150421
51 0.232839
59 0.0428802
-1 -1
LEAF 498 9
65 classes
0 0.064035
2 0.021345
5 0.0676793
6 0.0205545
7 0.0752502
10 0.0340473
14 0.0618926
15 0.0551295
16 0.126609
19 0.0674053
22 0.0936659
28 0.0873969
35 0.0380117
40 0.0217635
41 0.0253411
44 0.0637897
49 0.0371632
51 0.0136356
55 0.0127287
59 0.0125559
-1 -1
NODE 494 8
2dots_tau0
0 3 -5 -4 14
495 496 
LEAF 495 9
65 classes
0 0.0385771
6 0.111445
9 0.0421431
12 0.0455911
15 0.0996362
16 0.0762741
17 0.0378492
20 0.227218
35 0.0228997
37 0.0406075
42 0.0229521
44 0.0461152
45 0.0417919
49 0.0223885
50 0.0360793
56 0.0430474
59 0.0453848
-1 -1
LEAF 496 9
65 classes
7 0.130472
42 0.176152
44 0.265443
45 0.160372
51 0.0945681
59 0.0870797
61 0.0859134
-1 -1
NODE 486 7
2dots_tau0
0 -8 13 5 13
487 488 
NODE 487 8
2dots_tau0
0 3 1 -2 4
491 492 
LEAF 491 9
65 classes
7 0.195333
14 0.0357022
15 0.413413
16 0.10955
20 0.0310806
22 0.0405228
42 0.0659306
44 0.0441558
61 0.0643118
-1 -1
LEAF 492 9
65 classes
14 0.360833
15 0.482106
63 0.157061
-1 -1
NODE 488 8
2dots_tau0
0 1 -14 3 -11
489 490 
LEAF 489 9
65 classes
4 0.109281
6 0.242846
15 0.0723712
24 0.155559
28 0.0860476
44 0.100488
48 0.0863878
49 0.0975719
59 0.0494482
-1 -1
LEAF 490 9
65 classes
5 0.0362352
6 0.0330143
9 0.0374532
11 0.0418491
15 0.0295161
16 0.169465
19 0.0360885
20 0.0865423
22 0.0376112
23 0.0408893
28 0.105282
44 0.184425
49 0.019897
55 0.0613339
59 0.0605013
61 0.019897
-1 -1
NODE 452 5
2dots_tau0
0 10 -14 9 -3
453 454 
NODE 453 6
2dots_tau0
0 8 -13 15 9
469 470 
NODE 469 7
2dots_tau0
0 -11 -2 -2 -4
477 478 
NODE 477 8
2dots_tau0
0 9 12 -14 9
481 482 
LEAF 481 9
65 classes
42 1
-1 -1
LEAF 482 9
65 classes
0 0.0214852
14 0.186897
15 0.0184972
24 0.0198795
42 0.115047
53 0.0175114
58 0.620683
-1 -1
NODE 478 8
2dots_tau0
0 -4 -10 -15 10
479 480 
LEAF 479 9
65 classes
0 0.342906
1 0.124868
20 0.0961764
35 0.0678505
42 0.272023
63 0.0961764
-1 -1
LEAF 480 9
65 classes
0 0.130125
14 0.125771
20 0.328471
51 0.415633
-1 -1
NODE 470 7
2dots_tau0
0 4 -5 13 -3
471 472 
NODE 471 8
2dots_tau0
0 8 10 15 1
475 476 
LEAF 475 9
65 classes
39 0.183141
51 0.625018
59 0.191842
-1 -1
LEAF 476 9
65 classes
12 0.325039
51 0.351393
59 0.323568
-1 -1
NODE 472 8
2dots_tau0
0 -14 11 -11 -13
473 474 
LEAF 473 9
65 classes
1 0.0553352
14 0.636457
51 0.129433
59 0.178775
-1 -1
LEAF 474 9
65 classes
2 0.143378
7 0.126367
14 0.554323
51 0.0915927
59 0.0843399
-1 -1
NODE 454 6
2dots_tau0
0 -10 12 -3 1
455 456 
NODE 455 7
2dots_tau0
0 -13 13 -11 -2
463 464 
NODE 463 8
2dots_tau0
0 9 -11 -4 2
467 468 
LEAF 467 9
65 classes
2 0.0348584
7 0.092168
14 0.235845
15 0.0900316
19 0.183465
22 0.191206
42 0.0207395
47 0.035965
51 0.0668048
53 0.0284112
59 0.0205049
-1 -1
LEAF 468 9
65 classes
6 0.0442885
7 0.0810704
9 0.0502432
14 0.133359
16 0.0454672
19 0.145237
20 0.0386987
22 0.0504552
39 0.180789
51 0.176283
59 0.0541081
-1 -1
NODE 464 8
2dots_tau0
0 -5 -13 -11 -11
465 466 
LEAF 465 9
65 classes
0 0.232354
5 0.122789
9 0.126916
19 0.244583
59 0.273358
-1 -1
LEAF 466 9
65 classes
0 0.178887
7 0.0900931
9 0.0279175
12 0.0302016
14 0.148201
15 0.330018
19 0.0269003
22 0.0841059
28 0.0523178
51 0.0163252
59 0.0150325
-1 -1
NODE 456 7
2dots_tau0
0 7 1 -5 13
457 458 
NODE 457 8
2dots_tau0
0 -7 -1 -7 8
461 462 
LEAF 461 9
65 classes
0 0.172932
12 0.136249
22 0.0632381
28 0.0590057
42 0.240073
51 0.294593
59 0.0339082
-1 -1
LEAF 462 9
65 classes
15 0.0801582
22 0.714998
28 0.0953063
59 0.109538
-1 -1
NODE 458 8
2dots_tau0
0 4 14 0 -11
459 460 
LEAF 459 9
65 classes
2 0.361004
12 0.426641
59 0.212355
-1 -1
LEAF 460 9
65 classes
10 0.40293
12 0.59707
-1 -1
NODE 388 4
2dots_tau0
0 9 1 11 14
389 390 
NODE 389 5
2dots_tau0
0 0 -8 11 -2
421 422 
NODE 421 6
2dots_tau0
0 2 -12 3 2
437 438 
NODE 437 7
2dots_tau0
0 0 0 4 3
445 446 
NODE 445 8
2dots_tau0
0 3 -10 -13 -15
449 450 
LEAF 449 9
65 classes
17 0.0444589
27 0.0469387
28 0.0463843
32 0.262983
33 0.0439613
35 0.0537973
37 0.238494
49 0.262983
-1 -1
LEAF 450 9
65 classes
17 0.22494
48 0.23561
59 0.53945
-1 -1
NODE 446 8
2dots_tau0
0 11 8 -6 -5
447 448 
LEAF 447 9
65 classes
0 0.172268
6 0.041472
12 0.20359
13 0.0533211
18 0.0410162
33 0.0835629
41 0.0511298
49 0.099977
63 0.253663
-1 -1
LEAF 448 9
65 classes
0 0.0417744
12 0.0987394
13 0.103441
33 0.0405274
41 0.19838
48 0.0429302
49 0.0484881
50 0.0390695
63 0.386649
-1 -1
NODE 438 7
2dots_tau0
0 14 -12 9 5
439 440 
NODE 439 8
2dots_tau0
0 -7 11 3 -4
443 444 
LEAF 443 9
65 classes
0 0.134103
15 0.461811
41 0.318418
51 0.0856677
-1 -1
LEAF 444 9
65 classes
0 0.0815847
6 0.0785631
12 0.0482092
15 0.0702385
32 0.213067
33 0.0395747
49 0.213067
53 0.0997431
55 0.121629
63 0.0343237
-1 -1
NODE 440 8
2dots_tau0
0 -8 3 -2 -1
441 442 
LEAF 441 9
65 classes
0 0.271235
12 0.137379
17 0.0380168
24 0.0358521
35 0.046002
41 0.23001
49 0.0674628
50 0.036239
53 0.0315813
54 0.0369027
55 0.0693196
-1 -1
LEAF 442 9
65 classes
6 0.182934
12 0.0449019
17 0.0372771
18 0.054277
20 0.0159845
22 0.0208406
24 0.0175773
32 0.0220501
35 0.0676604
47 0.0196
49 0.0551251
54 0.0180923
55 0.203912
63 0.239768
-1 -1
NODE 422 6
2dots_tau0
0 -10 15 6 10
423 424 
NODE 423 7
2dots_tau0
0 -8 3 5 3
431 432 
NODE 431 8
2dots_tau0
0 0 10 -13 -1
435 436 
LEAF 435 9
65 classes
0 0.177544
5 0.0938239
12 0.104912
15 0.0764261
16 0.0877593
27 0.0919549
35 0.105391
41 0.105391
44 0.0530591
49 0.0515194
59 0.0522188
-1 -1
LEAF 436 9
65 classes
0 0.0784178
10 0.0312709
12 0.0463378
14 0.0757941
17 0.0384691
19 0.288908
20 0.0329913
22 0.043014
28 0.0401351
35 0.0232747
42 0.163296
49 0.0682655
55 0.0467629
59 0.023064
-1 -1
NODE 432 8
2dots_tau0
0 15 -4 8 -10
433 434 
LEAF 433 9
65 classes
9 0.128889
12 0.0126758
15 0.0184681
16 0.0530167
17 0.0841866
22 0.0117666
42 0.319071
45 0.0116195
48 0.0110225
49 0.0995957
50 0.0401249
51 0.00685179
53 0.104903
55 0.0639606
59 0.0189277
62 0.00589573
63 0.00902486
-1 -1
LEAF 434 9
65 classes
2 0.0167027
12 0.0394791
13 0.0620386
15 0.0143798
20 0.0281081
27 0.0173016
33 0.0324082
35 0.0297445
40 0.0510906
45 0.0180946
47 0.103398
49 0.203564
50 0.0156212
53 0.163362
55 0.129484
59 0.00982512
62 0.00918119
63 0.0562162
-1 -1
NODE 424 7
2dots_tau0
0 -4 -6 0 11
425 426 
NODE 425 8
2dots_tau0
0 -11 0 -3 0
429 430 
LEAF 429 9
65 classes
0 0.0607593
1 0.0221252
4 0.026329
6 0.019503
11 0.0247221
17 0.41729
19 0.021319
23 0.0483101
27 0.0209793
41 0.120224
42 0.0120499
48 0.0416269
49 0.0470161
52 0.0222186
53 0.0165072
54 0.0192887
55 0.0120775
59 0.0476543
-1 -1
LEAF 430 9
65 classes
0 0.0142763
6 0.316195
10 0.00569302
11 0.0609928
13 0.035351
17 0.119059
18 0.0611843
19 0.00751387
21 0.0203055
23 0.0170268
27 0.0295765
28 0.00730679
32 0.0289988
35 0.0805082
41 0.0254236
42 0.0382227
48 0.0146713
49 0.0207135
55 0.0383104
59 0.00419893
61 0.0124281
63 0.0420436
-1 -1
NODE 426 8
2dots_tau0
0 -14 -7 3 1
427 428 
LEAF 427 9
65 classes
9 0.114882
17 0.206354
23 0.188132
30 0.0309297
44 0.0628548
48 0.0540353
51 0.0335895
53 0.0428555
56 0.17602
59 0.0309297
61 0.0305154
62 0.0289026
-1 -1
LEAF 428 9
65 classes
0 0.0056511
2 0.0056511
4 0.0220393
6 0.114278
9 0.0926021
11 0.0275922
12 0.0333929
13 0.0069966
16 0.00558664
17 0.00554448
18 0.016146
21 0.045011
22 0.0371971
24 0.00522878
28 0.0347076
30 0.00997254
32 0.0196779
33 0.0274121
35 0.0167727
37 0.00594853
39 0.00952022
40 0.0115238
44 0.010133
45 0.0612203
48 0.0116149
49 0.0229576
50 0.169127
52 0.00619952
53 0.0138177
54 0.048438
55 0.0471789
56 0.0126119
59 0.00664836
61 0.00655932
62 0.0155316
63 0.00950995
-1 -1
NODE 390 5
2dots_tau0
0 14 5 -3 6
391 392 
NODE 391 6
2dots_tau0
0 -1 -7 -3 9
407 408 
NODE 407 7
2dots_tau0
0 5 11 0 4
415 416 
NODE 415 8
2dots_tau0
0 4 6 11 1
419 420 
LEAF 419 9
65 classes
2 0.0926394
6 0.356833
17 0.272674
18 0.044114
24 0.0428581
32 0.026882
41 0.0549914
55 0.0552437
61 0.0537639
-1 -1
LEAF 420 9
65 classes
3 0.0272351
4 0.0976377
11 0.061119
14 0.0241977
17 0.0982517
18 0.0238431
19 0.0263529
21 0.270622
32 0.0290588
35 0.0148611
37 0.0790588
39 0.0281174
55 0.119434
56 0.0279364
59 0.0294533
61 0.0290588
62 0.0137615
-1 -1
NODE 416 8
2dots_tau0
0 -13 2 -15 -1
417 418 
LEAF 417 9
65 classes
4 0.0620857
14 0.0923207
17 0.0468571
21 0.0543419
32 0.110867
39 0.0536377
51 0.0305089
55 0.370236
59 0.0280931
61 0.110867
63 0.0401849
-1 -1
LEAF 418 9
65 classes
6 0.119671
21 0.141406
39 0.0348934
55 0.70403
-1 -1
NODE 408 7
2dots_tau0
0 -11 -6 11 -5
409 410 
NODE 409 8
2dots_tau0
0 8 8 5 14
413 414 
LEAF 413 9
65 classes
18 0.211992
41 0.264264
59 0.523744
-1 -1
LEAF 414 9
65 classes
49 1
-1 -1
NODE 410 8
2dots_tau0
0 -3 -15 11 -8
411 412 
LEAF 411 9
65 classes
4 0.226087
18 0.165632
23 0.207419
35 0.103236
39 0.195324
59 0.102302
-1 -1
LEAF 412 9
65 classes
2 0.0120414
9 0.0263089
10 0.00960355
14 0.0116385
18 0.011468
19 0.0126751
21 0.0479547
30 0.0495821
35 0.00714785
37 0.0253503
39 0.202857
44 0.165534
45 0.0391345
51 0.0538459
52 0.0132099
53 0.0196286
54 0.0458719
55 0.0287225
56 0.0134367
59 0.0991642
61 0.104824
-1 -1
NODE 392 6
2dots_tau0
0 -9 -4 -7 -13
393 394 
NODE 393 7
2dots_tau0
0 8 -15 -15 0
401 402 
NODE 401 8
2dots_tau0
0 12 4 -13 -12
405 406 
LEAF 405 9
65 classes
16 0.074825
19 0.0796719
32 0.263558
35 0.0898583
37 0.0796719
50 0.0707876
53 0.0616895
54 0.216252
63 0.063686
-1 -1
LEAF 406 9
65 classes
42 1
-1 -1
NODE 402 8
2dots_tau0
0 -3 11 -8 4
403 404 
LEAF 403 9
65 classes
6 0.139975
9 0.158795
10 0.11593
16 0.2874
22 0.159465
54 0.138436
-1 -1
LEAF 404 9
65 classes
0 0.396954
24 0.183644
54 0.189026
61 0.230375
-1 -1
NODE 394 7
2dots_tau0
0 -3 4 8 -15
395 396 
NODE 395 8
2dots_tau0
0 14 0 -2 14
399 400 
LEAF 399 9
65 classes
32 0.211473
35 0.0540754
50 0.681583
61 0.0528683
-1 -1
LEAF 400 9
65 classes
2 0.13197
16 0.0434882
18 0.0418952
20 0.0740284
32 0.0510598
35 0.0261128
41 0.0522255
49 0.10212
50 0.24685
51 0.0562034
54 0.125686
62 0.0483611
-1 -1
NODE 396 8
2dots_tau0
0 -13 -3 -12 1
397 398 
LEAF 397 9
65 classes
18 0.150523
21 0.0899186
24 0.146238
35 0.0938192
42 0.282102
54 0.150523
62 0.0868769
-1 -1
LEAF 398 9
65 classes
6 0.12366
9 0.280574
35 0.152458
42 0.0764034
54 0.366904
-1 -1
NODE 260 3
2dots_tau0
0 -1 4 0 5
261 262 
NODE 261 4
2dots_tau0
0 9 0 -1 -6
325 326 
NODE 325 5
2dots_tau0
0 -15 -14 3 -15
357 358 
NODE 357 6
2dots_tau0
0 5 13 -3 8
373 374 
NODE 373 7
2dots_tau0
0 0 0 4 -3
381 382 
NODE 381 8
2dots_tau0
0 -10 -8 -7 -2
385 386 
LEAF 385 9
65 classes
1 0.0126544
5 0.0122428
7 0.14293
11 0.0141396
14 0.190333
15 0.0797811
17 0.0454602
18 0.022064
19 0.0243865
20 0.0194934
22 0.0127077
24 0.0321538
28 0.0118572
42 0.144729
44 0.0138471
45 0.0250978
51 0.0147997
52 0.0127077
55 0.00690765
59 0.0272555
61 0.134452
-1 -1
LEAF 386 9
65 classes
1 0.029753
7 0.0720124
14 0.157945
19 0.0286689
20 0.0229166
22 0.0298786
42 0.0486125
44 0.146508
49 0.0316126
51 0.226181
59 0.0320417
61 0.173869
-1 -1
NODE 382 8
2dots_tau0
0 5 -11 -12 -10
383 384 
LEAF 383 9
65 classes
2 0.0217399
3 0.0236501
4 0.0565238
6 0.0209347
7 0.0191606
9 0.047499
14 0.0630377
17 0.0213297
41 0.15486
42 0.116411
44 0.0389819
48 0.0223414
52 0.0238497
53 0.0708762
61 0.227105
62 0.0717004
-1 -1
LEAF 384 9
65 classes
3 0.106552
6 0.188636
7 0.17265
23 0.233632
42 0.116548
49 0.0568434
51 0.125139
-1 -1
NODE 374 7
2dots_tau0
0 -9 0 -6 8
375 376 
NODE 375 8
2dots_tau0
0 0 -1 -7 0
379 380 
LEAF 379 9
65 classes
10 0.0290921
14 0.176283
15 0.010468
17 0.0238591
18 0.01158
19 0.0127989
20 0.0204617
22 0.0400169
24 0.0112503
42 0.462987
44 0.0290698
48 0.0124954
49 0.00705656
51 0.0543719
52 0.013339
59 0.0143047
61 0.0705656
-1 -1
LEAF 380 9
65 classes
0 0.0517965
6 0.0498781
10 0.16524
14 0.250317
15 0.044593
19 0.163568
22 0.0568231
23 0.0617756
42 0.0924513
51 0.0330886
59 0.0304685
-1 -1
NODE 376 8
2dots_tau0
0 5 -1 -12 -9
377 378 
LEAF 377 9
65 classes
2 0.0427451
9 0.0466963
14 0.041315
15 0.0736008
20 0.1079
22 0.0468934
28 0.0875097
30 0.0251442
42 0.0254319
44 0.0766464
49 0.124037
50 0.0799549
59 0.100577
61 0.0496149
63 0.0719335
-1 -1
LEAF 378 9
65 classes
5 0.0691922
7 0.288496
14 0.316381
19 0.034456
30 0.0192549
40 0.0333751
42 0.0194752
44 0.0195647
59 0.0962742
61 0.0759879
63 0.0275425
-1 -1
NODE 358 6
2dots_tau0
0 -15 -14 -2 15
359 360 
NODE 359 7
2dots_tau0
0 6 4 -7 -2
367 368 
NODE 367 8
2dots_tau0
0 6 14 13 12
371 372 
LEAF 371 9
65 classes
0 0.0276701
6 0.199839
13 0.0171291
14 0.0133722
17 0.162888
18 0.0395287
19 0.0436896
28 0.0141618
35 0.0164252
39 0.0233074
41 0.114976
42 0.131702
48 0.0142178
49 0.0160585
53 0.0112762
54 0.0395287
55 0.00825025
59 0.00813826
61 0.0481756
62 0.0380244
63 0.0116411
-1 -1
LEAF 372 9
65 classes
1 0.00872986
2 0.00799118
3 0.02608
4 0.0103885
6 0.107733
11 0.0585269
13 0.0395754
14 0.00772381
15 0.00687982
17 0.39202
18 0.00761064
19 0.0168235
21 0.0954745
23 0.038123
35 0.0142309
41 0.0189745
42 0.0522992
44 0.00955267
49 0.00463774
51 0.0153148
54 0.00761064
55 0.0333577
56 0.00891719
59 0.00470069
63 0.00672397
-1 -1
NODE 368 8
2dots_tau0
0 -6 -7 -8 5
369 370 
LEAF 369 9
65 classes
10 0.111356
12 0.055003
14 0.0449839
17 0.0456629
19 0.146972
21 0.185349
35 0.110508
39 0.104541
42 0.110761
51 0.0297314
55 0.0277538
59 0.0273771
-1 -1
LEAF 370 9
65 classes
0 0.18634
17 0.304708
19 0.196148
21 0.106014
39 0.0348801
51 0.0396794
54 0.0591557
59 0.0730747
-1 -1
NODE 360 7
2dots_tau0
0 11 9 12 13
361 362 
NODE 361 8
2dots_tau0
0 -9 0 11 -15
365 366 
LEAF 365 9
65 classes
1 0.0959072
11 0.053582
12 0.0518771
14 0.0424273
18 0.0418057
19 0.184825
21 0.0249736
28 0.0898658
30 0.0258212
33 0.0425857
39 0.02465
40 0.0447567
48 0.0451105
49 0.0509507
51 0.0280417
54 0.0418057
59 0.0258212
62 0.0482577
63 0.0369351
-1 -1
LEAF 366 9
65 classes
1 0.0204351
4 0.00607943
6 0.0135099
9 0.0153263
11 0.0114168
13 0.00578994
14 0.00452002
15 0.00402611
19 0.0295357
20 0.0157396
21 0.0931204
24 0.004327
27 0.00484417
30 0.244828
32 0.206266
33 0.00453689
35 0.01388
39 0.0341394
42 0.0278235
44 0.0419271
45 0.0405296
49 0.00542807
50 0.0131211
51 0.0149372
52 0.00513032
53 0.0190578
54 0.00890759
59 0.00550175
61 0.0488526
62 0.0128529
63 0.0236094
-1 -1
NODE 362 8
2dots_tau0
0 -5 9 0 6
363 364 
LEAF 363 9
65 classes
1 0.0244982
2 0.0112127
13 0.0138823
14 0.0108375
19 0.059014
21 0.0574127
22 0.0123008
23 0.0133729
30 0.277019
32 0.0455514
35 0.0332796
39 0.0818548
42 0.0200134
44 0.0134036
45 0.0485882
47 0.0231372
48 0.0115229
50 0.0104867
51 0.0429773
53 0.054833
56 0.0375359
61 0.0911028
62 0.0061634
-1 -1
LEAF 364 9
65 classes
1 0.0341056
2 0.0156099
3 0.00849073
4 0.0101464
6 0.00751587
9 0.0341056
11 0.0285815
12 0.00922403
19 0.00821573
21 0.333034
22 0.00856239
23 0.00930865
30 0.0275469
32 0.113241
35 0.0277984
39 0.113956
42 0.0371494
44 0.0233251
45 0.00845536
49 0.0317076
50 0.00729959
51 0.00997192
53 0.0190842
55 0.00930865
61 0.0362372
62 0.0214512
63 0.00656727
-1 -1
NODE 326 5
2dots_tau0
0 -1 4 -1 -5
327 328 
NODE 327 6
2dots_tau0
0 4 1 11 15
343 344 
NODE 343 7
2dots_tau0
0 3 0 13 5
351 352 
NODE 351 8
2dots_tau0
0 9 4 -12 0
355 356 
LEAF 355 9
65 classes
20 0.0714086
32 0.492528
39 0.0476572
44 0.0507248
49 0.0985057
51 0.108429
54 0.0808252
59 0.0499214
-1 -1
LEAF 356 9
65 classes
19 0.250536
35 0.141284
51 0.60818
-1 -1
NODE 352 8
2dots_tau0
0 -8 3 -2 -7
353 354 
LEAF 353 9
65 classes
-1 -1
LEAF 354 9
65 classes
14 0.264459
22 0.300167
51 0.17479
54 0.260584
-1 -1
NODE 344 7
2dots_tau0
0 -8 -2 -3 -15
345 346 
NODE 345 8
2dots_tau0
0 12 8 0 2
349 350 
LEAF 349 9
65 classes
21 0.0972677
44 0.102187
55 0.101953
59 0.301706
61 0.396887
-1 -1
LEAF 350 9
65 classes
18 0.271514
51 0.728486
-1 -1
NODE 346 8
2dots_tau0
0 1 6 -9 2
347 348 
LEAF 347 9
65 classes
35 0.201622
39 0.190736
55 0.607642
-1 -1
LEAF 348 9
65 classes
51 0.197827
59 0.182162
61 0.359444
63 0.260568
-1 -1
NODE 328 6
2dots_tau0
0 -8 5 -7 12
329 330 
NODE 329 7
2dots_tau0
0 0 12 5 8
337 338 
NODE 337 8
2dots_tau0
0 7 9 -4 -13
341 342 
LEAF 341 9
65 classes
35 0.0625738
51 0.875419
59 0.0620076
-1 -1
LEAF 342 9
65 classes
41 0.666159
42 0.333841
-1 -1
NODE 338 8
2dots_tau0
0 5 13 4 -14
339 340 
LEAF 339 9
65 classes
5 0.128533
32 0.141157
41 0.28876
49 0.0705786
51 0.155377
55 0.0725211
59 0.143073
-1 -1
LEAF 340 9
65 classes
7 0.0945091
17 0.210416
32 0.186698
49 0.186698
51 0.0685017
55 0.0639454
59 0.189232
-1 -1
NODE 330 7
2dots_tau0
0 12 9 -3 -3
331 332 
NODE 331 8
2dots_tau0
0 -12 11 4 0
335 336 
LEAF 335 9
65 classes
5 0.109301
14 0.299867
19 0.326576
51 0.264256
-1 -1
LEAF 336 9
65 classes
22 0.277866
32 0.293992
39 0.071117
40 0.129126
51 0.0809021
61 0.146996
-1 -1
NODE 332 8
2dots_tau0
0 7 -11 9 14
333 334 
LEAF 333 9
65 classes
5 0.0803571
19 0.0400159
30 0.0223618
32 0.617746
49 0.0441247
51 0.0728545
54 0.0362049
59 0.0223618
63 0.0639737
-1 -1
LEAF 334 9
65 classes
-1 -1
NODE 262 4
2dots_tau0
0 3 14 8 -5
263 264 
NODE 263 5
2dots_tau0
0 0 -11 -4 14
295 296 
NODE 295 6
2dots_tau0
0 14 -14 3 14
311 312 
NODE 311 7
2dots_tau0
0 -4 -2 1 5
319 320 
NODE 319 8
2dots_tau0
0 -1 -12 0 -5
323 324 
LEAF 323 9
65 classes
3 0.469936
51 0.275958
59 0.254106
-1 -1
LEAF 324 9
65 classes
21 0.260399
30 0.269236
48 0.470365
-1 -1
NODE 320 8
2dots_tau0
0 -11 11 5 -11
321 322 
LEAF 321 9
65 classes
15 0.420608
44 0.292008
59 0.287384
-1 -1
LEAF 322 9
65 classes
0 0.234778
21 0.133572
39 0.131841
54 0.223599
59 0.27621
-1 -1
NODE 312 7
2dots_tau0
0 2 2 -12 -9
313 314 
NODE 313 8
2dots_tau0
0 9 6 -2 -6
317 318 
LEAF 317 9
65 classes
4 0.0531441
6 0.118098
15 0.0351948
18 0.0389334
20 0.0343975
24 0.567374
39 0.0459128
45 0.0442867
54 0.0389334
61 0.023725
-1 -1
LEAF 318 9
65 classes
6 0.273474
24 0.262769
37 0.29894
49 0.164817
-1 -1
NODE 314 8
2dots_tau0
0 -2 0 7 1
315 316 
LEAF 315 9
65 classes
-1 -1
LEAF 316 9
65 classes
6 0.477756
37 0.522244
-1 -1
NODE 296 6
2dots_tau0
0 -1 -8 -2 -9
297 298 
NODE 297 7
2dots_tau0
0 -11 9 -1 8
305 306 
NODE 305 8
2dots_tau0
0 -3 11 7 -11
309 310 
LEAF 309 9
65 classes
1 0.128089
4 0.0762127
15 0.201888
19 0.123421
22 0.0643145
28 0.12002
50 0.0548293
51 0.0374509
54 0.0558335
59 0.137941
-1 -1
LEAF 310 9
65 classes
0 0.0647554
3 0.0704452
4 0.252546
7 0.0570726
15 0.0557497
20 0.0544868
35 0.153757
39 0.0363637
52 0.142079
61 0.112744
-1 -1
NODE 306 8
2dots_tau0
0 11 -7 -15 -8
307 308 
LEAF 307 9
65 classes
4 0.155271
15 0.0514142
33 0.173811
35 0.0708999
39 0.100607
44 0.0356944
50 0.111706
52 0.196545
55 0.0712251
62 0.0328268
-1 -1
LEAF 308 9
65 classes
1 0.116238
4 0.138323
12 0.125748
15 0.274814
24 0.0984507
44 0.0635969
49 0.0617514
59 0.0625897
62 0.0584876
-1 -1
NODE 298 7
2dots_tau0
0 10 14 -6 -8
299 300 
NODE 299 8
2dots_tau0
0 1 -6 -8 15
303 304 
LEAF 303 9
65 classes
1 0.0877703
4 0.31334
12 0.0949514
35 0.143078
44 0.0480214
49 0.0466279
54 0.0765176
55 0.0479113
59 0.141783
-1 -1
LEAF 304 9
65 classes
4 0.0794575
7 0.0538695
15 0.105242
18 0.0582106
19 0.0643381
23 0.145794
24 0.0565534
27 0.0633128
30 0.0719073
35 0.036282
40 0.0623196
44 0.109597
50 0.0571637
59 0.0359536
-1 -1
NODE 300 8
2dots_tau0
0 6 13 5 -2
301 302 
LEAF 301 9
65 classes
1 0.147526
33 0.131012
35 0.561137
41 0.160325
-1 -1
LEAF 302 9
65 classes
15 0.85297
35 0.14703
-1 -1
NODE 264 5
2dots_tau0
0 13 -6 -5 0
265 266 
NODE 265 6
2dots_tau0
0 1 3 -7 14
281 282 
NODE 281 7
2dots_tau0
0 3 -9 -3 6
289 290 
NODE 289 8
2dots_tau0
0 0 -9 11 4
293 294 
LEAF 293 9
65 classes
13 0.422329
17 0.0334676
23 0.244098
49 0.0197967
50 0.0638051
53 0.111209
55 0.0203415
62 0.056251
63 0.028702
-1 -1
LEAF 294 9
65 classes
3 0.0154294
4 0.0645336
6 0.0273158
9 0.00774713
11 0.0259692
13 0.105361
15 0.0183161
17 0.139156
19 0.0223945
20 0.0179011
21 0.0282423
23 0.109952
27 0.00734588
30 0.0417153
32 0.00411566
39 0.0477879
40 0.00723065
41 0.0589347
42 0.00421926
44 0.0211933
49 0.024694
50 0.00663243
53 0.00577999
54 0.0472773
55 0.0761208
56 0.0316535
59 0.00417153
61 0.0288096
-1 -1
NODE 290 8
2dots_tau0
0 13 -1 12 13
291 292 
LEAF 291 9
65 classes
0 0.0260693
1 0.0142395
3 0.0141799
5 0.0137764
6 0.0376556
7 0.0229763
10 0.0103957
12 0.0308091
13 0.0161381
15 0.145884
19 0.123486
21 0.0296631
23 0.0155459
30 0.0460046
33 0.0126455
35 0.0232124
39 0.0146393
40 0.0265804
44 0.148026
49 0.0226942
50 0.0121907
53 0.0106238
54 0.0620697
56 0.0290902
59 0.0766743
61 0.00756475
62 0.00716492
-1 -1
LEAF 292 9
65 classes
5 0.0307771
6 0.112165
17 0.0285704
19 0.0613049
30 0.0342586
35 0.0172857
39 0.0327048
44 0.0696198
53 0.023734
54 0.0831995
56 0.0324942
59 0.0513879
61 0.422498
-1 -1
NODE 282 7
2dots_tau0
0 -10 7 -4 -9
283 284 
NODE 283 8
2dots_tau0
0 3 7 5 13
287 288 
LEAF 287 9
65 classes
1 0.0546573
3 0.0362857
5 0.0176266
9 0.0364382
13 0.0206483
14 0.0161195
17 0.212716
19 0.0877762
23 0.0596717
28 0.0341429
30 0.0490514
42 0.0198451
44 0.0199363
45 0.0542018
50 0.0623906
51 0.0106539
52 0.0365919
53 0.0543717
55 0.0795623
59 0.00981028
62 0.027502
-1 -1
LEAF 288 9
65 classes
7 0.093243
9 0.0385248
14 0.0113617
17 0.149932
19 0.0866158
28 0.0120327
30 0.138294
40 0.0119855
41 0.0139557
44 0.0210779
45 0.0254692
50 0.0219878
51 0.00750934
53 0.249103
55 0.00700986
56 0.0655858
61 0.0204663
62 0.0258461
-1 -1
NODE 284 8
2dots_tau0
0 3 10 13 5
285 286 
LEAF 285 9
65 classes
17 0.105474
19 0.11316
28 0.110042
30 0.0632367
41 0.255257
45 0.116461
62 0.236369
-1 -1
LEAF 286 9
65 classes
4 0.150147
7 0.067863
14 0.0372111
17 0.113318
19 0.0405255
30 0.0452932
39 0.302672
42 0.114529
48 0.0395644
55 0.0459165
56 0.0429605
-1 -1
NODE 266 6
2dots_tau0
0 -10 4 4 14
267 268 
NODE 267 7
2dots_tau0
0 4 -7 -15 1
275 276 
NODE 275 8
2dots_tau0
0 14 3 -9 3
279 280 
LEAF 279 9
65 classes
3 0.131234
15 0.207715
17 0.236717
20 0.101505
40 0.123
53 0.098323
63 0.101505
-1 -1
LEAF 280 9
65 classes
0 0.120995
19 0.191044
33 0.0586915
35 0.251382
40 0.123367
63 0.25452
-1 -1
NODE 276 8
2dots_tau0
0 -8 -3 11 -11
277 278 
LEAF 277 9
65 classes
1 0.101436
15 0.159879
17 0.182202
20 0.312515
40 0.189347
59 0.0546195
-1 -1
LEAF 278 9
65 classes
17 0.222729
20 0.191013
61 0.395244
63 0.191013
-1 -1
NODE 268 7
2dots_tau0
0 0 2 -14 15
269 270 
NODE 269 8
2dots_tau0
0 -13 -9 4 -8
273 274 
LEAF 273 9
65 classes
15 0.118182
40 0.139964
41 0.325944
48 0.141071
61 0.159334
63 0.115505
-1 -1
LEAF 274 9
65 classes
1 0.0200181
4 0.047643
6 0.0352911
9 0.0200181
13 0.0226871
15 0.0157758
17 0.035957
18 0.139613
27 0.0189813
30 0.0431158
35 0.0978965
41 0.391586
62 0.0805801
63 0.0308369
-1 -1
NODE 270 8
2dots_tau0
0 14 11 0 4
271 272 
LEAF 271 9
65 classes
3 0.391233
22 0.263023
24 0.110919
28 0.122709
50 0.112116
-1 -1
LEAF 272 9
65 classes
6 0.108633
13 0.139672
41 0.535727
53 0.0919468
62 0.124021
-1 -1
NODE 4 2
2dots_tau0
0 4 -8 3 15
5 6 
NODE 5 3
2dots_tau0
0 8 -14 15 5
133 134 
NODE 133 4
2dots_tau0
0 -11 0 -5 -11
197 198 
NODE 197 5
2dots_tau0
0 -11 2 -12 -9
229 230 
NODE 229 6
2dots_tau0
0 -4 2 10 7
245 246 
NODE 245 7
2dots_tau0
0 -15 0 2 -11
253 254 
NODE 253 8
2dots_tau0
0 -13 12 -12 -15
257 258 
LEAF 257 9
65 classes
19 0.174829
30 0.0976988
44 0.099271
51 0.530502
59 0.0976988
-1 -1
LEAF 258 9
65 classes
0 0.0922173
1 0.100742
23 0.329952
41 0.218963
42 0.0548661
48 0.0947688
59 0.108491
-1 -1
NODE 254 8
2dots_tau0
0 -2 14 -11 14
255 256 
LEAF 255 9
65 classes
0 0.35966
12 0.0326964
19 0.0291223
20 0.0465579
27 0.0286582
32 0.112394
33 0.161042
45 0.0299717
49 0.176619
63 0.023279
-1 -1
LEAF 256 9
65 classes
0 0.137607
2 0.0688037
19 0.0362125
27 0.0356354
32 0.0399307
39 0.0193185
40 0.0350764
41 0.0816847
47 0.035494
49 0.159723
51 0.0439532
53 0.0560782
62 0.0189101
63 0.231572
-1 -1
NODE 246 7
2dots_tau0
0 5 8 -3 -6
247 248 
NODE 247 8
2dots_tau0
0 -7 10 5 9
251 252 
LEAF 251 9
65 classes
0 0.654255
5 0.345745
-1 -1
LEAF 252 9
65 classes
1 0.042824
2 0.274403
17 0.0769217
22 0.0430047
32 0.0227503
33 0.0380303
35 0.0465394
37 0.0825273
41 0.0930787
49 0.0910011
53 0.0958507
54 0.0373338
61 0.0227503
63 0.0329842
-1 -1
NODE 248 8
2dots_tau0
0 7 3 -1 -6
249 250 
LEAF 249 9
65 classes
48 0.639087
49 0.360913
-1 -1
LEAF 250 9
65 classes
4 0.168254
35 0.153657
49 0.600908
55 0.0771808
-1 -1
NODE 230 6
2dots_tau0
0 -14 -2 14 0
231 232 
NODE 231 7
2dots_tau0
0 -15 0 8 6
239 240 
NODE 239 8
2dots_tau0
0 -11 12 -6 15
243 244 
LEAF 243 9
65 classes
1 0.177957
15 0.0350611
19 0.0428682
21 0.0231695
22 0.044677
28 0.0416868
32 0.0709047
42 0.121149
44 0.0486825
47 0.0840352
49 0.0236349
51 0.286174
-1 -1
LEAF 244 9
65 classes
2 0.110505
15 0.095137
20 0.0929818
22 0.121229
41 0.262387
42 0.0657468
44 0.0660491
63 0.185964
-1 -1
NODE 240 8
2dots_tau0
0 1 0 4 15
241 242 
LEAF 241 9
65 classes
5 0.215564
20 0.0858072
22 0.22375
35 0.0605352
48 0.2096
53 0.0831173
55 0.121626
-1 -1
LEAF 242 9
65 classes
37 0.563604
53 0.436396
-1 -1
NODE 232 7
2dots_tau0
0 14 -15 -15 -5
233 234 
NODE 233 8
2dots_tau0
0 -12 -9 -8 12
237 238 
LEAF 237 9
65 classes
12 0.145774
16 0.12194
39 0.277065
53 0.100534
55 0.147112
63 0.207575
-1 -1
LEAF 238 9
65 classes
15 0.118069
20 0.115394
35 0.0814081
53 0.223553
63 0.461576
-1 -1
NODE 234 8
2dots_tau0
0 -8 -8 12 0
235 236 
LEAF 235 9
65 classes
63 1
-1 -1
LEAF 236 9
65 classes
0 0.487179
19 0.512821
-1 -1
NODE 198 5
2dots_tau0
0 5 -5 -1 -4
199 200 
NODE 199 6
2dots_tau0
0 -13 -11 -9 -5
215 216 
NODE 215 7
2dots_tau0
0 10 -5 -14 -2
223 224 
NODE 223 8
2dots_tau0
0 4 4 11 -6
227 228 
LEAF 227 9
65 classes
0 0.146161
2 0.0974404
12 0.172735
13 0.301601
35 0.0578413
47 0.0502669
50 0.0455656
54 0.0464002
63 0.0819887
-1 -1
LEAF 228 9
65 classes
3 0.0181392
4 0.0650289
11 0.0407066
12 0.0197057
13 0.309661
20 0.01403
21 0.028459
23 0.238638
30 0.0686579
35 0.0544382
37 0.00877583
39 0.0234085
40 0.00850051
42 0.0347217
50 0.0155945
51 0.0213035
52 0.00914611
59 0.00490414
62 0.00916545
63 0.00701498
-1 -1
NODE 224 8
2dots_tau0
0 12 -1 10 0
225 226 
LEAF 225 9
65 classes
1 0.0653991
15 0.154619
24 0.0553914
41 0.284292
47 0.0617659
49 0.0347433
51 0.0764865
62 0.0658139
63 0.201489
-1 -1
LEAF 226 9
65 classes
6 0.150153
15 0.268485
23 0.185969
42 0.0927716
62 0.171421
63 0.131201
-1 -1
NODE 216 7
2dots_tau0
0 9 3 -10 3
217 218 
NODE 217 8
2dots_tau0
0 14 -1 13 5
221 222 
LEAF 221 9
65 classes
0 0.0610282
11 0.111742
12 0.0360621
13 0.302235
21 0.0694412
23 0.0363929
32 0.0708363
33 0.0592064
35 0.144907
41 0.0362268
49 0.0177091
50 0.0285383
63 0.0256753
-1 -1
LEAF 222 9
65 classes
3 0.0322397
4 0.0385264
6 0.0285381
11 0.0361751
21 0.185466
32 0.464381
33 0.0287511
35 0.105552
50 0.0554337
63 0.0249362
-1 -1
NODE 218 8
2dots_tau0
0 -14 2 11 -5
219 220 
LEAF 219 9
65 classes
0 0.598703
20 0.0559737
41 0.157953
42 0.118736
47 0.0686344
-1 -1
LEAF 220 9
65 classes
0 0.422755
12 0.099924
20 0.0711433
33 0.0820272
42 0.10061
47 0.17447
49 0.0490698
-1 -1
NODE 200 6
2dots_tau0
0 14 0 7 3
201 202 
NODE 201 7
2dots_tau0
0 -7 -4 2 -6
209 210 
NODE 209 8
2dots_tau0
0 3 -8 0 -6
213 214 
LEAF 213 9
65 classes
1 0.0734817
21 0.306147
27 0.418055
32 0.0390372
39 0.0377725
51 0.0859393
59 0.0395671
-1 -1
LEAF 214 9
65 classes
1 0.292928
21 0.152553
27 0.370342
32 0.0518726
51 0.0570981
63 0.0752069
-1 -1
NODE 210 8
2dots_tau0
0 -8 11 -8 -2
211 212 
LEAF 211 9
65 classes
0 0.0524503
15 0.135468
16 0.051852
21 0.0298404
23 0.0625554
27 0.0543309
30 0.0617062
35 0.0622697
49 0.213079
51 0.201038
55 0.0312777
63 0.0441329
-1 -1
LEAF 212 9
65 classes
3 0.0990674
4 0.236771
11 0.0555801
20 0.0383125
21 0.0259049
27 0.0471656
28 0.0466085
32 0.0264254
39 0.0767077
49 0.264253
51 0.0581747
62 0.0250287
-1 -1
NODE 202 7
2dots_tau0
0 -1 -9 -15 14
203 204 
NODE 203 8
2dots_tau0
0 -13 1 -10 -5
207 208 
LEAF 207 9
65 classes
0 0.0365298
16 0.0180566
20 0.0153685
32 0.0848013
35 0.0325265
39 0.0102567
40 0.018623
41 0.0216844
44 0.010917
46 0.316592
49 0.106002
54 0.0173951
55 0.0653515
63 0.245896
-1 -1
LEAF 208 9
65 classes
0 0.360756
1 0.0492629
11 0.11009
12 0.0532935
20 0.0379436
27 0.0467114
32 0.104684
39 0.101292
42 0.0268297
50 0.0843494
62 0.0247877
-1 -1
NODE 204 8
2dots_tau0
0 13 14 6 -5
205 206 
LEAF 205 9
65 classes
15 1
-1 -1
LEAF 206 9
65 classes
21 0.206295
44 0.216729
51 0.231639
54 0.345337
-1 -1
NODE 134 4
2dots_tau0
0 4 15 6 -13
135 136 
NODE 135 5
2dots_tau0
0 10 9 13 -8
167 168 
NODE 167 6
2dots_tau0
0 2 1 8 1
183 184 
NODE 183 7
2dots_tau0
0 -4 -9 7 -10
191 192 
NODE 191 8
2dots_tau0
0 10 15 -14 -1
195 196 
LEAF 195 9
65 classes
3 0.049719
6 0.0440105
12 0.0540129
15 0.0393471
18 0.304688
20 0.0384558
27 0.142026
41 0.0542595
51 0.0291961
59 0.0268842
62 0.0251223
63 0.192279
-1 -1
LEAF 196 9
65 classes
27 0.296191
47 0.295015
59 0.168199
63 0.240595
-1 -1
NODE 192 8
2dots_tau0
0 -5 -7 5 1
193 194 
LEAF 193 9
65 classes
18 0.155947
27 0.169615
28 0.167612
47 0.506826
-1 -1
LEAF 194 9
65 classes
5 0.22536
12 0.125997
17 0.104601
37 0.336671
53 0.0868943
61 0.0618734
62 0.0586031
-1 -1
NODE 184 7
2dots_tau0
0 7 -7 1 3
185 186 
NODE 185 8
2dots_tau0
0 8 4 14 9
189 190 
LEAF 189 9
65 classes
27 0.465957
41 0.534043
-1 -1
LEAF 190 9
65 classes
3 0.365682
15 0.144699
27 0.348199
63 0.141421
-1 -1
NODE 186 8
2dots_tau0
0 0 0 0 11
187 188 
LEAF 187 9
65 classes
18 0.339152
35 0.211389
63 0.449459
-1 -1
LEAF 188 9
65 classes
0 0.191719
3 0.625692
18 0.182589
-1 -1
NODE 168 6
2dots_tau0
0 -13 -12 13 2
169 170 
NODE 169 7
2dots_tau0
0 -13 -9 4 -7
177 178 
NODE 177 8
2dots_tau0
0 -13 -13 14 -11
181 182 
LEAF 181 9
65 classes
18 0.273936
63 0.726064
-1 -1
LEAF 182 9
65 classes
63 1
-1 -1
NODE 178 8
2dots_tau0
0 14 0 -12 6
179 180 
LEAF 179 9
65 classes
18 0.111714
63 0.888286
-1 -1
LEAF 180 9
65 classes
12 0.289184
47 0.504924
63 0.205892
-1 -1
NODE 170 7
2dots_tau0
0 -7 -7 -11 7
171 172 
NODE 171 8
2dots_tau0
0 -14 -1 -6 -6
175 176 
LEAF 175 9
65 classes
12 0.501134
59 0.498866
-1 -1
LEAF 176 9
65 classes
6 0.0434559
12 0.47999
27 0.140236
35 0.133939
40 0.0460121
41 0.0535757
42 0.0268492
63 0.0759423
-1 -1
NODE 172 8
2dots_tau0
0 -1 -12 3 4
173 174 
LEAF 173 9
65 classes
59 0.188991
63 0.811009
-1 -1
LEAF 174 9
65 classes
5 0.115043
6 0.104817
44 0.130117
59 0.192085
63 0.457938
-1 -1
NODE 136 5
2dots_tau0
0 -2 0 6 -15
137 138 
NODE 137 6
2dots_tau0
0 2 -9 1 2
153 154 
NODE 153 7
2dots_tau0
0 -2 -10 -2 0
161 162 
NODE 161 8
2dots_tau0
0 -13 15 2 -4
165 166 
LEAF 165 9
65 classes
14 0.637466
62 0.362534
-1 -1
LEAF 166 9
65 classes
0 0.135919
12 0.0401578
27 0.527971
35 0.0806823
42 0.0202167
48 0.0698396
49 0.0394407
63 0.0857739
-1 -1
NODE 162 8
2dots_tau0
0 11 -15 9 -7
163 164 
LEAF 163 9
65 classes
14 0.264487
59 0.0804832
61 0.0794053
63 0.575624
-1 -1
LEAF 164 9
65 classes
12 0.0837472
14 0.0684922
15 0.0610079
17 0.139052
22 0.0777401
27 0.146808
48 0.0728237
49 0.164504
55 0.0845156
59 0.0416841
63 0.0596259
-1 -1
NODE 154 7
2dots_tau0
0 -15 -2 -3 -5
155 156 
NODE 155 8
2dots_tau0
0 -5 15 -8 1
159 160 
LEAF 159 9
65 classes
6 0.0623498
14 0.500653
22 0.284126
55 0.0386111
59 0.114261
-1 -1
LEAF 160 9
65 classes
7 0.0535152
14 0.0586876
22 0.133223
32 0.0352388
42 0.180629
55 0.217252
59 0.321454
-1 -1
NODE 156 8
2dots_tau0
0 -14 0 -14 4
157 158 
LEAF 157 9
65 classes
6 0.030891
14 0.0310058
17 0.0314739
18 0.0305515
21 0.0182507
35 0.0761696
42 0.019086
48 0.0329667
49 0.055852
55 0.363465
59 0.0943504
63 0.215937
-1 -1
LEAF 158 9
65 classes
14 0.0707849
17 0.0239511
35 0.14491
49 0.297518
54 0.116246
55 0.291149
59 0.0143598
63 0.0410812
-1 -1
NODE 138 6
2dots_tau0
0 -12 -4 -1 -7
139 140 
NODE 139 7
2dots_tau0
0 10 5 0 1
147 148 
NODE 147 8
2dots_tau0
0 1 3 7 4
151 152 
LEAF 151 9
65 classes
14 0.0717666
17 0.0728499
21 0.211217
22 0.0814566
35 0.0440758
48 0.0763052
51 0.047433
55 0.132834
59 0.262062
-1 -1
LEAF 152 9
65 classes
3 0.219552
5 0.170644
19 0.0424882
20 0.0339631
21 0.0229641
23 0.0481403
39 0.0226665
45 0.0437275
52 0.044281
55 0.0722105
56 0.0450412
59 0.189947
62 0.0443746
-1 -1
NODE 148 8
2dots_tau0
0 9 14 12 11
149 150 
LEAF 149 9
65 classes
51 0.16781
53 0.214102
59 0.618088
-1 -1
LEAF 150 9
65 classes
14 0.110347
21 0.25981
22 0.125246
45 0.0618402
51 0.072932
55 0.0340405
59 0.335784
-1 -1
NODE 140 7
2dots_tau0
0 13 2 -11 9
141 142 
NODE 141 8
2dots_tau0
0 -11 15 -6 13
145 146 
LEAF 145 9
65 classes
4 0.128228
11 0.0481606
13 0.0244243
17 0.0967755
21 0.0112234
35 0.0234206
37 0.0207656
39 0.0332339
42 0.0234741
47 0.0203536
49 0.137387
53 0.0160787
54 0.0751517
55 0.223516
59 0.0348129
63 0.0829952
-1 -1
LEAF 146 9
65 classes
3 0.0588931
4 0.0351886
5 0.0286086
13 0.268104
15 0.0233037
21 0.0615993
33 0.0262602
35 0.0321357
39 0.0456008
49 0.0314184
50 0.0253156
51 0.10375
55 0.0161416
59 0.0159225
63 0.227758
-1 -1
NODE 142 8
2dots_tau0
0 1 -8 2 8
143 144 
LEAF 143 9
65 classes
14 0.126593
35 0.155495
47 0.270266
48 0.134599
54 0.124738
55 0.0781043
63 0.110205
-1 -1
LEAF 144 9
65 classes
35 0.133613
48 0.462627
54 0.214368
63 0.189393
-1 -1
NODE 6 3
2dots_tau0
0 5 -1 12 -12
7 8 
NODE 7 4
2dots_tau0
0 3 6 14 -4
71 72 
NODE 71 5
2dots_tau0
0 0 9 12 13
103 104 
NODE 103 6
2dots_tau0
0 9 7 -3 -4
119 120 
NODE 119 7
2dots_tau0
0 -2 -10 -9 0
127 128 
NODE 127 8
2dots_tau0
0 -15 3 1 -11
131 132 
LEAF 131 9
65 classes
15 0.338445
20 0.661555
-1 -1
LEAF 132 9
65 classes
6 0.0966312
15 0.172784
18 0.286708
19 0.0528147
27 0.207892
33 0.0973524
49 0.0582376
62 0.0275797
-1 -1
NODE 128 8
2dots_tau0
0 10 -3 -11 -9
129 130 
LEAF 129 9
65 classes
27 0.653315
62 0.346685
-1 -1
LEAF 130 9
65 classes
5 0.239689
18 0.215983
24 0.419669
62 0.124659
-1 -1
NODE 120 7
2dots_tau0
0 11 14 1 -5
121 122 
NODE 121 8
2dots_tau0
0 -7 1 12 -5
125 126 
LEAF 125 9
65 classes
0 0.235871
15 0.270757
18 0.0748797
24 0.0727479
62 0.345745
-1 -1
LEAF 126 9
65 classes
6 0.28953
15 0.258851
18 0.286348
62 0.165271
-1 -1
NODE 122 8
2dots_tau0
0 0 4 -5 -8
123 124 
LEAF 123 9
65 classes
0 0.135916
6 0.130882
15 0.117014
18 0.21574
24 0.0838391
32 0.0262933
33 0.131859
39 0.0508829
41 0.107574
-1 -1
LEAF 124 9
65 classes
0 0.217598
4 0.0707194
6 0.104769
12 0.0642903
18 0.0518091
35 0.0645839
39 0.091645
41 0.129168
48 0.0559046
62 0.149512
-1 -1
NODE 104 6
2dots_tau0
0 13 -7 -5 -8
105 106 
NODE 105 7
2dots_tau0
0 -14 -1 -4 11
113 114 
NODE 113 8
2dots_tau0
0 5 2 6 -14
117 118 
LEAF 117 9
65 classes
6 0.115151
18 0.113886
20 0.100618
24 0.442574
54 0.227772
-1 -1
LEAF 118 9
65 classes
5 0.551095
15 0.448905
-1 -1
NODE 114 8
2dots_tau0
0 -13 -4 13 -10
115 116 
LEAF 115 9
65 classes
5 0.0926627
18 0.667986
22 0.0961816
37 0.0922876
49 0.0508818
-1 -1
LEAF 116 9
65 classes
15 0.199581
23 0.276484
61 0.269078
62 0.254856
-1 -1
NODE 106 7
2dots_tau0
0 -15 -7 1 7
107 108 
NODE 107 8
2dots_tau0
0 9 -13 14 8
111 112 
LEAF 111 9
65 classes
18 0.471491
41 0.146937
48 0.381572
-1 -1
LEAF 112 9
65 classes
0 0.0719647
3 0.469728
5 0.0760603
18 0.342689
62 0.0395578
-1 -1
NODE 108 8
2dots_tau0
0 1 1 11 13
109 110 
LEAF 109 9
65 classes
15 0.182644
18 0.606138
41 0.125933
48 0.0545045
49 0.0307804
-1 -1
LEAF 110 9
65 classes
3 0.0279456
6 0.0123685
15 0.0110579
17 0.0126019
18 0.636094
41 0.0304977
51 0.00820515
62 0.261229
-1 -1
NODE 72 5
2dots_tau0
0 -10 -14 -9 -13
73 74 
NODE 73 6
2dots_tau0
0 -8 9 11 -15
89 90 
NODE 89 7
2dots_tau0
0 -6 -1 4 -3
97 98 
NODE 97 8
2dots_tau0
0 -11 5 -2 -5
101 102 
LEAF 101 9
65 classes
14 0.290878
30 0.177027
42 0.0895264
59 0.442568
-1 -1
LEAF 102 9
65 classes
41 0.662393
51 0.118808
59 0.2188
-1 -1
NODE 98 8
2dots_tau0
0 4 -7 -5 -12
99 100 
LEAF 99 9
65 classes
18 0.190005
22 0.218866
35 0.236855
44 0.238489
49 0.115784
-1 -1
LEAF 100 9
65 classes
59 1
-1 -1
NODE 90 7
2dots_tau0
0 -8 -1 14 -10
91 92 
NODE 91 8
2dots_tau0
0 -1 -9 -4 -5
95 96 
LEAF 95 9
65 classes
-1 -1
LEAF 96 9
65 classes
-1 -1
NODE 92 8
2dots_tau0
0 -15 -12 -7 -4
93 94 
LEAF 93 9
65 classes
37 0.468245
44 0.531755
-1 -1
LEAF 94 9
65 classes
48 0.635971
59 0.364029
-1 -1
NODE 74 6
2dots_tau0
0 3 -12 -1 -13
75 76 
NODE 75 7
2dots_tau0
0 15 -3 0 1
83 84 
NODE 83 8
2dots_tau0
0 -12 10 8 -13
87 88 
LEAF 87 9
65 classes
32 1
-1 -1
LEAF 88 9
65 classes
59 1
-1 -1
NODE 84 8
2dots_tau0
0 14 15 6 -1
85 86 
LEAF 85 9
65 classes
35 0.51921
62 0.48079
-1 -1
LEAF 86 9
65 classes
-1 -1
NODE 76 7
2dots_tau0
0 5 2 2 -4
77 78 
NODE 77 8
2dots_tau0
0 6 7 3 -11
81 82 
LEAF 81 9
65 classes
19 0.2618
23 0.296627
35 0.295273
59 0.1463
-1 -1
LEAF 82 9
65 classes
7 0.42607
35 0.57393
-1 -1
NODE 78 8
2dots_tau0
0 0 -6 -10 4
79 80 
LEAF 79 9
65 classes
19 0.280548
32 0.154677
51 0.340518
63 0.224257
-1 -1
LEAF 80 9
65 classes
22 1
-1 -1
NODE 8 4
2dots_tau0
0 -4 -15 11 -15
9 10 
NODE 9 5
2dots_tau0
0 -2 -14 -15 1
41 42 
NODE 41 6
2dots_tau0
0 -11 6 -8 13
57 58 
NODE 57 7
2dots_tau0
0 10 -9 0 11
65 66 
NODE 65 8
2dots_tau0
0 0 9 3 -4
69 70 
LEAF 69 9
65 classes
22 0.412089
33 0.364422
42 0.22349
-1 -1
LEAF 70 9
65 classes
7 0.190557
28 0.221317
41 0.256687
44 0.129229
50 0.20221
-1 -1
NODE 66 8
2dots_tau0
0 -2 -12 -9 8
67 68 
LEAF 67 9
65 classes
0 0.0417542
3 0.0454229
15 0.0359473
18 0.238595
20 0.0351329
28 0.0427405
33 0.0810155
41 0.0495711
42 0.0248423
51 0.0266734
53 0.0340316
62 0.344273
-1 -1
LEAF 68 9
65 classes
3 0.649045
59 0.350954
-1 -1
NODE 58 7
2dots_tau0
0 -1 -3 8 -11
59 60 
NODE 59 8
2dots_tau0
0 11 6 15 12
63 64 
LEAF 63 9
65 classes
3 0.100459
14 0.178511
35 0.0548168
37 0.0972055
40 0.282468
51 0.058992
53 0.0752657
62 0.152282
-1 -1
LEAF 64 9
65 classes
0 0.0549221
7 0.0968117
23 0.0655034
30 0.0969213
42 0.0326767
51 0.210512
59 0.0323071
62 0.271707
63 0.138638
-1 -1
NODE 60 8
2dots_tau0
0 3 -13 -15 15
61 62 
LEAF 61 9
65 classes
27 0.0928348
33 0.0869461
35 0.1064
37 0.566029
62 0.14779
-1 -1
LEAF 62 9
65 classes
23 1
-1 -1
NODE 42 6
2dots_tau0
0 7 2 -3 -15
43 44 
NODE 43 7
2dots_tau0
0 12 8 11 0
51 52 
NODE 51 8
2dots_tau0
0 -6 14 3 0
55 56 
LEAF 55 9
65 classes
-1 -1
LEAF 56 9
65 classes
59 1
-1 -1
NODE 52 8
2dots_tau0
0 15 -7 2 6
53 54 
LEAF 53 9
65 classes
-1 -1
LEAF 54 9
65 classes
-1 -1
NODE 44 7
2dots_tau0
0 -11 -1 -2 5
45 46 
NODE 45 8
2dots_tau0
0 13 -9 -4 0
49 50 
LEAF 49 9
65 classes
14 0.246744
30 0.450504
44 0.152584
59 0.150168
-1 -1
LEAF 50 9
65 classes
30 1
-1 -1
NODE 46 8
2dots_tau0
0 15 10 0 -11
47 48 
LEAF 47 9
65 classes
5 0.623277
51 0.376723
-1 -1
LEAF 48 9
65 classes
15 0.574048
51 0.425952
-1 -1
NODE 10 5
2dots_tau0
0 8 -10 2 -5
11 12 
NODE 11 6
2dots_tau0
0 -13 -14 -6 6
27 28 
NODE 27 7
2dots_tau0
0 1 5 -8 2
35 36 
NODE 35 8
2dots_tau0
0 4 -14 8 -14
39 40 
LEAF 39 9
65 classes
7 0.153014
15 0.224201
24 0.160638
30 0.0510624
45 0.09404
51 0.221814
52 0.0952303
-1 -1
LEAF 40 9
65 classes
1 0.0431953
15 0.51062
17 0.0387943
20 0.0332702
24 0.146341
28 0.0404743
30 0.023259
35 0.0938857
44 0.0236333
55 0.0235791
61 0.0229475
-1 -1
NODE 36 8
2dots_tau0
0 15 7 -7 1
37 38 
LEAF 37 9
65 classes
42 1
-1 -1
LEAF 38 9
65 classes
24 0.341406
42 0.658594
-1 -1
NODE 28 7
2dots_tau0
0 -10 14 0 -13
29 30 
NODE 29 8
2dots_tau0
0 -15 11 6 8
33 34 
LEAF 33 9
65 classes
62 1
-1 -1
LEAF 34 9
65 classes
23 0.432685
33 0.35196
35 0.215355
-1 -1
NODE 30 8
2dots_tau0
0 -14 14 -11 2
31 32 
LEAF 31 9
65 classes
14 0.0577458
15 0.308615
23 0.0712551
27 0.0618869
32 0.0346733
33 0.115923
35 0.0354649
45 0.0647234
51 0.114498
61 0.0346733
63 0.100541
-1 -1
LEAF 32 9
65 classes
15 0.0682236
21 0.0450843
30 0.0466143
33 0.384394
35 0.2352
52 0.173869
59 0.0466143
-1 -1
NODE 12 6
2dots_tau0
0 2 -14 7 2
13 14 
NODE 13 7
2dots_tau0
0 13 2 13 -4
21 22 
NODE 21 8
2dots_tau0
0 -12 -10 7 8
25 26 
LEAF 25 9
65 classes
7 0.1528
30 0.101982
44 0.103623
59 0.203964
63 0.437631
-1 -1
LEAF 26 9
65 classes
3 0.222554
18 0.0974185
37 0.323019
44 0.244554
62 0.112454
-1 -1
NODE 22 8
2dots_tau0
0 11 2 7 -2
23 24 
LEAF 23 9
65 classes
2 0.111196
15 0.0957316
35 0.0660067
37 0.117048
44 0.199386
59 0.0654094
61 0.0645334
63 0.280689
-1 -1
LEAF 24 9
65 classes
20 0.300043
48 0.366456
50 0.333501
-1 -1
NODE 14 7
2dots_tau0
0 7 -12 -7 -3
15 16 
NODE 15 8
2dots_tau0
0 10 2 -10 -2
19 20 
LEAF 19 9
65 classes
59 1
-1 -1
LEAF 20 9
65 classes
17 0.228891
18 0.222184
59 0.548925
-1 -1
NODE 16 8
2dots_tau0
0 -9 9 5 -3
17 18 
LEAF 17 9
65 classes
44 0.503991
59 0.496009
-1 -1
LEAF 18 9
65 classes
32 0.496629
59 0.503371
-1 -1
