image_size: 32 32
class_number: 65
max_depth:  10
1023
NODE 0 0
2dots_tau0
0 -15 -2 10 -11
1 2 
NODE 1 1
2dots_tau0
0 -3 -9 0 -8
513 514 
NODE 513 2
2dots_tau0
0 1 -1 -10 6
769 770 
NODE 769 3
2dots_tau0
0 -15 -9 9 0
897 898 
NODE 897 4
2dots_tau0
0 14 -7 -4 2
961 962 
NODE 961 5
2dots_tau0
0 1 11 8 1
993 994 
NODE 993 6
2dots_tau0
0 14 -7 13 -10
1009 1010 
NODE 1009 7
2dots_tau0
0 0 -13 -4 -14
1017 1018 
NODE 1017 8
2dots_tau0
0 4 1 -10 2
1021 1022 
LEAF 1021 9
65 classes
7 0.0538583
18 0.116397
20 0.0514181
22 0.134078
24 0.282708
28 0.0625519
42 0.0363574
44 0.109574
51 0.117112
59 0.0359461
-1 -1
LEAF 1022 9
65 classes
42 0.168253
59 0.831747
-1 -1
NODE 1018 8
2dots_tau0
0 -6 -10 -10 2
1019 1020 
LEAF 1019 9
65 classes
3 0.0490155
5 0.0952415
7 0.0397109
14 0.217746
20 0.113735
24 0.166757
28 0.0922418
30 0.0265039
44 0.0269304
48 0.0926064
59 0.0795116
-1 -1
LEAF 1020 9
65 classes
1 0.0338032
3 0.0336617
5 0.196223
7 0.0272717
15 0.0266396
16 0.03059
22 0.0339458
24 0.0572609
28 0.0633477
30 0.0364034
42 0.01841
44 0.0369892
45 0.0335215
47 0.0957757
51 0.0395339
59 0.236622
-1 -1
NODE 1010 7
2dots_tau0
0 4 13 -13 12
1011 1012 
NODE 1011 8
2dots_tau0
0 -10 -1 -13 -8
1015 1016 
LEAF 1015 9
65 classes
7 0.394415
20 0.376545
28 0.22904
-1 -1
LEAF 1016 9
65 classes
7 0.150548
15 0.0735293
20 0.143727
24 0.632195
-1 -1
NODE 1012 8
2dots_tau0
0 4 11 -15 7
1013 1014 
LEAF 1013 9
65 classes
24 0.694233
53 0.305767
-1 -1
LEAF 1014 9
65 classes
5 0.147289
7 0.122824
14 0.269391
24 0.257887
51 0.0890249
53 0.113583
-1 -1
NODE 994 6
2dots_tau0
0 3 -2 4 11
995 996 
NODE 995 7
2dots_tau0
0 10 -14 13 12
1003 1004 
NODE 1003 8
2dots_tau0
0 -11 -5 -9 -7
1007 1008 
LEAF 1007 9
65 classes
1 0.249029
5 0.0602325
7 0.351595
14 0.0550825
19 0.0599887
24 0.0527302
30 0.0335231
42 0.0339066
51 0.0364059
55 0.0339844
59 0.0335231
-1 -1
LEAF 1008 9
65 classes
1 0.464642
7 0.124955
32 0.0822803
59 0.250192
62 0.0779315
-1 -1
NODE 1004 8
2dots_tau0
0 3 11 12 8
1005 1006 
LEAF 1005 9
65 classes
28 0.29868
51 0.1864
59 0.51492
-1 -1
LEAF 1006 9
65 classes
1 0.0745515
7 0.240587
14 0.0659601
15 0.117505
19 0.0718351
20 0.0574216
28 0.0698553
51 0.0435952
55 0.0406955
59 0.160572
63 0.0574216
-1 -1
NODE 996 7
2dots_tau0
0 11 -15 0 -7
997 998 
NODE 997 8
2dots_tau0
0 1 9 8 0
1001 1002 
LEAF 1001 9
65 classes
7 0.180703
20 0.345032
24 0.474265
-1 -1
LEAF 1002 9
65 classes
7 0.492159
14 0.231312
24 0.147623
48 0.0819802
59 0.0469253
-1 -1
NODE 998 8
2dots_tau0
0 0 3 8 -10
999 1000 
LEAF 999 9
65 classes
40 0.497041
47 0.502959
-1 -1
LEAF 1000 9
65 classes
1 0.144156
19 0.277806
41 0.156662
48 0.271218
59 0.0776224
62 0.0725351
-1 -1
NODE 962 5
2dots_tau0
0 -10 -15 -6 4
963 964 
NODE 963 6
2dots_tau0
0 10 -9 7 0
979 980 
NODE 979 7
2dots_tau0
0 -5 -13 0 -7
987 988 
NODE 987 8
2dots_tau0
0 -5 -14 0 -3
991 992 
LEAF 991 9
65 classes
1 0.120502
3 0.119997
15 0.18993
18 0.210105
22 0.12101
47 0.113807
49 0.0640164
62 0.0606329
-1 -1
LEAF 992 9
65 classes
15 0.0502237
18 0.222235
20 0.049086
32 0.0338562
39 0.163797
41 0.138517
45 0.126396
59 0.0686315
63 0.147258
-1 -1
NODE 988 8
2dots_tau0
0 11 15 -5 -1
989 990 
LEAF 989 9
65 classes
18 0.62291
20 0.157239
59 0.219851
-1 -1
LEAF 990 9
65 classes
18 0.238418
21 0.0474749
30 0.0490861
41 0.198137
44 0.149628
51 0.106614
63 0.210641
-1 -1
NODE 980 7
2dots_tau0
0 4 7 8 0
981 982 
NODE 981 8
2dots_tau0
0 -5 -12 -2 -15
985 986 
LEAF 985 9
65 classes
1 0.0515573
6 0.0454468
15 0.0406312
18 0.269684
19 0.0993573
24 0.131003
28 0.0483095
39 0.0265024
41 0.112061
51 0.030149
59 0.0277616
62 0.0778264
63 0.0397108
-1 -1
LEAF 986 9
65 classes
3 0.097106
15 0.107588
18 0.289041
19 0.0187922
24 0.0330368
32 0.0103609
41 0.254338
47 0.0184193
49 0.0621652
62 0.0490662
63 0.0600863
-1 -1
NODE 982 8
2dots_tau0
0 8 -13 2 -13
983 984 
LEAF 983 9
65 classes
3 0.108998
18 0.190846
24 0.185412
32 0.0581482
41 0.237903
45 0.108543
62 0.11015
-1 -1
LEAF 984 9
65 classes
3 0.300535
18 0.087702
19 0.0484669
28 0.0471312
32 0.0801651
45 0.0997611
51 0.0294136
62 0.151856
63 0.154969
-1 -1
NODE 964 6
2dots_tau0
0 12 6 -12 -7
965 966 
NODE 965 7
2dots_tau0
0 7 -12 -2 -3
973 974 
NODE 973 8
2dots_tau0
0 11 8 2 -14
977 978 
LEAF 977 9
65 classes
18 0.549366
19 0.303597
40 0.147036
-1 -1
LEAF 978 9
65 classes
19 0.21025
59 0.117493
63 0.672257
-1 -1
NODE 974 8
2dots_tau0
0 12 -12 14 -12
975 976 
LEAF 975 9
65 classes
18 0.307856
19 0.170131
44 0.144904
49 0.234499
59 0.14261
-1 -1
LEAF 976 9
65 classes
6 0.101473
18 0.334527
19 0.258818
20 0.0295553
44 0.0209945
49 0.081541
51 0.0224388
59 0.0619859
63 0.0886659
-1 -1
NODE 966 7
2dots_tau0
0 10 10 -11 -2
967 968 
NODE 967 8
2dots_tau0
0 -15 -6 -7 -4
971 972 
LEAF 971 9
65 classes
10 0.0539935
15 0.0582844
18 0.386855
19 0.356314
27 0.0701271
62 0.0744266
-1 -1
LEAF 972 9
65 classes
12 0.505773
18 0.203791
20 0.0900243
47 0.110387
63 0.0900243
-1 -1
NODE 968 8
2dots_tau0
0 -4 10 -9 -5
969 970 
LEAF 969 9
65 classes
0 0.0484858
1 0.0529677
12 0.171904
15 0.125228
18 0.138531
30 0.0285211
44 0.05796
47 0.050025
63 0.326377
-1 -1
LEAF 970 9
65 classes
10 0.0727539
12 0.053904
22 0.0250187
30 0.013415
41 0.16245
44 0.0136309
58 0.658827
-1 -1
NODE 898 4
2dots_tau0
0 -4 -1 3 1
899 900 
NODE 899 5
2dots_tau0
0 14 12 11 15
931 932 
NODE 931 6
2dots_tau0
0 -7 -8 -14 0
947 948 
NODE 947 7
2dots_tau0
0 7 -3 12 2
955 956 
NODE 955 8
2dots_tau0
0 14 -14 9 13
959 960 
LEAF 959 9
65 classes
35 0.668684
59 0.331316
-1 -1
LEAF 960 9
65 classes
6 0.105414
18 0.104255
27 0.113393
35 0.064981
41 0.519848
63 0.092109
-1 -1
NODE 956 8
2dots_tau0
0 -14 -15 2 4
957 958 
LEAF 957 9
65 classes
3 0.245698
14 0.327445
19 0.23774
27 0.116976
51 0.0721399
-1 -1
LEAF 958 9
65 classes
18 0.382711
23 0.319511
27 0.138752
41 0.159026
-1 -1
NODE 948 7
2dots_tau0
0 7 3 -14 -14
949 950 
NODE 949 8
2dots_tau0
0 12 -3 -1 -6
953 954 
LEAF 953 9
65 classes
18 0.0390733
19 0.0431863
35 0.0487078
44 0.171653
45 0.0444459
49 0.0238103
51 0.262089
52 0.225042
56 0.0457812
59 0.0724005
61 0.0238103
-1 -1
LEAF 954 9
65 classes
3 0.208397
48 0.196865
49 0.111176
63 0.483562
-1 -1
NODE 950 8
2dots_tau0
0 -14 -8 1 4
951 952 
LEAF 951 9
65 classes
14 1
-1 -1
LEAF 952 9
65 classes
55 1
-1 -1
NODE 932 6
2dots_tau0
0 -1 0 13 5
933 934 
NODE 933 7
2dots_tau0
0 -1 5 3 -9
941 942 
NODE 941 8
2dots_tau0
0 14 8 -1 3
945 946 
LEAF 945 9
65 classes
6 0.453441
49 0.546559
-1 -1
LEAF 946 9
65 classes
0 0.110143
12 0.130169
24 0.0509559
35 0.0980726
41 0.130763
49 0.159806
51 0.211085
59 0.032395
62 0.0302719
63 0.0463385
-1 -1
NODE 942 8
2dots_tau0
0 -7 -14 13 -10
943 944 
LEAF 943 9
65 classes
0 0.172013
18 0.163822
19 0.181067
35 0.306325
48 0.176773
-1 -1
LEAF 944 9
65 classes
18 0.788208
28 0.211792
-1 -1
NODE 934 7
2dots_tau0
0 15 0 -4 7
935 936 
NODE 935 8
2dots_tau0
0 -8 7 1 0
939 940 
LEAF 939 9
65 classes
1 0.190469
23 0.207943
42 0.103733
44 0.10421
52 0.191272
61 0.202373
-1 -1
LEAF 940 9
65 classes
6 0.14902
14 0.049858
18 0.294765
19 0.162896
35 0.0306206
51 0.197717
56 0.115123
-1 -1
NODE 936 8
2dots_tau0
0 4 -8 2 0
937 938 
LEAF 937 9
65 classes
0 0.300255
35 0.178233
41 0.356467
62 0.165045
-1 -1
LEAF 938 9
65 classes
23 0.501144
41 0.498856
-1 -1
NODE 900 5
2dots_tau0
0 -7 -2 -2 12
901 902 
NODE 901 6
2dots_tau0
0 -7 11 -2 -3
917 918 
NODE 917 7
2dots_tau0
0 11 2 9 11
925 926 
NODE 925 8
2dots_tau0
0 5 14 15 -14
929 930 
LEAF 929 9
65 classes
7 0.0197038
15 0.288706
17 0.0438688
24 0.22754
28 0.0457687
41 0.0265417
47 0.322923
56 0.0249469
-1 -1
LEAF 930 9
65 classes
14 0.168836
15 0.150387
19 0.091937
20 0.44094
52 0.0958162
55 0.0520836
-1 -1
NODE 926 8
2dots_tau0
0 8 -7 3 0
927 928 
LEAF 927 9
65 classes
17 0.0816038
24 0.153915
28 0.0851378
41 0.493721
56 0.185622
-1 -1
LEAF 928 9
65 classes
17 0.0233991
22 0.0523272
24 0.198601
28 0.244125
47 0.123031
58 0.344487
59 0.0140289
-1 -1
NODE 918 7
2dots_tau0
0 1 -11 -1 12
919 920 
NODE 919 8
2dots_tau0
0 10 3 -10 -2
923 924 
LEAF 923 9
65 classes
0 0.0112315
3 0.0977473
6 0.38936
13 0.0139057
15 0.193391
17 0.0220392
18 0.117664
19 0.0118227
20 0.00945048
24 0.0103922
35 0.0266685
41 0.0133342
42 0.00668238
45 0.024335
48 0.0115423
50 0.0105043
51 0.00717494
55 0.00669771
59 0.00660679
63 0.00945048
-1 -1
LEAF 924 9
65 classes
0 0.365343
3 0.0993611
17 0.0896124
19 0.0961429
32 0.0530074
35 0.108435
47 0.0942353
48 0.0938628
-1 -1
NODE 920 8
2dots_tau0
0 -4 -3 8 0
921 922 
LEAF 921 9
65 classes
18 1
-1 -1
LEAF 922 9
65 classes
6 0.206724
15 0.585262
18 0.0340754
20 0.0903163
49 0.0415294
59 0.0420931
-1 -1
NODE 902 6
2dots_tau0
0 0 14 -8 10
903 904 
NODE 903 7
2dots_tau0
0 1 -4 -2 15
911 912 
NODE 911 8
2dots_tau0
0 -13 -14 8 7
915 916 
LEAF 915 9
65 classes
0 0.0371408
3 0.0404042
15 0.0639511
16 0.0734343
22 0.0814904
28 0.4182
55 0.0664446
59 0.0218475
62 0.0408313
63 0.156256
-1 -1
LEAF 916 9
65 classes
3 0.0505676
4 0.0906425
5 0.0122822
6 0.0447617
15 0.0400188
16 0.0229765
18 0.121742
20 0.0293341
22 0.0127486
24 0.0645142
27 0.0722251
28 0.0237907
35 0.00689821
44 0.00694578
47 0.0839282
49 0.22256
55 0.048509
59 0.00683578
62 0.0191633
63 0.0195561
-1 -1
NODE 912 8
2dots_tau0
0 -12 8 11 -5
913 914 
LEAF 913 9
65 classes
2 0.0122666
4 0.0478399
10 0.00978321
12 0.0144969
18 0.0584126
24 0.0453997
27 0.0381194
28 0.0251128
35 0.00728157
41 0.0145631
47 0.164529
49 0.170857
53 0.00999789
58 0.35437
62 0.0269711
-1 -1
LEAF 914 9
65 classes
0 0.0972939
1 0.0265719
3 0.0264607
4 0.221344
6 0.0234226
7 0.0214376
20 0.0204663
23 0.0290096
24 0.0450114
44 0.0145382
49 0.310559
56 0.0814262
61 0.0423489
62 0.0401106
-1 -1
NODE 904 7
2dots_tau0
0 -5 -15 2 -1
905 906 
NODE 905 8
2dots_tau0
0 -6 9 -9 3
909 910 
LEAF 909 9
65 classes
14 0.264032
48 0.56146
51 0.174508
-1 -1
LEAF 910 9
65 classes
56 0.654815
59 0.345185
-1 -1
NODE 906 8
2dots_tau0
0 -3 3 0 7
907 908 
LEAF 907 9
65 classes
22 0.105238
28 0.0490973
49 0.0556728
55 0.0286025
58 0.692817
59 0.0282143
63 0.0403583
-1 -1
LEAF 908 9
65 classes
0 0.101738
5 0.0358428
15 0.116786
16 0.134104
20 0.05707
22 0.0744077
27 0.0702575
28 0.0694277
44 0.0202697
47 0.0699787
49 0.0196815
52 0.0744077
55 0.0404464
56 0.0756851
59 0.0398974
-1 -1
NODE 770 3
2dots_tau0
0 -8 -13 0 -13
771 772 
NODE 771 4
2dots_tau0
0 13 12 12 6
835 836 
NODE 835 5
2dots_tau0
0 10 -3 7 10
867 868 
NODE 867 6
2dots_tau0
0 -12 -12 -5 1
883 884 
NODE 883 7
2dots_tau0
0 -1 -7 6 1
891 892 
NODE 891 8
2dots_tau0
0 -15 -14 4 3
895 896 
LEAF 895 9
65 classes
7 0.749073
30 0.166649
42 0.0842779
-1 -1
LEAF 896 9
65 classes
0 0.335807
19 0.353481
24 0.310711
-1 -1
NODE 892 8
2dots_tau0
0 7 3 10 2
893 894 
LEAF 893 9
65 classes
7 0.48111
15 0.0783264
17 0.0892625
24 0.08418
40 0.092763
51 0.174358
-1 -1
LEAF 894 9
65 classes
1 0.103791
7 0.418682
14 0.27549
16 0.0939249
59 0.0558874
62 0.0522246
-1 -1
NODE 884 7
2dots_tau0
0 -9 8 -13 10
885 886 
NODE 885 8
2dots_tau0
0 8 11 -7 3
889 890 
LEAF 889 9
65 classes
19 0.472222
59 0.527778
-1 -1
LEAF 890 9
65 classes
5 0.0563823
27 0.0552592
47 0.0550399
58 0.770558
59 0.0627604
-1 -1
NODE 886 8
2dots_tau0
0 -4 8 -10 -5
887 888 
LEAF 887 9
65 classes
45 0.337264
47 0.321204
52 0.341533
-1 -1
LEAF 888 9
65 classes
6 0.147708
7 0.405571
30 0.180458
51 0.0979881
52 0.168275
-1 -1
NODE 868 6
2dots_tau0
0 5 2 13 -12
869 870 
NODE 869 7
2dots_tau0
0 -3 0 2 11
877 878 
NODE 877 8
2dots_tau0
0 6 -1 -7 -3
881 882 
LEAF 881 9
65 classes
24 0.0273885
48 0.0304197
58 0.855131
59 0.0870608
-1 -1
LEAF 882 9
65 classes
39 0.498493
45 0.240419
59 0.261088
-1 -1
NODE 878 8
2dots_tau0
0 10 2 4 11
879 880 
LEAF 879 9
65 classes
1 0.304993
20 0.117457
24 0.129161
45 0.151226
47 0.144024
52 0.15314
-1 -1
LEAF 880 9
65 classes
1 0.0602674
3 0.0300076
12 0.0325992
13 0.0341515
20 0.0232098
23 0.0328983
24 0.0765675
39 0.0309798
41 0.130992
47 0.0569192
52 0.0605217
58 0.398434
59 0.0324517
-1 -1
NODE 870 7
2dots_tau0
0 3 12 13 -7
871 872 
NODE 871 8
2dots_tau0
0 -10 15 6 15
875 876 
LEAF 875 9
65 classes
1 0.2573
30 0.138546
39 0.132262
51 0.15046
53 0.191966
62 0.129466
-1 -1
LEAF 876 9
65 classes
23 0.498834
47 0.215765
53 0.170448
62 0.114953
-1 -1
NODE 872 8
2dots_tau0
0 -4 -13 5 -8
873 874 
LEAF 873 9
65 classes
7 0.168654
30 0.168845
53 0.155966
59 0.506535
-1 -1
LEAF 874 9
65 classes
0 0.121276
7 0.106887
40 0.123654
51 0.0774735
59 0.57071
-1 -1
NODE 836 5
2dots_tau0
0 0 0 2 -5
837 838 
NODE 837 6
2dots_tau0
0 -6 -14 10 -2
853 854 
NODE 853 7
2dots_tau0
0 0 -3 4 -7
861 862 
NODE 861 8
2dots_tau0
0 2 -3 4 6
865 866 
LEAF 865 9
65 classes
7 0.13346
14 0.14636
19 0.318792
21 0.0861506
24 0.14011
39 0.0850341
42 0.0900934
-1 -1
LEAF 866 9
65 classes
5 0.126216
7 0.105251
12 0.423397
24 0.110495
39 0.0670608
53 0.0973327
59 0.0702469
-1 -1
NODE 862 8
2dots_tau0
0 -7 13 2 -2
863 864 
LEAF 863 9
65 classes
24 0.695552
30 0.110549
47 0.193899
-1 -1
LEAF 864 9
65 classes
24 0.472795
47 0.527205
-1 -1
NODE 854 7
2dots_tau0
0 -5 -15 -4 -13
855 856 
NODE 855 8
2dots_tau0
0 12 -3 -7 10
859 860 
LEAF 859 9
65 classes
1 0.139644
7 0.492896
14 0.216214
19 0.0336389
24 0.0295687
45 0.0692401
59 0.0187982
-1 -1
LEAF 860 9
65 classes
1 0.837931
7 0.0965751
44 0.0654935
-1 -1
NODE 856 8
2dots_tau0
0 -8 -14 11 6
857 858 
LEAF 857 9
65 classes
12 0.667674
30 0.332326
-1 -1
LEAF 858 9
65 classes
1 0.158415
7 0.383417
19 0.0508808
27 0.0500699
45 0.10473
51 0.0308785
56 0.107876
59 0.113734
-1 -1
NODE 838 6
2dots_tau0
0 -3 9 -6 -4
839 840 
NODE 839 7
2dots_tau0
0 -15 1 3 14
847 848 
NODE 847 8
2dots_tau0
0 -3 -15 14 15
851 852 
LEAF 851 9
65 classes
14 0.464143
56 0.535857
-1 -1
LEAF 852 9
65 classes
3 0.16166
7 0.523887
9 0.162339
40 0.0757581
48 0.076357
-1 -1
NODE 848 8
2dots_tau0
0 8 -9 -5 10
849 850 
LEAF 849 9
65 classes
4 0.884393
40 0.115607
-1 -1
LEAF 850 9
65 classes
48 0.315291
56 0.684709
-1 -1
NODE 840 7
2dots_tau0
0 -13 -1 5 -4
841 842 
NODE 841 8
2dots_tau0
0 -12 -12 -2 5
845 846 
LEAF 845 9
65 classes
3 0.0382918
7 0.961708
-1 -1
LEAF 846 9
65 classes
3 1
-1 -1
NODE 842 8
2dots_tau0
0 -12 15 -3 -9
843 844 
LEAF 843 9
65 classes
28 1
-1 -1
LEAF 844 9
65 classes
35 0.146026
41 0.584104
52 0.269871
-1 -1
NODE 772 4
2dots_tau0
0 4 -7 -6 8
773 774 
NODE 773 5
2dots_tau0
0 3 12 0 13
805 806 
NODE 805 6
2dots_tau0
0 11 9 3 -7
821 822 
NODE 821 7
2dots_tau0
0 -10 0 13 5
829 830 
NODE 829 8
2dots_tau0
0 14 -15 15 -11
833 834 
LEAF 833 9
65 classes
14 0.542517
53 0.457483
-1 -1
LEAF 834 9
65 classes
1 1
-1 -1
NODE 830 8
2dots_tau0
0 4 7 4 -8
831 832 
LEAF 831 9
65 classes
4 0.112556
6 0.250125
7 0.0763093
19 0.182277
40 0.176559
51 0.0553102
56 0.0966148
61 0.0502483
-1 -1
LEAF 832 9
65 classes
1 0.0929313
3 0.37017
7 0.0749751
14 0.0822217
56 0.379702
-1 -1
NODE 822 7
2dots_tau0
0 14 0 10 3
823 824 
NODE 823 8
2dots_tau0
0 3 10 -8 -13
827 828 
LEAF 827 9
65 classes
0 0.119986
7 0.10575
15 0.103299
24 0.111019
30 0.0705798
41 0.284897
56 0.13389
59 0.0705798
-1 -1
LEAF 828 9
65 classes
62 1
-1 -1
NODE 824 8
2dots_tau0
0 -1 15 -2 1
825 826 
LEAF 825 9
65 classes
35 0.217511
40 0.373607
56 0.408883
-1 -1
LEAF 826 9
65 classes
6 0.229416
40 0.242911
41 0.282842
48 0.244831
-1 -1
NODE 806 6
2dots_tau0
0 -4 0 -11 14
807 808 
NODE 807 7
2dots_tau0
0 8 15 7 8
815 816 
NODE 815 8
2dots_tau0
0 -5 -1 -4 8
819 820 
LEAF 819 9
65 classes
41 0.459694
49 0.224717
53 0.315589
-1 -1
LEAF 820 9
65 classes
-1 -1
NODE 816 8
2dots_tau0
0 4 -10 2 -6
817 818 
LEAF 817 9
65 classes
1 0.341435
24 0.289187
35 0.185529
59 0.18385
-1 -1
LEAF 818 9
65 classes
0 0.458333
12 0.541667
-1 -1
NODE 808 7
2dots_tau0
0 1 -4 -15 13
809 810 
NODE 809 8
2dots_tau0
0 -4 12 13 -12
813 814 
LEAF 813 9
65 classes
4 1
-1 -1
LEAF 814 9
65 classes
5 1
-1 -1
NODE 810 8
2dots_tau0
0 -11 1 12 12
811 812 
LEAF 811 9
65 classes
1 0.122319
5 0.355024
19 0.117862
24 0.207203
30 0.197592
-1 -1
LEAF 812 9
65 classes
49 0.5
61 0.5
-1 -1
NODE 774 5
2dots_tau0
0 -11 -1 1 0
775 776 
NODE 775 6
2dots_tau0
0 -1 -6 -11 -3
791 792 
NODE 791 7
2dots_tau0
0 -13 -10 2 0
799 800 
NODE 799 8
2dots_tau0
0 4 9 1 10
803 804 
LEAF 803 9
65 classes
30 1
-1 -1
LEAF 804 9
65 classes
23 0.669697
30 0.330303
-1 -1
NODE 800 8
2dots_tau0
0 2 -10 14 -13
801 802 
LEAF 801 9
65 classes
40 0.36479
41 0.424755
59 0.210456
-1 -1
LEAF 802 9
65 classes
23 0.813036
52 0.186964
-1 -1
NODE 792 7
2dots_tau0
0 -9 -11 -12 14
793 794 
NODE 793 8
2dots_tau0
0 4 -15 2 -8
797 798 
LEAF 797 9
65 classes
1 0.467617
40 0.290962
42 0.0848915
52 0.15653
-1 -1
LEAF 798 9
65 classes
1 0.787879
59 0.212121
-1 -1
NODE 794 8
2dots_tau0
0 11 -11 -13 13
795 796 
LEAF 795 9
65 classes
0 0.62963
59 0.37037
-1 -1
LEAF 796 9
65 classes
0 0.0711769
1 0.155513
5 0.0752276
7 0.313661
40 0.0725725
45 0.0385542
52 0.273295
-1 -1
NODE 776 6
2dots_tau0
0 -9 -10 -3 5
777 778 
NODE 777 7
2dots_tau0
0 3 -13 4 10
785 786 
NODE 785 8
2dots_tau0
0 0 -7 10 3
789 790 
LEAF 789 9
65 classes
-1 -1
LEAF 790 9
65 classes
14 0.484674
48 0.515326
-1 -1
NODE 786 8
2dots_tau0
0 15 10 13 0
787 788 
LEAF 787 9
65 classes
59 1
-1 -1
LEAF 788 9
65 classes
1 0.762
28 0.238
-1 -1
NODE 778 7
2dots_tau0
0 10 14 8 -2
779 780 
NODE 779 8
2dots_tau0
0 -6 4 10 -5
783 784 
LEAF 783 9
65 classes
13 0.31079
23 0.498975
52 0.0917946
59 0.0984403
-1 -1
LEAF 784 9
65 classes
23 0.112971
52 0.831311
59 0.0557185
-1 -1
NODE 780 8
2dots_tau0
0 -15 -11 10 4
781 782 
LEAF 781 9
65 classes
27 0.46822
30 0.26589
59 0.26589
-1 -1
LEAF 782 9
65 classes
1 0.182928
12 0.0989472
27 0.0867266
45 0.453508
48 0.086041
52 0.0918497
-1 -1
NODE 514 2
2dots_tau0
0 12 14 -6 1
515 516 
NODE 515 3
2dots_tau0
0 2 8 5 9
643 644 
NODE 643 4
2dots_tau0
0 1 8 15 6
707 708 
NODE 707 5
2dots_tau0
0 -14 14 -9 -9
739 740 
NODE 739 6
2dots_tau0
0 -11 -10 -10 -10
755 756 
NODE 755 7
2dots_tau0
0 7 -10 -4 1
763 764 
NODE 763 8
2dots_tau0
0 -1 -11 10 -14
767 768 
LEAF 767 9
65 classes
0 0.00918316
5 0.0970578
6 0.0176861
10 0.21972
11 0.022419
15 0.00790603
16 0.0363136
17 0.0630692
20 0.00772693
22 0.0805948
28 0.188002
30 0.0162056
37 0.00966648
40 0.0374529
44 0.0109776
47 0.00947469
48 0.037749
49 0.0159885
53 0.0149694
54 0.0174917
59 0.0108037
63 0.0695424
-1 -1
LEAF 768 9
65 classes
0 0.0374797
2 0.0281098
5 0.059419
10 0.134513
15 0.0403341
18 0.00892373
19 0.00986307
20 0.0551885
22 0.13363
24 0.164724
28 0.105504
48 0.0481458
51 0.0059857
53 0.0610954
54 0.107085
-1 -1
NODE 764 8
2dots_tau0
0 -6 -13 0 -11
765 766 
LEAF 765 9
65 classes
6 0.32901
9 0.0233279
11 0.0260659
15 0.0551527
18 0.0203371
19 0.0224779
28 0.393452
49 0.0123929
51 0.0818483
63 0.0359355
-1 -1
LEAF 766 9
65 classes
6 0.386117
10 0.0282168
11 0.0143954
15 0.152296
17 0.0115707
18 0.101084
19 0.0124139
20 0.0496153
23 0.0140652
28 0.048287
33 0.0114411
45 0.0127759
49 0.0889752
51 0.0376686
54 0.0112316
63 0.0198461
-1 -1
NODE 756 7
2dots_tau0
0 6 -13 1 -7
757 758 
NODE 757 8
2dots_tau0
0 5 6 9 -13
761 762 
LEAF 761 9
65 classes
0 0.173904
15 0.149718
16 0.08596
24 0.0804537
28 0.0890059
47 0.0897123
51 0.0555467
53 0.14174
54 0.0828113
59 0.0511482
-1 -1
LEAF 762 9
65 classes
15 1
-1 -1
NODE 758 8
2dots_tau0
0 15 -1 -6 0
759 760 
LEAF 759 9
65 classes
0 0.0326981
6 0.0944613
10 0.234704
11 0.0798264
12 0.0386432
16 0.129301
28 0.0669411
40 0.0333393
48 0.0336028
49 0.0379532
50 0.030581
52 0.0358714
54 0.124564
63 0.027513
-1 -1
LEAF 760 9
65 classes
11 0.152512
27 0.517691
40 0.127393
47 0.128909
59 0.0734957
-1 -1
NODE 740 6
2dots_tau0
0 -3 -8 8 14
741 742 
NODE 741 7
2dots_tau0
0 -2 -11 -9 15
749 750 
NODE 749 8
2dots_tau0
0 5 -12 10 13
753 754 
LEAF 753 9
65 classes
6 0.0894077
12 0.109728
15 0.159868
20 0.23437
24 0.171816
59 0.0546156
62 0.102072
63 0.0781233
-1 -1
LEAF 754 9
65 classes
6 0.0812954
11 0.206101
12 0.199543
15 0.145363
19 0.0888655
20 0.14207
47 0.0871023
59 0.0496601
-1 -1
NODE 750 8
2dots_tau0
0 -15 1 -2 10
751 752 
LEAF 751 9
65 classes
15 0.427665
19 0.130723
20 0.313482
47 0.12813
-1 -1
LEAF 752 9
65 classes
-1 -1
NODE 742 7
2dots_tau0
0 0 0 -12 2
743 744 
NODE 743 8
2dots_tau0
0 11 1 15 -10
747 748 
LEAF 747 9
65 classes
6 0.0206557
10 0.00855374
11 0.0130916
12 0.0126751
15 0.018467
16 0.0106027
20 0.496338
22 0.0352977
27 0.0222193
28 0.186633
33 0.0104049
35 0.00636648
48 0.0220436
49 0.0684681
54 0.0204287
56 0.0119679
59 0.00630887
62 0.0294769
-1 -1
LEAF 748 9
65 classes
6 0.0418848
15 0.0187233
18 0.0207122
20 0.494077
22 0.119292
24 0.0402451
28 0.111308
49 0.025243
51 0.013893
54 0.0414245
63 0.0731967
-1 -1
NODE 744 8
2dots_tau0
0 0 -4 -9 0
745 746 
LEAF 745 9
65 classes
6 0.277085
35 0.341612
42 0.0855985
48 0.295704
-1 -1
LEAF 746 9
65 classes
1 0.118212
5 0.228736
9 0.118212
19 0.113905
40 0.110331
48 0.222407
53 0.088196
-1 -1
NODE 708 5
2dots_tau0
0 -14 15 12 -13
709 710 
NODE 709 6
2dots_tau0
0 -12 5 -1 13
725 726 
NODE 725 7
2dots_tau0
0 -11 0 12 -7
733 734 
NODE 733 8
2dots_tau0
0 -14 -4 -2 -4
737 738 
LEAF 737 9
65 classes
2 0.0374212
5 0.0988771
7 0.0494721
14 0.0723384
15 0.0483254
20 0.0629742
22 0.328422
28 0.114915
41 0.0222135
42 0.0111322
47 0.0386092
49 0.0325765
51 0.0717163
59 0.0110062
-1 -1
LEAF 738 9
65 classes
4 0.0725349
5 0.117943
6 0.0537295
15 0.0480364
20 0.0469482
22 0.122422
28 0.28557
35 0.033121
47 0.115135
51 0.0712874
55 0.0332729
-1 -1
NODE 734 8
2dots_tau0
0 -5 2 8 9
735 736 
LEAF 735 9
65 classes
6 0.0635476
14 0.446487
15 0.113628
22 0.072396
53 0.0537864
55 0.0393529
59 0.155275
63 0.0555271
-1 -1
LEAF 736 9
65 classes
2 0.0627967
6 0.0604709
9 0.0343007
14 0.0910436
15 0.0270317
16 0.0310402
22 0.241118
28 0.12856
42 0.0186809
45 0.102045
51 0.0200579
55 0.093619
56 0.0350368
59 0.0369393
62 0.0172591
-1 -1
NODE 726 7
2dots_tau0
0 -9 -8 -13 -7
727 728 
NODE 727 8
2dots_tau0
0 -11 7 0 -10
731 732 
LEAF 731 9
65 classes
11 0.19131
16 0.464817
22 0.343873
-1 -1
LEAF 732 9
65 classes
11 0.372095
12 0.0720512
13 0.150964
16 0.120542
18 0.0580632
20 0.0512986
35 0.0361901
49 0.0707645
56 0.0680311
-1 -1
NODE 728 8
2dots_tau0
0 12 -12 5 -14
729 730 
LEAF 729 9
65 classes
16 0.0700325
22 0.310862
28 0.507598
50 0.0662538
51 0.0452544
-1 -1
LEAF 730 9
65 classes
2 0.104829
4 0.136278
5 0.0738635
11 0.0853071
16 0.138178
28 0.0357685
37 0.0735644
47 0.0360524
48 0.10773
51 0.0223224
53 0.0284803
55 0.0208376
56 0.0779846
63 0.0588039
-1 -1
NODE 710 6
2dots_tau0
0 4 10 -6 12
711 712 
NODE 711 7
2dots_tau0
0 15 12 0 4
719 720 
NODE 719 8
2dots_tau0
0 10 10 -9 8
723 724 
LEAF 723 9
65 classes
2 0.160846
6 0.0258147
16 0.0265018
19 0.056437
20 0.135339
35 0.0159132
44 0.0961375
45 0.0290415
51 0.102751
53 0.0218494
55 0.0799309
56 0.029914
59 0.18923
61 0.015558
62 0.0147357
-1 -1
LEAF 724 9
65 classes
44 0.14454
55 0.144208
59 0.711252
-1 -1
NODE 720 8
2dots_tau0
0 -12 -2 7 -12
721 722 
LEAF 721 9
65 classes
19 0.180627
22 0.188249
42 0.102094
48 0.529031
-1 -1
LEAF 722 9
65 classes
20 0.310894
28 0.378213
63 0.310894
-1 -1
NODE 712 7
2dots_tau0
0 -11 15 -9 -7
713 714 
NODE 713 8
2dots_tau0
0 -12 -12 3 -1
717 718 
LEAF 717 9
65 classes
51 0.520612
59 0.479388
-1 -1
LEAF 718 9
65 classes
2 0.110955
22 0.304308
44 0.0994771
45 0.120202
51 0.0708805
55 0.0992489
59 0.130536
61 0.0643937
-1 -1
NODE 714 8
2dots_tau0
0 11 -14 3 6
715 716 
LEAF 715 9
65 classes
1 0.246258
22 0.247297
40 0.229841
51 0.144003
59 0.132601
-1 -1
LEAF 716 9
65 classes
9 0.222609
20 0.17146
55 0.486064
59 0.119867
-1 -1
NODE 644 4
2dots_tau0
0 11 0 -7 -13
645 646 
NODE 645 5
2dots_tau0
0 5 -10 10 11
677 678 
NODE 677 6
2dots_tau0
0 -13 4 9 0
693 694 
NODE 693 7
2dots_tau0
0 -12 4 9 11
701 702 
NODE 701 8
2dots_tau0
0 4 -15 12 -2
705 706 
LEAF 705 9
65 classes
0 0.0343913
2 0.309522
5 0.109046
18 0.0327536
22 0.113187
24 0.0318211
40 0.0701313
47 0.212899
48 0.0353428
51 0.0219699
63 0.0289377
-1 -1
LEAF 706 9
65 classes
0 0.12549
1 0.0342726
5 0.066316
7 0.138252
18 0.0298786
22 0.344172
40 0.0639755
44 0.0187514
47 0.0647371
51 0.0400829
55 0.0187084
59 0.0553634
-1 -1
NODE 702 8
2dots_tau0
0 -8 -3 14 6
703 704 
LEAF 703 9
65 classes
5 0.240979
40 0.232474
47 0.235241
51 0.291306
-1 -1
LEAF 704 9
65 classes
2 0.802113
51 0.085401
63 0.112486
-1 -1
NODE 694 7
2dots_tau0
0 2 4 -15 0
695 696 
NODE 695 8
2dots_tau0
0 -7 9 3 -15
699 700 
LEAF 699 9
65 classes
1 0.0432868
11 0.290204
12 0.140485
18 0.0377372
22 0.0869389
27 0.246269
28 0.0405601
40 0.040401
50 0.074117
-1 -1
LEAF 700 9
65 classes
2 0.0988652
4 0.0183607
5 0.0149274
6 0.0408015
11 0.206881
12 0.0500746
15 0.0121594
17 0.0554285
22 0.123954
27 0.13167
28 0.0144572
37 0.0446008
40 0.0288011
48 0.0145144
49 0.0163935
53 0.0460456
55 0.050534
62 0.0077635
63 0.0237679
-1 -1
NODE 696 8
2dots_tau0
0 5 10 15 -15
697 698 
LEAF 697 9
65 classes
1 0.0409947
2 0.0750519
3 0.0408232
5 0.0793231
11 0.0458063
22 0.329341
27 0.0388715
28 0.0384124
40 0.114785
47 0.116152
48 0.0385642
56 0.0418744
-1 -1
LEAF 698 9
65 classes
2 0.0885062
17 0.0868363
22 0.679668
47 0.0608773
48 0.0303183
51 0.0188465
55 0.017593
59 0.0173542
-1 -1
NODE 678 6
2dots_tau0
0 -15 -11 -7 0
679 680 
NODE 679 7
2dots_tau0
0 -7 -7 11 -14
687 688 
NODE 687 8
2dots_tau0
0 -3 1 1 6
691 692 
LEAF 691 9
65 classes
1 0.050861
3 0.00844137
4 0.0403497
6 0.156916
7 0.212007
9 0.0169537
11 0.0378871
14 0.0149999
15 0.0267217
17 0.274074
18 0.0443404
22 0.0085126
37 0.00816796
39 0.00435742
44 0.0092758
47 0.0080059
49 0.00450332
51 0.0247849
56 0.0173175
61 0.0315232
-1 -1
LEAF 692 9
65 classes
4 0.269553
5 0.0121749
6 0.0443709
7 0.0659923
9 0.0125842
11 0.168734
15 0.0396694
16 0.00569399
17 0.129973
18 0.0329125
19 0.0121257
20 0.029078
22 0.00631864
27 0.0417635
28 0.0117915
33 0.00558775
37 0.00606283
40 0.0117452
45 0.0124793
48 0.00591904
49 0.0300841
55 0.00343467
56 0.0385627
59 0.00338805
-1 -1
NODE 688 8
2dots_tau0
0 3 10 0 -10
689 690 
LEAF 689 9
65 classes
1 0.0183952
3 0.0274774
5 0.284752
6 0.0567526
7 0.0519431
9 0.0183952
11 0.0102771
14 0.024413
18 0.00801842
19 0.0443123
20 0.0425054
24 0.0389507
28 0.0430911
35 0.00499778
37 0.00886247
40 0.0429221
42 0.0100184
45 0.0273629
48 0.121132
49 0.00488623
51 0.0161353
52 0.0554185
54 0.0240553
55 0.00502071
59 0.00990511
-1 -1
LEAF 690 9
65 classes
2 0.104074
6 0.0601317
7 0.0366905
14 0.0402368
17 0.0612662
18 0.0198236
22 0.205513
28 0.106532
35 0.0123558
47 0.0429512
48 0.0855629
51 0.0265939
55 0.186188
61 0.01208
-1 -1
NODE 680 7
2dots_tau0
0 -3 -10 -7 -6
681 682 
NODE 681 8
2dots_tau0
0 3 -2 4 5
685 686 
LEAF 685 9
65 classes
9 0.048607
11 0.217248
12 0.210336
23 0.0530664
27 0.138269
37 0.140508
47 0.13772
51 0.0284238
61 0.0258225
-1 -1
LEAF 686 9
65 classes
3 0.0198538
6 0.0351485
9 0.099686
10 0.0145554
11 0.378713
12 0.0431368
14 0.0176396
18 0.0173811
23 0.0435326
35 0.0216669
39 0.0102485
45 0.0197711
50 0.0682742
52 0.0200213
54 0.139049
56 0.0407301
61 0.0105916
-1 -1
NODE 682 8
2dots_tau0
0 15 12 -13 6
683 684 
LEAF 683 9
65 classes
1 0.0339472
3 0.0169026
6 0.0149619
7 0.191715
9 0.0169736
11 0.0189658
16 0.0153601
18 0.05919
19 0.0327103
20 0.0784411
22 0.187497
30 0.00913964
45 0.0336643
48 0.0798363
49 0.00901723
51 0.049628
52 0.0340905
59 0.0548378
61 0.0631206
-1 -1
LEAF 684 9
65 classes
7 0.120748
9 0.336749
10 0.136582
19 0.0360532
22 0.0375745
37 0.0360532
40 0.0349221
45 0.185524
52 0.0375745
56 0.0382195
-1 -1
NODE 646 5
2dots_tau0
0 -15 1 1 1
647 648 
NODE 647 6
2dots_tau0
0 -5 -11 8 0
663 664 
NODE 663 7
2dots_tau0
0 -13 7 -10 -10
671 672 
NODE 671 8
2dots_tau0
0 0 5 15 1
675 676 
LEAF 675 9
65 classes
3 0.274209
6 0.242726
51 0.483066
-1 -1
LEAF 676 9
65 classes
7 0.199537
24 0.104739
41 0.134391
51 0.361569
59 0.199763
-1 -1
NODE 672 8
2dots_tau0
0 0 -5 0 -2
673 674 
LEAF 673 9
65 classes
3 0.773228
7 0.0313223
52 0.0779753
53 0.0289658
62 0.0586051
63 0.0299032
-1 -1
LEAF 674 9
65 classes
3 0.311763
7 0.505162
51 0.183075
-1 -1
NODE 664 7
2dots_tau0
0 12 -9 9 -7
665 666 
NODE 665 8
2dots_tau0
0 2 -3 -14 9
669 670 
LEAF 669 9
65 classes
51 0.281553
53 0.718447
-1 -1
LEAF 670 9
65 classes
19 0.532197
24 0.467803
-1 -1
NODE 666 8
2dots_tau0
0 6 14 -10 -11
667 668 
LEAF 667 9
65 classes
28 0.189278
40 0.188535
41 0.329291
53 0.075355
59 0.217541
-1 -1
LEAF 668 9
65 classes
3 0.394962
48 0.373107
51 0.231931
-1 -1
NODE 648 6
2dots_tau0
0 10 10 -3 -1
649 650 
NODE 649 7
2dots_tau0
0 0 1 -1 -3
657 658 
NODE 657 8
2dots_tau0
0 15 -15 14 5
661 662 
LEAF 661 9
65 classes
3 0.0373065
7 0.0604491
15 0.029524
18 0.195962
20 0.173131
24 0.0951913
27 0.142092
28 0.140413
51 0.0219072
53 0.0838519
59 0.0201725
-1 -1
LEAF 662 9
65 classes
4 0.0227518
5 0.0184974
6 0.0505595
15 0.0753369
17 0.0171711
18 0.416699
20 0.132535
22 0.0383996
27 0.0543867
28 0.0179148
45 0.0568794
47 0.018057
48 0.0179856
62 0.048101
63 0.0147261
-1 -1
NODE 658 8
2dots_tau0
0 12 10 3 3
659 660 
LEAF 659 9
65 classes
18 0.90541
19 0.0588657
51 0.0357244
-1 -1
LEAF 660 9
65 classes
12 0.197381
18 0.318124
27 0.173004
28 0.17096
63 0.140531
-1 -1
NODE 650 7
2dots_tau0
0 9 7 -5 9
651 652 
NODE 651 8
2dots_tau0
0 8 -3 -13 13
655 656 
LEAF 655 9
65 classes
13 0.0567861
20 0.231555
22 0.0503168
24 0.127314
27 0.332572
41 0.108905
59 0.0539596
63 0.0385925
-1 -1
LEAF 656 9
65 classes
15 0.0805593
20 0.236203
22 0.102654
24 0.0865798
27 0.0969279
28 0.191566
48 0.0961617
49 0.0543056
59 0.0550428
-1 -1
NODE 652 8
2dots_tau0
0 -1 -2 8 -4
653 654 
LEAF 653 9
65 classes
18 0.0559711
20 0.0494502
24 0.163133
49 0.0682148
51 0.0750866
59 0.241993
63 0.346152
-1 -1
LEAF 654 9
65 classes
24 0.34897
59 0.443713
62 0.207316
-1 -1
NODE 516 3
2dots_tau0
0 -11 -5 10 0
517 518 
NODE 517 4
2dots_tau0
0 8 10 -6 0
581 582 
NODE 581 5
2dots_tau0
0 -11 0 11 9
613 614 
NODE 613 6
2dots_tau0
0 6 4 9 -1
629 630 
NODE 629 7
2dots_tau0
0 0 -3 -14 12
637 638 
NODE 637 8
2dots_tau0
0 14 -9 -6 13
641 642 
LEAF 641 9
65 classes
24 0.122258
35 0.15687
41 0.31374
54 0.251682
59 0.15545
-1 -1
LEAF 642 9
65 classes
15 0.0497756
27 0.539004
41 0.343201
59 0.0680191
-1 -1
NODE 638 8
2dots_tau0
0 14 -5 -6 0
639 640 
LEAF 639 9
65 classes
15 0.103158
24 0.720634
59 0.176208
-1 -1
LEAF 640 9
65 classes
3 0.114496
21 0.0598789
24 0.292149
27 0.109023
40 0.107312
41 0.249905
51 0.067235
-1 -1
NODE 630 7
2dots_tau0
0 9 2 10 0
631 632 
NODE 631 8
2dots_tau0
0 -3 -4 4 10
635 636 
LEAF 635 9
65 classes
44 0.483373
51 0.516627
-1 -1
LEAF 636 9
65 classes
24 0.312117
40 0.687883
-1 -1
NODE 632 8
2dots_tau0
0 5 -5 8 5
633 634 
LEAF 633 9
65 classes
7 0.327724
14 0.3594
20 0.312876
-1 -1
LEAF 634 9
65 classes
59 1
-1 -1
NODE 614 6
2dots_tau0
0 3 0 -5 -5
615 616 
NODE 615 7
2dots_tau0
0 0 1 0 8
623 624 
NODE 623 8
2dots_tau0
0 -3 -1 7 -10
627 628 
LEAF 627 9
65 classes
15 0.138984
18 0.153747
27 0.167223
28 0.165248
51 0.103128
63 0.27167
-1 -1
LEAF 628 9
65 classes
5 0.12829
20 0.102134
24 0.112311
28 0.248499
35 0.144107
45 0.131497
52 0.133162
-1 -1
NODE 624 8
2dots_tau0
0 14 -11 -12 11
625 626 
LEAF 625 9
65 classes
15 0.174284
18 0.192798
19 0.213092
20 0.170336
35 0.120168
51 0.129321
-1 -1
LEAF 626 9
65 classes
6 0.315575
19 0.344961
27 0.339464
-1 -1
NODE 616 7
2dots_tau0
0 12 -8 1 13
617 618 
NODE 617 8
2dots_tau0
0 0 -5 0 12
621 622 
LEAF 621 9
65 classes
52 1
-1 -1
LEAF 622 9
65 classes
59 1
-1 -1
NODE 618 8
2dots_tau0
0 -13 4 -6 -15
619 620 
LEAF 619 9
65 classes
6 0.335793
18 0.664207
-1 -1
LEAF 620 9
65 classes
0 0.262956
18 0.250434
24 0.486609
-1 -1
NODE 582 5
2dots_tau0
0 -11 -2 11 10
583 584 
NODE 583 6
2dots_tau0
0 11 -15 -6 6
599 600 
NODE 599 7
2dots_tau0
0 2 -7 9 10
607 608 
NODE 607 8
2dots_tau0
0 -9 -14 -6 8
611 612 
LEAF 611 9
65 classes
5 0.0377298
14 0.0690078
15 0.184402
22 0.0391626
24 0.363334
30 0.0839959
41 0.169526
51 0.0228048
63 0.0300374
-1 -1
LEAF 612 9
65 classes
14 0.417507
19 0.181877
22 0.0947758
30 0.0508187
41 0.102566
59 0.152456
-1 -1
NODE 608 8
2dots_tau0
0 12 -7 15 -5
609 610 
LEAF 609 9
65 classes
22 1
-1 -1
LEAF 610 9
65 classes
59 1
-1 -1
NODE 600 7
2dots_tau0
0 -15 11 -8 -11
601 602 
NODE 601 8
2dots_tau0
0 6 -6 1 2
605 606 
LEAF 605 9
65 classes
0 0.18424
19 0.0484841
21 0.0262048
22 0.0505299
27 0.0954229
30 0.162564
35 0.0273415
47 0.142566
48 0.0473343
51 0.029424
59 0.108376
63 0.0775118
-1 -1
LEAF 606 9
65 classes
7 0.0532025
15 0.207877
19 0.0635415
27 0.187587
30 0.106525
41 0.143331
47 0.0622808
51 0.038562
59 0.0355085
63 0.101584
-1 -1
NODE 602 8
2dots_tau0
0 9 -5 -14 0
603 604 
LEAF 603 9
65 classes
15 0.101397
27 0.487997
28 0.120558
35 0.0699129
48 0.121035
63 0.0990998
-1 -1
LEAF 604 9
65 classes
0 0.348139
5 0.0735904
12 0.0411437
22 0.0381925
27 0.108187
35 0.0413316
41 0.289321
59 0.0409576
62 0.0191366
-1 -1
NODE 584 6
2dots_tau0
0 -13 -4 14 -13
585 586 
NODE 585 7
2dots_tau0
0 -4 -9 0 3
593 594 
NODE 593 8
2dots_tau0
0 10 -1 15 -2
597 598 
LEAF 597 9
65 classes
27 1
-1 -1
LEAF 598 9
65 classes
-1 -1
NODE 594 8
2dots_tau0
0 15 -7 -6 -5
595 596 
LEAF 595 9
65 classes
-1 -1
LEAF 596 9
65 classes
5 0.244664
22 0.253955
27 0.23979
49 0.134347
62 0.127246
-1 -1
NODE 586 7
2dots_tau0
0 -10 -15 4 -5
587 588 
NODE 587 8
2dots_tau0
0 12 2 5 14
591 592 
LEAF 591 9
65 classes
-1 -1
LEAF 592 9
65 classes
63 1
-1 -1
NODE 588 8
2dots_tau0
0 8 1 -4 -12
589 590 
LEAF 589 9
65 classes
59 0.259011
63 0.740989
-1 -1
LEAF 590 9
65 classes
63 1
-1 -1
NODE 518 4
2dots_tau0
0 15 -9 3 0
519 520 
NODE 519 5
2dots_tau0
0 0 -6 9 -4
551 552 
NODE 551 6
2dots_tau0
0 -5 -14 6 3
567 568 
NODE 567 7
2dots_tau0
0 -13 5 -7 -8
575 576 
NODE 575 8
2dots_tau0
0 -11 1 10 -4
579 580 
LEAF 579 9
65 classes
44 1
-1 -1
LEAF 580 9
65 classes
63 1
-1 -1
NODE 576 8
2dots_tau0
0 2 7 -12 15
577 578 
LEAF 577 9
65 classes
27 0.367227
42 0.632773
-1 -1
LEAF 578 9
65 classes
-1 -1
NODE 568 7
2dots_tau0
0 -15 14 11 13
569 570 
NODE 569 8
2dots_tau0
0 4 -11 -1 -13
573 574 
LEAF 573 9
65 classes
19 0.230252
35 0.129845
49 0.253893
59 0.38601
-1 -1
LEAF 574 9
65 classes
15 0.694443
19 0.169815
63 0.135742
-1 -1
NODE 570 8
2dots_tau0
0 -14 14 15 -14
571 572 
LEAF 571 9
65 classes
5 0.373159
12 0.417259
35 0.209582
-1 -1
LEAF 572 9
65 classes
12 0.288641
19 0.128544
35 0.217469
51 0.078011
59 0.287335
-1 -1
NODE 552 6
2dots_tau0
0 -12 5 -3 -11
553 554 
NODE 553 7
2dots_tau0
0 6 5 -7 -2
561 562 
NODE 561 8
2dots_tau0
0 9 9 9 6
565 566 
LEAF 565 9
65 classes
9 0.524475
19 0.168455
22 0.0877813
24 0.0740362
51 0.0511159
59 0.0941366
-1 -1
LEAF 566 9
65 classes
9 0.500975
15 0.0263205
17 0.0299955
19 0.160907
23 0.0364624
24 0.0565751
45 0.09936
51 0.0390604
52 0.0335392
62 0.0168051
-1 -1
NODE 562 8
2dots_tau0
0 3 11 -11 7
563 564 
LEAF 563 9
65 classes
-1 -1
LEAF 564 9
65 classes
0 0.148509
7 0.523556
28 0.152017
55 0.0885602
59 0.0873581
-1 -1
NODE 554 7
2dots_tau0
0 1 2 -14 13
555 556 
NODE 555 8
2dots_tau0
0 -3 2 6 -13
559 560 
LEAF 559 9
65 classes
12 0.537516
15 0.0652614
33 0.147082
40 0.0772899
42 0.0451005
52 0.08316
59 0.0445903
-1 -1
LEAF 560 9
65 classes
24 1
-1 -1
NODE 556 8
2dots_tau0
0 -3 -9 8 0
557 558 
LEAF 557 9
65 classes
-1 -1
LEAF 558 9
65 classes
19 0.781609
59 0.218391
-1 -1
NODE 520 5
2dots_tau0
0 5 4 -13 1
521 522 
NODE 521 6
2dots_tau0
0 10 -2 7 0
537 538 
NODE 537 7
2dots_tau0
0 8 -13 4 0
545 546 
NODE 545 8
2dots_tau0
0 14 0 11 -7
549 550 
LEAF 549 9
65 classes
17 0.502814
33 0.497186
-1 -1
LEAF 550 9
65 classes
40 1
-1 -1
NODE 546 8
2dots_tau0
0 9 -13 3 7
547 548 
LEAF 547 9
65 classes
15 1
-1 -1
LEAF 548 9
65 classes
9 0.0464171
11 0.0172884
12 0.234336
15 0.268256
18 0.0404662
20 0.0595861
27 0.132039
28 0.0144977
33 0.0137404
35 0.0252221
37 0.0149086
41 0.0336294
49 0.00821969
50 0.0794767
63 0.0119172
-1 -1
NODE 538 7
2dots_tau0
0 2 0 3 14
539 540 
NODE 539 8
2dots_tau0
0 3 -5 3 -15
543 544 
LEAF 543 9
65 classes
0 0.0235128
6 0.0792467
11 0.0143505
12 0.180621
15 0.263156
20 0.0692447
27 0.0487117
28 0.0481364
33 0.0228109
35 0.0279147
37 0.0123751
47 0.0727776
51 0.0525715
54 0.0111966
55 0.0140214
63 0.0593526
-1 -1
LEAF 544 9
65 classes
5 0.137405
6 0.0834606
15 0.0746171
17 0.0425177
20 0.21878
24 0.320774
47 0.044711
54 0.0412717
63 0.0364634
-1 -1
NODE 540 8
2dots_tau0
0 -1 -12 -11 -2
541 542 
LEAF 541 9
65 classes
6 0.0232342
12 0.0570295
15 0.0207723
18 0.0459578
19 0.0253977
24 0.0669741
27 0.424881
33 0.0468152
35 0.0286449
37 0.126989
41 0.0572899
50 0.0225656
56 0.0269238
62 0.0265253
-1 -1
LEAF 542 9
65 classes
0 0.0677011
6 0.0651936
27 0.140257
35 0.0401878
37 0.0712643
40 0.138057
41 0.160751
50 0.316588
-1 -1
NODE 522 6
2dots_tau0
0 3 -2 14 -5
523 524 
NODE 523 7
2dots_tau0
0 12 -15 15 11
531 532 
NODE 531 8
2dots_tau0
0 2 10 3 2
535 536 
LEAF 535 9
65 classes
0 0.105671
1 0.115439
35 0.125454
37 0.222465
40 0.430971
-1 -1
LEAF 536 9
65 classes
22 0.631988
51 0.368012
-1 -1
NODE 532 8
2dots_tau0
0 -10 -7 8 -13
533 534 
LEAF 533 9
65 classes
0 0.0655635
1 0.143248
22 0.791188
-1 -1
LEAF 534 9
65 classes
1 0.159696
19 0.0769385
40 0.447149
47 0.150824
48 0.0751139
51 0.0466924
55 0.0435867
-1 -1
NODE 524 7
2dots_tau0
0 -7 13 1 -5
525 526 
NODE 525 8
2dots_tau0
0 -1 7 -5 14
529 530 
LEAF 529 9
65 classes
-1 -1
LEAF 530 9
65 classes
3 0.331469
22 0.668531
-1 -1
NODE 526 8
2dots_tau0
0 11 8 -15 8
527 528 
LEAF 527 9
65 classes
40 1
-1 -1
LEAF 528 9
65 classes
19 0.340454
40 0.659546
-1 -1
NODE 2 1
2dots_tau0
0 2 3 13 2
3 4 
NODE 3 2
2dots_tau0
0 15 1 -2 -14
259 260 
NODE 259 3
2dots_tau0
0 4 -4 -9 -10
387 388 
NODE 387 4
2dots_tau0
0 -4 -14 11 1
451 452 
NODE 451 5
2dots_tau0
0 -10 -2 -5 -13
483 484 
NODE 483 6
2dots_tau0
0 0 -7 9 5
499 500 
NODE 499 7
2dots_tau0
0 -3 2 8 3
507 508 
NODE 507 8
2dots_tau0
0 -14 11 11 10
511 512 
LEAF 511 9
65 classes
14 0.0978379
51 0.646644
63 0.255518
-1 -1
LEAF 512 9
65 classes
0 0.282738
47 0.145857
49 0.0820446
51 0.0903095
53 0.230445
55 0.168605
-1 -1
NODE 508 8
2dots_tau0
0 -3 12 7 -12
509 510 
LEAF 509 9
65 classes
19 0.284785
28 0.276936
47 0.279134
59 0.159144
-1 -1
LEAF 510 9
65 classes
15 0.189597
47 0.113608
53 0.53848
55 0.0656633
63 0.0926511
-1 -1
NODE 500 7
2dots_tau0
0 -13 10 15 1
501 502 
NODE 501 8
2dots_tau0
0 12 9 -12 -11
505 506 
LEAF 505 9
65 classes
47 0.153145
53 0.846856
-1 -1
LEAF 506 9
65 classes
19 1
-1 -1
NODE 502 8
2dots_tau0
0 -13 11 9 15
503 504 
LEAF 503 9
65 classes
19 0.469957
35 0.530043
-1 -1
LEAF 504 9
65 classes
35 0.107007
53 0.734625
55 0.053749
61 0.104619
-1 -1
NODE 484 6
2dots_tau0
0 -5 -11 -10 9
485 486 
NODE 485 7
2dots_tau0
0 2 -8 -2 -12
493 494 
NODE 493 8
2dots_tau0
0 0 -7 0 -12
497 498 
LEAF 497 9
65 classes
12 0.120513
16 0.100809
18 0.194233
39 0.171789
41 0.121063
49 0.0591803
55 0.0608091
63 0.171604
-1 -1
LEAF 498 9
65 classes
12 0.327225
15 0.317835
23 0.110076
27 0.0956036
28 0.0944744
35 0.0547865
-1 -1
NODE 494 8
2dots_tau0
0 -1 14 -10 -4
495 496 
LEAF 495 9
65 classes
21 0.0755264
27 0.137512
30 0.156179
35 0.394013
41 0.157605
55 0.0791641
-1 -1
LEAF 496 9
65 classes
21 0.490208
35 0.127868
49 0.125014
55 0.25691
-1 -1
NODE 486 7
2dots_tau0
0 -13 6 5 0
487 488 
NODE 487 8
2dots_tau0
0 -4 0 -4 5
491 492 
LEAF 491 9
65 classes
15 0.288902
20 0.282358
51 0.42874
-1 -1
LEAF 492 9
65 classes
35 0.735986
51 0.264014
-1 -1
NODE 488 8
2dots_tau0
0 1 13 13 12
489 490 
LEAF 489 9
65 classes
9 0.107566
12 0.349099
16 0.0973408
37 0.103646
47 0.10159
53 0.240758
-1 -1
LEAF 490 9
65 classes
15 0.0823657
16 0.472898
17 0.0938658
28 0.0979309
47 0.197416
61 0.0555233
-1 -1
NODE 452 5
2dots_tau0
0 4 13 0 13
453 454 
NODE 453 6
2dots_tau0
0 2 3 10 -10
469 470 
NODE 469 7
2dots_tau0
0 15 -9 6 -15
477 478 
NODE 477 8
2dots_tau0
0 0 -12 6 -12
481 482 
LEAF 481 9
65 classes
10 0.33937
12 0.0239469
16 0.0133544
32 0.00391987
45 0.00731709
46 0.351221
47 0.0278746
48 0.0138822
49 0.031359
51 0.0129442
54 0.0450283
55 0.0322221
58 0.0975613
-1 -1
LEAF 482 9
65 classes
0 0.0360711
9 0.00985136
10 0.194187
11 0.0220152
12 0.0213148
13 0.0111649
15 0.00776365
16 0.0356597
19 0.0094924
20 0.0531145
21 0.00513047
24 0.00834386
27 0.0280234
32 0.00523354
35 0.00535302
45 0.0195385
46 0.156308
47 0.00930406
48 0.0185346
49 0.0471018
50 0.118075
51 0.00576075
53 0.0146998
54 0.0772953
55 0.0806637
-1 -1
NODE 478 8
2dots_tau0
0 -6 -6 11 -11
479 480 
LEAF 479 9
65 classes
0 0.10584
6 0.10192
20 0.0890562
27 0.109635
32 0.184275
49 0.0614249
53 0.258793
63 0.0890562
-1 -1
LEAF 480 9
65 classes
0 0.0123602
2 0.103002
4 0.00535611
12 0.00486919
15 0.00354709
16 0.00407309
17 0.00808469
20 0.00346674
24 0.00762435
27 0.00426782
32 0.145858
33 0.0239826
35 0.00978284
37 0.0130108
46 0.0714148
47 0.0127526
48 0.00423408
49 0.0143467
50 0.0308265
53 0.00671612
54 0.345302
55 0.15233
61 0.00239112
63 0.0104002
-1 -1
NODE 470 7
2dots_tau0
0 6 -6 14 4
471 472 
NODE 471 8
2dots_tau0
0 12 -15 14 0
475 476 
LEAF 475 9
65 classes
0 0.0168452
2 0.154415
3 0.00305423
9 0.0674753
11 0.00342704
12 0.003318
13 0.010428
16 0.149878
17 0.00275457
19 0.0945698
21 0.00479186
22 0.00308
27 0.00872463
28 0.00574772
30 0.013212
32 0.140126
35 0.00333315
39 0.00472976
40 0.00286259
45 0.06083
46 0.097328
47 0.00869
48 0.00577044
49 0.0179231
50 0.0813984
52 0.00924
53 0.0114414
54 0.00802154
55 0.00167422
59 0.00165149
61 0.00325875
-1 -1
LEAF 476 9
65 classes
0 0.0158461
2 0.0633844
4 0.0103
5 0.00837395
6 0.0152592
9 0.0173109
11 0.00967133
12 0.0187272
13 0.019619
15 0.0136423
16 0.219315
17 0.00777356
19 0.0250202
21 0.0135229
27 0.0164143
28 0.0567715
32 0.0137946
35 0.00940636
37 0.0500403
40 0.0161568
41 0.00940636
45 0.0171666
47 0.0326983
48 0.0651381
49 0.0045982
50 0.192661
51 0.00506141
53 0.0387459
55 0.0141743
-1 -1
NODE 472 8
2dots_tau0
0 0 13 3 -7
473 474 
LEAF 473 9
65 classes
5 0.15966
12 0.0595098
19 0.0530047
27 0.05216
30 0.0592405
32 0.321459
37 0.0530047
45 0.0545506
48 0.155243
51 0.0321674
-1 -1
LEAF 474 9
65 classes
2 0.479179
5 0.0844081
19 0.0420332
21 0.0681545
32 0.0695237
35 0.118518
39 0.0448475
49 0.0463491
55 0.0238124
61 0.0231746
-1 -1
NODE 454 6
2dots_tau0
0 -14 -15 2 -14
455 456 
NODE 455 7
2dots_tau0
0 9 10 -13 11
463 464 
NODE 463 8
2dots_tau0
0 8 6 0 -13
467 468 
LEAF 467 9
65 classes
2 0.108933
12 0.0936279
16 0.33286
19 0.062545
22 0.010864
24 0.0549773
28 0.0101369
32 0.00574725
35 0.0705416
48 0.010177
49 0.0114945
50 0.0463088
53 0.00807137
54 0.0188628
55 0.0118109
58 0.143043
-1 -1
LEAF 468 9
65 classes
47 0.344528
48 0.343166
50 0.312306
-1 -1
NODE 464 8
2dots_tau0
0 -1 13 0 -11
465 466 
LEAF 465 9
65 classes
2 0.359352
15 0.0309376
16 0.0355253
19 0.0756531
22 0.0788452
28 0.0735682
42 0.0213802
51 0.114781
53 0.175733
54 0.034224
-1 -1
LEAF 466 9
65 classes
15 0.0605363
16 0.0695131
22 0.154278
28 0.431857
42 0.16734
53 0.0573102
63 0.0591649
-1 -1
NODE 456 7
2dots_tau0
0 15 0 -8 -14
457 458 
NODE 457 8
2dots_tau0
0 0 2 1 -12
461 462 
LEAF 461 9
65 classes
0 0.00453941
2 0.0567426
5 0.00239888
6 0.00655693
9 0.0223156
10 0.211793
12 0.021459
13 0.00843034
14 0.00219377
15 0.0136784
16 0.0740459
19 0.0453941
21 0.0025826
22 0.00248997
24 0.00630025
27 0.00470218
32 0.169924
33 0.0154137
35 0.00134731
37 0.014335
42 0.0013504
45 0.031965
47 0.00936704
48 0.00699751
49 0.0158069
50 0.0360867
51 0.00579974
53 0.0110995
54 0.155637
55 0.0257164
56 0.00253272
61 0.00526896
63 0.00572935
-1 -1
LEAF 462 9
65 classes
0 0.0810133
2 0.22831
5 0.00778399
6 0.00709208
9 0.0160913
10 0.0117476
12 0.0261117
16 0.138336
19 0.00775247
21 0.00419007
22 0.00807958
27 0.0152579
28 0.0150776
32 0.0213712
33 0.078595
37 0.0155049
40 0.0225278
47 0.022796
48 0.0151372
49 0.0555652
50 0.0344399
53 0.0780351
54 0.0631273
55 0.0131756
59 0.00433226
61 0.00854849
-1 -1
NODE 458 8
2dots_tau0
0 3 13 4 5
459 460 
LEAF 459 9
65 classes
18 0.16921
22 0.194912
24 0.164392
28 0.181867
53 0.289619
-1 -1
LEAF 460 9
65 classes
0 0.126075
6 0.121406
9 0.137729
28 0.129053
40 0.128547
49 0.0731685
53 0.102757
55 0.0751823
63 0.106083
-1 -1
NODE 388 4
2dots_tau0
0 -1 3 4 0
389 390 
NODE 389 5
2dots_tau0
0 11 9 4 -6
421 422 
NODE 421 6
2dots_tau0
0 12 13 -5 -5
437 438 
NODE 437 7
2dots_tau0
0 7 -6 -9 14
445 446 
NODE 445 8
2dots_tau0
0 4 0 12 5
449 450 
LEAF 449 9
65 classes
5 0.157216
20 0.312906
22 0.0815932
24 0.275268
39 0.0417659
59 0.131251
-1 -1
LEAF 450 9
65 classes
5 0.167977
20 0.178306
21 0.120562
24 0.196073
56 0.0591165
59 0.0934897
61 0.184475
-1 -1
NODE 446 8
2dots_tau0
0 -9 11 -5 14
447 448 
LEAF 447 9
65 classes
5 0.227479
20 0.241467
24 0.531054
-1 -1
LEAF 448 9
65 classes
24 1
-1 -1
NODE 438 7
2dots_tau0
0 11 -13 8 -8
439 440 
NODE 439 8
2dots_tau0
0 -13 -14 -11 14
443 444 
LEAF 443 9
65 classes
48 0.777485
59 0.222515
-1 -1
LEAF 444 9
65 classes
59 1
-1 -1
NODE 440 8
2dots_tau0
0 3 -5 -12 -3
441 442 
LEAF 441 9
65 classes
35 1
-1 -1
LEAF 442 9
65 classes
5 0.496571
14 0.227057
59 0.276372
-1 -1
NODE 422 6
2dots_tau0
0 -11 -14 8 -2
423 424 
NODE 423 7
2dots_tau0
0 -1 -4 14 7
431 432 
NODE 431 8
2dots_tau0
0 -11 15 0 6
435 436 
LEAF 435 9
65 classes
5 0.742947
22 0.257053
-1 -1
LEAF 436 9
65 classes
21 0.12079
24 0.196445
35 0.50412
63 0.178644
-1 -1
NODE 432 8
2dots_tau0
0 -15 5 5 -11
433 434 
LEAF 433 9
65 classes
22 0.650957
59 0.349043
-1 -1
LEAF 434 9
65 classes
5 0.309778
20 0.246619
24 0.271193
59 0.17241
-1 -1
NODE 424 7
2dots_tau0
0 -4 14 6 12
425 426 
NODE 425 8
2dots_tau0
0 4 -3 -1 0
429 430 
LEAF 429 9
65 classes
42 1
-1 -1
LEAF 430 9
65 classes
15 0.422562
59 0.577438
-1 -1
NODE 426 8
2dots_tau0
0 11 -2 4 5
427 428 
LEAF 427 9
65 classes
19 0.308604
35 0.17403
59 0.517366
-1 -1
LEAF 428 9
65 classes
19 0.262507
35 0.148035
41 0.296069
59 0.29339
-1 -1
NODE 390 5
2dots_tau0
0 3 1 -2 0
391 392 
NODE 391 6
2dots_tau0
0 -9 -8 13 1
407 408 
NODE 407 7
2dots_tau0
0 -15 1 5 8
415 416 
NODE 415 8
2dots_tau0
0 -8 -6 0 -14
419 420 
LEAF 419 9
65 classes
2 0.0962396
5 0.508583
22 0.316738
53 0.0784398
-1 -1
LEAF 420 9
65 classes
5 0.780749
35 0.219251
-1 -1
NODE 416 8
2dots_tau0
0 -14 -1 15 -9
417 418 
LEAF 417 9
65 classes
2 0.0711456
5 0.82714
20 0.0598636
59 0.0418504
-1 -1
LEAF 418 9
65 classes
0 0.0612171
3 0.066596
5 0.129402
17 0.030031
19 0.322195
20 0.0257548
21 0.0522422
22 0.033579
35 0.181695
39 0.0343768
48 0.0629109
-1 -1
NODE 408 7
2dots_tau0
0 3 4 5 -8
409 410 
NODE 409 8
2dots_tau0
0 6 15 -1 -12
413 414 
LEAF 413 9
65 classes
7 0.0349008
15 0.0340918
17 0.0388518
20 0.0333195
22 0.0434419
24 0.769431
61 0.0459631
-1 -1
LEAF 414 9
65 classes
20 0.197733
21 0.534787
35 0.0697481
63 0.197733
-1 -1
NODE 410 8
2dots_tau0
0 -13 -1 -1 12
411 412 
LEAF 411 9
65 classes
22 0.403373
42 0.218763
48 0.377864
-1 -1
LEAF 412 9
65 classes
2 0.305966
21 0.522217
39 0.171817
-1 -1
NODE 392 6
2dots_tau0
0 5 -5 9 7
393 394 
NODE 393 7
2dots_tau0
0 6 -13 4 -11
401 402 
NODE 401 8
2dots_tau0
0 -7 -5 -1 -8
405 406 
LEAF 405 9
65 classes
35 1
-1 -1
LEAF 406 9
65 classes
42 1
-1 -1
NODE 402 8
2dots_tau0
0 -5 -4 4 -5
403 404 
LEAF 403 9
65 classes
-1 -1
LEAF 404 9
65 classes
-1 -1
NODE 394 7
2dots_tau0
0 10 -15 6 -3
395 396 
NODE 395 8
2dots_tau0
0 -4 -4 10 -10
399 400 
LEAF 399 9
65 classes
3 0.478166
41 0.521834
-1 -1
LEAF 400 9
65 classes
5 0.845283
61 0.154717
-1 -1
NODE 396 8
2dots_tau0
0 2 -8 -3 -14
397 398 
LEAF 397 9
65 classes
-1 -1
LEAF 398 9
65 classes
3 1
-1 -1
NODE 260 3
2dots_tau0
0 -15 -13 -10 -2
261 262 
NODE 261 4
2dots_tau0
0 -7 -1 1 -6
325 326 
NODE 325 5
2dots_tau0
0 -15 9 -12 3
357 358 
NODE 357 6
2dots_tau0
0 10 -12 4 12
373 374 
NODE 373 7
2dots_tau0
0 12 6 7 2
381 382 
NODE 381 8
2dots_tau0
0 -10 -11 -13 -12
385 386 
LEAF 385 9
65 classes
3 0.155177
15 0.122805
35 0.169348
39 0.0801019
53 0.232522
63 0.240047
-1 -1
LEAF 386 9
65 classes
15 0.09329
18 0.1548
35 0.0964848
45 0.0586949
51 0.103834
53 0.264955
63 0.227942
-1 -1
NODE 382 8
2dots_tau0
0 0 6 -5 -13
383 384 
LEAF 383 9
65 classes
0 0.0633641
3 0.0344658
6 0.0610173
15 0.163656
17 0.0310843
19 0.0333495
22 0.0347567
27 0.0328181
35 0.0376134
41 0.263294
51 0.0607174
53 0.0516447
62 0.0522452
63 0.0799741
-1 -1
LEAF 384 9
65 classes
3 0.0530364
27 0.0505008
30 0.0573562
35 0.02894
41 0.17364
42 0.145031
53 0.437093
56 0.0544022
-1 -1
NODE 374 7
2dots_tau0
0 2 11 8 -13
375 376 
NODE 375 8
2dots_tau0
0 7 -8 5 0
379 380 
LEAF 379 9
65 classes
3 0.271923
6 0.0601756
15 0.0537994
18 0.0595143
22 0.137109
24 0.05782
40 0.127431
41 0.0741891
59 0.0367588
62 0.0686994
63 0.0525806
-1 -1
LEAF 380 9
65 classes
0 0.106622
3 0.270646
6 0.068449
7 0.0313241
12 0.0420028
15 0.183588
18 0.0676968
23 0.0423881
24 0.0657695
35 0.0421946
56 0.0793186
-1 -1
NODE 376 8
2dots_tau0
0 11 6 7 14
377 378 
LEAF 377 9
65 classes
27 1
-1 -1
LEAF 378 9
65 classes
7 0.111847
18 0.12086
35 0.0753306
41 0.301323
53 0.103432
61 0.0736491
63 0.213559
-1 -1
NODE 358 6
2dots_tau0
0 10 5 -15 13
359 360 
NODE 359 7
2dots_tau0
0 -5 -10 -10 -12
367 368 
NODE 367 8
2dots_tau0
0 -2 8 -9 5
371 372 
LEAF 371 9
65 classes
20 0.0949422
24 0.0522013
39 0.0316816
41 0.200939
62 0.620236
-1 -1
LEAF 372 9
65 classes
3 0.0444688
12 0.144928
20 0.13758
21 0.0232561
41 0.582359
62 0.0674083
-1 -1
NODE 368 8
2dots_tau0
0 -9 -15 4 4
369 370 
LEAF 369 9
65 classes
3 0.2323
21 0.0867766
39 0.0342608
40 0.0933104
62 0.553352
-1 -1
LEAF 370 9
65 classes
1 0.0667983
20 0.0514498
24 0.16973
40 0.24938
41 0.362968
53 0.099674
-1 -1
NODE 360 7
2dots_tau0
0 -8 4 -8 8
361 362 
NODE 361 8
2dots_tau0
0 3 6 15 -15
365 366 
LEAF 365 9
65 classes
3 0.410613
15 0.216637
41 0.298741
59 0.0740094
-1 -1
LEAF 366 9
65 classes
3 0.360469
42 0.394289
51 0.105838
63 0.139405
-1 -1
NODE 362 8
2dots_tau0
0 12 -1 -1 -7
363 364 
LEAF 363 9
65 classes
15 1
-1 -1
LEAF 364 9
65 classes
3 0.563869
63 0.436131
-1 -1
NODE 326 5
2dots_tau0
0 -2 9 0 10
327 328 
NODE 327 6
2dots_tau0
0 -6 -13 -10 -5
343 344 
NODE 343 7
2dots_tau0
0 11 -5 10 -12
351 352 
NODE 351 8
2dots_tau0
0 -12 -7 11 -3
355 356 
LEAF 355 9
65 classes
15 0.150881
18 0.166909
20 0.147463
24 0.0810784
33 0.0850113
63 0.368658
-1 -1
LEAF 356 9
65 classes
0 0.0801791
5 0.00605301
6 0.0220599
12 0.0203051
13 0.0567254
18 0.0272718
22 0.00628287
23 0.0204914
24 0.00529908
27 0.00593243
33 0.0166684
35 0.0509946
37 0.012057
41 0.00679927
42 0.081778
46 0.198539
48 0.00588554
49 0.0465325
50 0.00535626
51 0.00365858
53 0.0140035
54 0.059998
55 0.0102457
59 0.00673774
62 0.0566654
63 0.173481
-1 -1
NODE 352 8
2dots_tau0
0 9 -7 12 -4
353 354 
LEAF 353 9
65 classes
0 0.00719244
3 0.0156488
6 0.0138521
9 0.00785729
13 0.0890493
15 0.0247687
16 0.0213312
18 0.0684994
20 0.00605189
21 0.00409198
23 0.0428907
24 0.0266197
27 0.0149007
30 0.00846169
32 0.00417418
33 0.00697774
35 0.0426948
37 0.00757099
39 0.0242337
41 0.00853897
42 0.0813058
46 0.124669
49 0.0292193
51 0.0413521
54 0.0410997
55 0.0428907
62 0.0790712
63 0.114986
-1 -1
LEAF 354 9
65 classes
3 0.0614451
5 0.0298483
12 0.0667517
15 0.0243135
21 0.0321343
23 0.0336821
27 0.0585075
35 0.0502924
42 0.0168025
49 0.0491698
53 0.0230178
54 0.0806889
62 0.093142
63 0.380204
-1 -1
NODE 344 7
2dots_tau0
0 11 4 15 7
345 346 
NODE 345 8
2dots_tau0
0 9 6 8 8
349 350 
LEAF 349 9
65 classes
17 0.0573412
35 0.0693855
39 0.0328195
42 0.312949
48 0.060061
49 0.237429
53 0.0476346
55 0.0348519
63 0.147528
-1 -1
LEAF 350 9
65 classes
5 0.0579192
16 0.0541753
17 0.107533
18 0.0521909
20 0.0461104
27 0.0567654
32 0.0318038
33 0.372152
42 0.0652087
49 0.0318038
51 0.0350076
53 0.0893299
-1 -1
NODE 346 8
2dots_tau0
0 15 8 3 -9
347 348 
LEAF 347 9
65 classes
5 0.0843387
17 0.0782918
18 0.30399
21 0.0453989
22 0.0875414
24 0.0738339
42 0.0474767
48 0.0820052
51 0.101952
55 0.0951712
-1 -1
LEAF 348 9
65 classes
2 0.0338189
6 0.0325663
20 0.056912
28 0.0346178
39 0.0189912
42 0.0201211
49 0.333659
51 0.129625
53 0.055128
63 0.28456
-1 -1
NODE 328 6
2dots_tau0
0 -9 -3 10 0
329 330 
NODE 329 7
2dots_tau0
0 13 3 -15 -6
337 338 
NODE 337 8
2dots_tau0
0 5 1 -15 -13
341 342 
LEAF 341 9
65 classes
7 0.0577152
24 0.181772
35 0.0777442
41 0.155488
48 0.0672964
49 0.0760089
53 0.053373
63 0.330602
-1 -1
LEAF 342 9
65 classes
12 0.450486
39 0.107027
51 0.121753
63 0.320734
-1 -1
NODE 338 8
2dots_tau0
0 5 7 14 -5
339 340 
LEAF 339 9
65 classes
0 0.133478
5 0.0352685
17 0.0327398
18 0.222463
20 0.0280778
24 0.0926268
28 0.0341577
33 0.161867
42 0.0397073
51 0.127902
62 0.0917129
-1 -1
LEAF 340 9
65 classes
15 0.0827117
18 0.045749
20 0.121257
42 0.4287
47 0.148684
51 0.09206
63 0.080838
-1 -1
NODE 330 7
2dots_tau0
0 -6 -5 -7 10
331 332 
NODE 331 8
2dots_tau0
0 0 10 2 14
335 336 
LEAF 335 9
65 classes
0 0.0887782
3 0.0275939
5 0.0134044
6 0.0610644
12 0.0749427
13 0.0471068
15 0.0109188
16 0.0125379
21 0.00721549
24 0.0469392
27 0.0131374
30 0.0149207
33 0.110736
35 0.0301139
45 0.0137395
48 0.0130335
49 0.00736044
50 0.0711686
54 0.0120787
55 0.0302521
62 0.111543
63 0.181415
-1 -1
LEAF 336 9
65 classes
3 0.0580924
6 0.0385669
12 0.0157774
13 0.049586
16 0.0131978
18 0.0254287
20 0.0112331
24 0.0247048
28 0.0136654
30 0.00785298
33 0.0388547
37 0.0140527
41 0.0475482
42 0.119142
49 0.0774781
50 0.0624284
51 0.0085283
52 0.0292913
55 0.0159221
59 0.00785298
62 0.242164
63 0.0786315
-1 -1
NODE 332 8
2dots_tau0
0 7 14 -12 15
333 334 
LEAF 333 9
65 classes
0 0.00999677
2 0.00999677
3 0.0217503
4 0.0129958
5 0.0633941
6 0.019253
12 0.0118144
13 0.012377
16 0.0494137
17 0.0196163
18 0.0285622
23 0.0119228
24 0.0647478
27 0.0414209
28 0.0409317
30 0.0176414
33 0.0678885
35 0.0534074
37 0.0631375
40 0.0305784
42 0.0118955
45 0.0108298
47 0.0206283
48 0.0102734
49 0.0116034
50 0.0093495
53 0.0162957
54 0.00952073
55 0.00596138
62 0.192327
63 0.0504691
-1 -1
LEAF 334 9
65 classes
0 0.00944548
5 0.0499152
12 0.0111628
15 0.0406594
16 0.00933774
17 0.0185345
18 0.0089957
19 0.00994261
20 0.00794766
22 0.0207243
23 0.0112653
27 0.0195683
28 0.0193372
30 0.00555617
33 0.174107
35 0.0168207
37 0.0397705
40 0.0288921
42 0.022479
47 0.029236
49 0.043854
53 0.100081
54 0.0269871
55 0.0112653
59 0.00555617
62 0.0519202
63 0.206639
-1 -1
NODE 262 4
2dots_tau0
0 15 -11 14 -4
263 264 
NODE 263 5
2dots_tau0
0 6 1 15 8
295 296 
NODE 295 6
2dots_tau0
0 9 14 -9 -10
311 312 
NODE 311 7
2dots_tau0
0 -7 -9 8 12
319 320 
NODE 319 8
2dots_tau0
0 7 -3 13 -9
323 324 
LEAF 323 9
65 classes
0 0.499793
12 0.0908715
27 0.0796483
33 0.037298
35 0.159751
42 0.0457477
49 0.0446244
62 0.0422658
-1 -1
LEAF 324 9
65 classes
5 0.377937
42 0.425504
62 0.196559
-1 -1
NODE 320 8
2dots_tau0
0 -9 15 1 -11
321 322 
LEAF 321 9
65 classes
1 0.0371526
3 0.0369971
4 0.0442116
5 0.0359444
9 0.14861
19 0.0715977
22 0.0746186
30 0.0200052
35 0.0201879
40 0.0346757
41 0.282631
42 0.0607024
45 0.0736859
55 0.0202805
59 0.0200052
62 0.0186941
-1 -1
LEAF 322 9
65 classes
0 0.10514
2 0.0764657
6 0.0184084
9 0.0104417
12 0.0338882
13 0.011834
16 0.0566951
18 0.00910305
19 0.0201225
20 0.0080425
28 0.029352
30 0.0393573
32 0.133132
33 0.185458
35 0.0453906
37 0.0201225
39 0.00536746
41 0.0794335
42 0.0227472
47 0.0394466
48 0.0196453
49 0.00554717
50 0.00893933
56 0.0106658
62 0.00525398
-1 -1
NODE 312 7
2dots_tau0
0 12 -11 -9 0
313 314 
NODE 313 8
2dots_tau0
0 -4 -5 -4 10
317 318 
LEAF 317 9
65 classes
0 0.143707
1 0.0261652
12 0.028306
13 0.0889616
21 0.0681325
28 0.0490339
33 0.162654
35 0.0142176
40 0.0244208
41 0.312787
42 0.0570005
48 0.0246139
-1 -1
LEAF 318 9
65 classes
0 0.0491383
1 0.0178935
3 0.0356373
5 0.0173116
9 0.035787
12 0.290363
19 0.0689661
20 0.0551282
21 0.00931872
27 0.0169668
28 0.0167664
33 0.143015
35 0.0291689
41 0.116676
48 0.0168326
62 0.0810315
-1 -1
NODE 314 8
2dots_tau0
0 3 5 -13 -11
315 316 
LEAF 315 9
65 classes
0 0.04282
1 0.0233891
11 0.0522686
12 0.0506055
19 0.0225369
33 0.0207709
35 0.203346
40 0.0654895
41 0.432111
50 0.0200238
59 0.0125941
63 0.0540447
-1 -1
LEAF 316 9
65 classes
1 0.124543
12 0.808396
59 0.0670615
-1 -1
NODE 296 6
2dots_tau0
0 -14 15 3 -6
297 298 
NODE 297 7
2dots_tau0
0 4 8 -13 -12
305 306 
NODE 305 8
2dots_tau0
0 3 10 1 -1
309 310 
LEAF 309 9
65 classes
3 0.211225
5 0.102607
19 0.102192
23 0.115786
42 0.115521
48 0.299305
62 0.0533644
-1 -1
LEAF 310 9
65 classes
7 0.117608
19 0.140463
22 0.146389
27 0.138224
28 0.136592
51 0.0852438
59 0.235481
-1 -1
NODE 306 8
2dots_tau0
0 13 3 0 6
307 308 
LEAF 307 9
65 classes
7 0.632628
28 0.367372
-1 -1
LEAF 308 9
65 classes
5 0.30753
42 0.69247
-1 -1
NODE 298 7
2dots_tau0
0 0 15 3 -15
299 300 
NODE 299 8
2dots_tau0
0 5 -12 -6 13
303 304 
LEAF 303 9
65 classes
5 0.115109
18 0.20745
28 0.111484
42 0.453589
47 0.112369
-1 -1
LEAF 304 9
65 classes
3 0.150489
19 0.145615
28 0.141602
41 0.164232
42 0.164608
59 0.0813731
62 0.15208
-1 -1
NODE 300 8
2dots_tau0
0 -13 -3 15 14
301 302 
LEAF 301 9
65 classes
20 0.374006
27 0.230215
35 0.39578
-1 -1
LEAF 302 9
65 classes
3 0.0578867
6 0.0512404
13 0.0658806
18 0.0506774
19 0.0560118
20 0.0895464
28 0.108936
35 0.0631731
39 0.029881
42 0.0633177
45 0.0576455
47 0.274502
59 0.0313007
-1 -1
NODE 264 5
2dots_tau0
0 5 2 9 13
265 266 
NODE 265 6
2dots_tau0
0 6 0 9 6
281 282 
NODE 281 7
2dots_tau0
0 -14 8 4 12
289 290 
NODE 289 8
2dots_tau0
0 12 -14 9 -4
293 294 
LEAF 293 9
65 classes
0 0.26167
3 0.142331
9 0.142929
21 0.297742
35 0.155329
-1 -1
LEAF 294 9
65 classes
0 0.170283
12 0.120746
13 0.0421654
17 0.0334141
19 0.107547
20 0.0859684
33 0.1652
35 0.0404326
40 0.104173
42 0.0202626
47 0.0702757
49 0.0395301
-1 -1
NODE 290 8
2dots_tau0
0 15 0 15 4
291 292 
LEAF 291 9
65 classes
0 0.393311
12 0.0664032
13 0.0521739
16 0.0277732
19 0.0147861
20 0.0118193
21 0.0159833
27 0.101854
32 0.0244565
33 0.10902
35 0.0166766
37 0.0147861
41 0.0667064
42 0.0250721
47 0.0144928
49 0.00815218
50 0.0131373
56 0.0156746
62 0.0077213
-1 -1
LEAF 292 9
65 classes
0 0.130936
6 0.094565
9 0.0357599
12 0.232114
27 0.0339078
32 0.170977
33 0.0635138
35 0.0582935
62 0.179933
-1 -1
NODE 282 7
2dots_tau0
0 -5 14 -7 -14
283 284 
NODE 283 8
2dots_tau0
0 -10 6 14 13
287 288 
LEAF 287 9
65 classes
5 0.0420607
12 0.0470315
22 0.0436579
27 0.329783
33 0.347472
35 0.0708694
37 0.0418904
62 0.0437502
63 0.0334852
-1 -1
LEAF 288 9
65 classes
1 0.0591117
4 0.0703429
5 0.0571893
9 0.0591117
11 0.132099
12 0.127896
19 0.0569578
27 0.2242
33 0.157484
48 0.055607
-1 -1
NODE 284 8
2dots_tau0
0 -5 8 3 1
285 286 
LEAF 285 9
65 classes
1 0.0662824
5 0.0641269
35 0.360165
40 0.309318
62 0.200108
-1 -1
LEAF 286 9
65 classes
1 0.0699589
20 0.107768
21 0.0728675
33 0.372766
35 0.0760284
37 0.13482
40 0.13059
62 0.0352013
-1 -1
NODE 266 6
2dots_tau0
0 -4 15 -8 0
267 268 
NODE 267 7
2dots_tau0
0 -14 14 0 7
275 276 
NODE 275 8
2dots_tau0
0 5 -13 -12 9
279 280 
LEAF 279 9
65 classes
3 0.113833
5 0.0552967
20 0.220113
27 0.216781
37 0.0550728
42 0.0622562
47 0.21592
61 0.0607276
-1 -1
LEAF 280 9
65 classes
1 0.230027
35 0.0624959
40 0.107346
47 0.325871
48 0.216389
62 0.0578714
-1 -1
NODE 276 8
2dots_tau0
0 -3 7 15 6
277 278 
LEAF 277 9
65 classes
0 0.0501873
1 0.0548265
4 0.0652435
5 0.0530435
12 0.0889684
19 0.0264144
27 0.0779803
30 0.0295219
32 0.0436899
33 0.170412
35 0.0297916
37 0.132072
42 0.0149299
45 0.0543696
48 0.0257879
62 0.0827613
-1 -1
LEAF 278 9
65 classes
3 0.226016
4 0.135044
12 0.122768
35 0.0616641
48 0.106754
56 0.347754
-1 -1
NODE 268 7
2dots_tau0
0 5 13 4 15
269 270 
NODE 269 8
2dots_tau0
0 9 5 14 0
273 274 
LEAF 273 9
65 classes
5 0.184254
20 0.0488959
33 0.169129
35 0.41394
39 0.0326325
40 0.0592503
47 0.0599557
62 0.0319426
-1 -1
LEAF 274 9
65 classes
27 1
-1 -1
NODE 270 8
2dots_tau0
0 -3 -14 7 -11
271 272 
LEAF 271 9
65 classes
3 0.331001
62 0.668999
-1 -1
LEAF 272 9
65 classes
1 0.247689
33 0.219963
35 0.269178
49 0.26317
-1 -1
NODE 4 2
2dots_tau0
0 -7 9 -1 -1
5 6 
NODE 5 3
2dots_tau0
0 2 0 -10 0
133 134 
NODE 133 4
2dots_tau0
0 -2 -9 7 8
197 198 
NODE 197 5
2dots_tau0
0 15 -10 9 8
229 230 
NODE 229 6
2dots_tau0
0 8 -7 0 11
245 246 
NODE 245 7
2dots_tau0
0 -14 -14 -9 -3
253 254 
NODE 253 8
2dots_tau0
0 9 -12 -11 7
257 258 
LEAF 257 9
65 classes
4 0.0457623
7 0.00620506
12 0.00832043
13 0.183049
14 0.0408289
15 0.00606124
17 0.00690752
23 0.361061
30 0.0331311
35 0.00417921
42 0.0963418
44 0.00420803
48 0.00723515
49 0.00408592
51 0.0269852
52 0.0231708
53 0.0975498
55 0.0125951
56 0.0078562
59 0.0124242
61 0.00817185
62 0.00386997
-1 -1
LEAF 258 9
65 classes
14 0.551673
20 0.0600324
42 0.29714
51 0.0911548
-1 -1
NODE 254 8
2dots_tau0
0 1 -2 8 -1
255 256 
LEAF 255 9
65 classes
14 0.383188
27 0.102667
44 0.23696
47 0.102259
49 0.0575209
55 0.059104
59 0.0583017
-1 -1
LEAF 256 9
65 classes
4 0.0602987
9 0.0506712
12 0.109634
13 0.114855
21 0.0791668
23 0.11064
35 0.0550673
44 0.0554471
47 0.0478561
51 0.0296308
56 0.207034
59 0.0272845
61 0.0269191
62 0.0254963
-1 -1
NODE 246 7
2dots_tau0
0 8 13 3 5
247 248 
NODE 247 8
2dots_tau0
0 12 14 5 8
251 252 
LEAF 251 9
65 classes
3 0.1237
7 0.0501091
14 0.0549524
35 0.0337493
42 0.10148
48 0.467421
51 0.0726398
59 0.0334439
62 0.062504
-1 -1
LEAF 252 9
65 classes
41 0.683526
62 0.316474
-1 -1
NODE 248 8
2dots_tau0
0 8 -10 2 15
249 250 
LEAF 249 9
65 classes
33 0.142286
35 0.348244
40 0.14954
51 0.187384
59 0.172546
-1 -1
LEAF 250 9
65 classes
0 0.389049
3 0.0846466
12 0.091957
14 0.11281
35 0.0461884
42 0.0231471
44 0.162774
59 0.0228852
61 0.0451575
62 0.0213853
-1 -1
NODE 230 6
2dots_tau0
0 0 15 -8 15
231 232 
NODE 231 7
2dots_tau0
0 9 11 -1 -1
239 240 
NODE 239 8
2dots_tau0
0 -8 8 10 -2
243 244 
LEAF 243 9
65 classes
3 0.474564
33 0.105803
62 0.419633
-1 -1
LEAF 244 9
65 classes
3 0.11485
13 0.0435701
33 0.307266
35 0.083559
52 0.0772128
56 0.314153
59 0.0207007
62 0.038688
-1 -1
NODE 240 8
2dots_tau0
0 11 -11 15 10
241 242 
LEAF 241 9
65 classes
0 0.358563
13 0.110984
33 0.17393
35 0.159634
52 0.0983402
62 0.0985481
-1 -1
LEAF 242 9
65 classes
3 0.0947175
27 0.541135
48 0.268429
62 0.0957187
-1 -1
NODE 232 7
2dots_tau0
0 -13 -1 -2 -14
233 234 
NODE 233 8
2dots_tau0
0 7 14 0 -9
237 238 
LEAF 237 9
65 classes
-1 -1
LEAF 238 9
65 classes
5 0.358157
19 0.356707
20 0.285135
-1 -1
NODE 234 8
2dots_tau0
0 8 9 8 -4
235 236 
LEAF 235 9
65 classes
3 0.193094
23 0.105847
35 0.105364
41 0.316092
50 0.0830025
56 0.0990331
62 0.0975675
-1 -1
LEAF 236 9
65 classes
0 0.0517705
4 0.0673017
13 0.128194
35 0.184388
50 0.0484185
56 0.519927
-1 -1
NODE 198 5
2dots_tau0
0 0 0 -7 7
199 200 
NODE 199 6
2dots_tau0
0 5 -14 -9 -7
215 216 
NODE 215 7
2dots_tau0
0 11 -7 -5 -2
223 224 
NODE 223 8
2dots_tau0
0 5 -9 12 5
227 228 
LEAF 227 9
65 classes
1 0.0187876
6 0.0165609
12 0.0406495
21 0.00978433
30 0.0708147
35 0.0102088
37 0.018103
44 0.0102792
47 0.106463
48 0.212084
50 0.0643373
53 0.140171
55 0.0205112
56 0.191907
61 0.0598854
62 0.00945336
-1 -1
LEAF 228 9
65 classes
1 0.0739352
4 0.011731
10 0.00719696
11 0.0110151
13 0.0391035
14 0.00872197
17 0.0486949
19 0.00474941
21 0.00513394
22 0.00494981
23 0.0107624
30 0.13005
39 0.0633426
42 0.00268445
44 0.140233
45 0.127086
48 0.041731
49 0.00261854
52 0.00989962
53 0.00367744
54 0.0429709
55 0.0726464
56 0.0402783
59 0.0132704
61 0.0785561
62 0.00496027
-1 -1
NODE 224 8
2dots_tau0
0 -2 -2 2 5
225 226 
LEAF 225 9
65 classes
47 1
-1 -1
LEAF 226 9
65 classes
12 0.157992
17 0.131163
20 0.112486
23 0.159442
33 0.129695
35 0.0793568
39 0.150144
55 0.0797208
-1 -1
NODE 216 7
2dots_tau0
0 -15 14 -1 -2
217 218 
NODE 217 8
2dots_tau0
0 -6 -8 0 5
221 222 
LEAF 221 9
65 classes
7 0.106925
22 0.266184
42 0.0721803
47 0.12517
51 0.0775007
61 0.35204
-1 -1
LEAF 222 9
65 classes
13 0.0795925
14 0.0207118
15 0.0184486
22 0.0235083
30 0.0252103
44 0.499511
47 0.022109
61 0.310908
-1 -1
NODE 218 8
2dots_tau0
0 -15 7 4 4
219 220 
LEAF 219 9
65 classes
22 0.31697
30 0.169959
44 0.345388
61 0.167683
-1 -1
LEAF 220 9
65 classes
1 0.146473
30 0.0788702
35 0.0795905
44 0.160279
56 0.299233
59 0.15774
61 0.0778139
-1 -1
NODE 200 6
2dots_tau0
0 -5 -11 -11 0
201 202 
NODE 201 7
2dots_tau0
0 12 -5 13 -7
209 210 
NODE 209 8
2dots_tau0
0 -14 5 2 -1
213 214 
LEAF 213 9
65 classes
1 0.0714309
3 0.0142264
4 0.0340011
6 0.012593
9 0.0571447
13 0.032382
19 0.0275313
23 0.109178
30 0.00769256
39 0.0440619
40 0.120004
42 0.0311223
48 0.107513
50 0.158998
51 0.00835408
52 0.0573858
53 0.0106587
56 0.058371
59 0.0153851
61 0.00758953
62 0.0143768
-1 -1
LEAF 214 9
65 classes
0 0.00540786
1 0.0118155
3 0.0647133
4 0.0351511
5 0.00571563
7 0.00476625
9 0.0295387
12 0.0127822
13 0.0669545
21 0.00307668
22 0.00593268
23 0.0902964
30 0.00954329
33 0.036725
35 0.0288913
39 0.0546626
40 0.0716807
41 0.0128406
44 0.022626
45 0.0175756
47 0.0111591
48 0.00555749
50 0.161847
51 0.00690931
52 0.0355961
53 0.00881532
56 0.0241381
59 0.0031811
61 0.00941548
62 0.142685
-1 -1
NODE 210 8
2dots_tau0
0 3 2 -13 2
211 212 
LEAF 211 9
65 classes
1 0.00713099
3 0.0639104
4 0.0509153
6 0.0125717
9 0.021393
12 0.0154289
13 0.0484907
14 0.0063092
19 0.00687116
21 0.00371373
23 0.0934225
30 0.0230386
33 0.0316637
35 0.0348735
39 0.0513185
40 0.0599003
41 0.00774966
44 0.00390155
48 0.0134164
50 0.231988
51 0.0458696
52 0.100255
53 0.0266015
54 0.00621676
55 0.0038926
59 0.00383976
61 0.00378834
62 0.0215287
-1 -1
LEAF 212 9
65 classes
1 0.0561309
4 0.133592
7 0.0452853
14 0.0993246
23 0.122561
39 0.0288535
47 0.106025
48 0.105606
52 0.112735
53 0.0418782
56 0.0573354
59 0.090673
-1 -1
NODE 202 7
2dots_tau0
0 -2 -14 -8 1
203 204 
NODE 203 8
2dots_tau0
0 -5 -12 3 -7
207 208 
LEAF 207 9
65 classes
1 0.592309
14 0.0873417
23 0.107775
44 0.0540113
51 0.057727
56 0.100837
-1 -1
LEAF 208 9
65 classes
3 0.0223361
4 0.146804
5 0.0108503
9 0.2243
11 0.0125313
13 0.0127103
14 0.0297677
23 0.0122439
30 0.0543496
33 0.0298787
39 0.00576494
40 0.136075
44 0.018408
45 0.0111215
48 0.0422003
50 0.00960132
52 0.101361
53 0.0669384
59 0.00603884
61 0.0297898
62 0.0169292
-1 -1
NODE 204 8
2dots_tau0
0 0 3 -4 11
205 206 
LEAF 205 9
65 classes
1 0.0157447
5 0.045698
9 0.188936
12 0.0170329
19 0.0910261
23 0.0171892
30 0.110213
33 0.0139822
35 0.00855534
40 0.0293901
44 0.025843
48 0.0148112
50 0.0134793
51 0.00920698
52 0.0790557
53 0.234937
55 0.0171892
59 0.0593454
61 0.00836438
-1 -1
LEAF 206 9
65 classes
0 0.00526235
1 0.0517391
3 0.0286237
4 0.0205232
5 0.00556183
9 0.183961
10 0.0125909
11 0.012847
12 0.00621914
13 0.00651529
14 0.0203451
19 0.0221573
30 0.012382
33 0.0102105
35 0.00312377
37 0.0276966
39 0.0177306
40 0.107311
44 0.00943594
45 0.0798123
47 0.027147
48 0.0270397
50 0.0984324
52 0.0519574
53 0.072914
55 0.0188286
59 0.012382
61 0.0183243
62 0.0289262
-1 -1
NODE 134 4
2dots_tau0
0 1 8 -14 -11
135 136 
NODE 135 5
2dots_tau0
0 -7 14 -1 0
167 168 
NODE 167 6
2dots_tau0
0 -15 -15 12 9
183 184 
NODE 183 7
2dots_tau0
0 -9 -5 -7 -13
191 192 
NODE 191 8
2dots_tau0
0 -10 11 -4 5
195 196 
LEAF 195 9
65 classes
1 0.101329
3 0.0672703
5 0.261424
9 0.0337765
15 0.0266185
19 0.130183
30 0.0181873
40 0.0315247
45 0.06699
52 0.101757
53 0.126
61 0.0179437
62 0.0169953
-1 -1
LEAF 196 9
65 classes
0 0.645293
62 0.354707
-1 -1
NODE 192 8
2dots_tau0
0 10 -10 8 12
193 194 
LEAF 193 9
65 classes
3 0.257785
4 0.102685
23 0.188412
51 0.100918
53 0.128758
56 0.0881412
59 0.0464636
62 0.0868368
-1 -1
LEAF 194 9
65 classes
0 0.203858
1 0.222702
44 0.121846
56 0.227481
62 0.224114
-1 -1
NODE 184 7
2dots_tau0
0 -6 11 9 3
185 186 
NODE 185 8
2dots_tau0
0 -7 14 15 -5
189 190 
LEAF 189 9
65 classes
0 0.196812
1 0.0409533
3 0.122346
5 0.0495269
14 0.00905845
19 0.00986528
23 0.0447105
27 0.00970806
33 0.00909225
35 0.055633
40 0.18156
41 0.0111266
45 0.010153
47 0.00966954
48 0.028894
52 0.154223
62 0.056668
-1 -1
LEAF 190 9
65 classes
0 0.0824155
1 0.0180067
3 0.0358628
9 0.0180067
19 0.0347013
23 0.0196587
30 0.00969594
40 0.0840315
45 0.232137
47 0.0340127
51 0.0105297
52 0.289324
53 0.026869
59 0.0775675
62 0.0271814
-1 -1
NODE 186 8
2dots_tau0
0 -2 6 13 -1
187 188 
LEAF 187 9
65 classes
9 0.0905416
19 0.0872426
23 0.296545
35 0.0491984
40 0.169011
50 0.0775141
52 0.181847
61 0.0481003
-1 -1
LEAF 188 9
65 classes
0 0.00391592
1 0.0598906
3 0.02556
4 0.0101814
5 0.0124163
9 0.149727
12 0.00462791
19 0.0164881
23 0.0233518
30 0.0898359
35 0.00464904
40 0.10381
44 0.00702166
45 0.118783
50 0.00732475
52 0.163246
53 0.0255333
56 0.122352
59 0.0161244
61 0.0136358
62 0.0215252
-1 -1
NODE 168 6
2dots_tau0
0 -12 6 -1 0
169 170 
NODE 169 7
2dots_tau0
0 0 6 2 -10
177 178 
NODE 177 8
2dots_tau0
0 -11 -7 10 11
181 182 
LEAF 181 9
65 classes
0 0.153208
1 0.0557901
9 0.278951
19 0.322544
40 0.104142
45 0.0553252
59 0.0300408
-1 -1
LEAF 182 9
65 classes
1 0.185833
3 0.0411235
9 0.123889
19 0.0397915
30 0.0222364
39 0.0106139
40 0.308345
45 0.143332
48 0.0388479
52 0.0207352
59 0.0444729
62 0.0207791
-1 -1
NODE 178 8
2dots_tau0
0 -9 -3 3 -11
179 180 
LEAF 179 9
65 classes
59 1
-1 -1
LEAF 180 9
65 classes
1 0.347703
14 0.0615265
23 0.379602
30 0.0374449
35 0.0377869
40 0.0649045
56 0.0710328
-1 -1
NODE 170 7
2dots_tau0
0 -8 -11 -12 -2
171 172 
NODE 171 8
2dots_tau0
0 0 2 -2 0
175 176 
LEAF 175 9
65 classes
19 0.143849
30 0.0803863
35 0.405602
44 0.0816799
45 0.148045
48 0.140438
-1 -1
LEAF 176 9
65 classes
0 0.0594893
18 0.0566565
27 0.246489
30 0.209962
40 0.121311
48 0.0611352
59 0.244956
-1 -1
NODE 172 8
2dots_tau0
0 8 -10 15 -15
173 174 
LEAF 173 9
65 classes
0 0.230634
4 0.11993
19 0.0485545
21 0.0262428
30 0.0542668
35 0.0273812
44 0.0551401
48 0.284418
53 0.075191
56 0.051472
61 0.02677
-1 -1
LEAF 174 9
65 classes
9 0.0546853
21 0.0284794
23 0.0597023
30 0.677256
35 0.0148574
45 0.135574
59 0.0294459
-1 -1
NODE 136 5
2dots_tau0
0 -14 -9 -11 6
137 138 
NODE 137 6
2dots_tau0
0 -12 -10 -8 -5
153 154 
NODE 153 7
2dots_tau0
0 -4 4 -2 11
161 162 
NODE 161 8
2dots_tau0
0 -10 13 -15 -15
165 166 
LEAF 165 9
65 classes
7 0.180883
23 0.0815911
30 0.0402418
51 0.0437023
53 0.61334
59 0.0402418
-1 -1
LEAF 166 9
65 classes
3 0.097781
5 0.126665
7 0.0528128
14 0.260628
23 0.0714668
42 0.0178258
52 0.164344
53 0.0732591
59 0.0528725
62 0.0823455
-1 -1
NODE 162 8
2dots_tau0
0 0 9 -14 -4
163 164 
LEAF 163 9
65 classes
1 0.143743
3 0.143142
4 0.0855272
5 0.0695343
23 0.156931
40 0.13416
42 0.0195714
51 0.021014
53 0.187677
59 0.0387001
-1 -1
LEAF 164 9
65 classes
1 0.0321251
4 0.17203
5 0.108781
7 0.0388768
14 0.28423
23 0.0701448
35 0.0174561
42 0.00874803
52 0.177434
53 0.0479359
56 0.0164072
59 0.0172981
61 0.00853324
-1 -1
NODE 154 7
2dots_tau0
0 6 -12 7 -15
155 156 
NODE 155 8
2dots_tau0
0 -8 -8 -3 2
159 160 
LEAF 159 9
65 classes
5 0.123588
7 0.41224
41 0.138825
52 0.256563
59 0.0687843
-1 -1
LEAF 160 9
65 classes
23 0.669697
59 0.330303
-1 -1
NODE 156 8
2dots_tau0
0 5 10 -10 -9
157 158 
LEAF 157 9
65 classes
4 0.1995
44 0.0917243
52 0.168355
59 0.451358
61 0.0890626
-1 -1
LEAF 158 9
65 classes
4 0.81378
42 0.18622
-1 -1
NODE 138 6
2dots_tau0
0 5 13 6 -10
139 140 
NODE 139 7
2dots_tau0
0 15 2 4 10
147 148 
NODE 147 8
2dots_tau0
0 -15 9 12 11
151 152 
LEAF 151 9
65 classes
1 0.489922
7 0.131753
14 0.288975
44 0.0893498
-1 -1
LEAF 152 9
65 classes
1 0.158277
5 0.076565
7 0.319237
9 0.158277
42 0.0431007
45 0.0784792
56 0.0808369
59 0.0852263
-1 -1
NODE 148 8
2dots_tau0
0 4 -13 -13 0
149 150 
LEAF 149 9
65 classes
3 0.366504
4 0.437972
61 0.195523
-1 -1
LEAF 150 9
65 classes
1 0.888263
62 0.111737
-1 -1
NODE 140 7
2dots_tau0
0 12 2 -9 -14
141 142 
NODE 141 8
2dots_tau0
0 -6 8 -8 11
145 146 
LEAF 145 9
65 classes
7 0.199565
19 0.158898
23 0.180036
42 0.044906
48 0.0775649
52 0.0828014
53 0.123034
59 0.133194
-1 -1
LEAF 146 9
65 classes
1 0.0925912
7 0.124501
14 0.436911
19 0.118957
48 0.0290339
53 0.115134
59 0.0664757
61 0.0163964
-1 -1
NODE 142 8
2dots_tau0
0 4 7 3 2
143 144 
LEAF 143 9
65 classes
7 0.299278
14 0.328204
52 0.372518
-1 -1
LEAF 144 9
65 classes
14 0.341918
23 0.140636
52 0.517446
-1 -1
NODE 6 3
2dots_tau0
0 3 -13 -9 -3
7 8 
NODE 7 4
2dots_tau0
0 -7 -6 11 9
71 72 
NODE 71 5
2dots_tau0
0 -13 8 13 1
103 104 
NODE 103 6
2dots_tau0
0 3 -11 7 -4
119 120 
NODE 119 7
2dots_tau0
0 -5 -8 -15 -14
127 128 
NODE 127 8
2dots_tau0
0 0 -2 -8 -1
131 132 
LEAF 131 9
65 classes
20 0.449198
47 0.550802
-1 -1
LEAF 132 9
65 classes
12 0.497717
23 0.502283
-1 -1
NODE 128 8
2dots_tau0
0 -11 -15 7 -2
129 130 
LEAF 129 9
65 classes
1 0.215365
14 0.190546
22 0.216274
51 0.377815
-1 -1
LEAF 130 9
65 classes
14 0.244366
24 0.233931
47 0.521703
-1 -1
NODE 120 7
2dots_tau0
0 -8 -11 -3 -15
121 122 
NODE 121 8
2dots_tau0
0 13 13 15 9
125 126 
LEAF 125 9
65 classes
47 1
-1 -1
LEAF 126 9
65 classes
47 1
-1 -1
NODE 122 8
2dots_tau0
0 -14 -6 6 -4
123 124 
LEAF 123 9
65 classes
-1 -1
LEAF 124 9
65 classes
13 0.376391
28 0.311189
48 0.312419
-1 -1
NODE 104 6
2dots_tau0
0 8 13 -9 13
105 106 
NODE 105 7
2dots_tau0
0 7 -5 -5 -5
113 114 
NODE 113 8
2dots_tau0
0 -15 1 -4 -2
117 118 
LEAF 117 9
65 classes
4 0.0343775
11 0.0161397
23 0.0315389
27 0.0136962
33 0.0128274
37 0.027836
42 0.0157334
46 0.687549
48 0.0135879
49 0.0383677
51 0.00844655
52 0.0290105
53 0.0107766
55 0.00788474
56 0.0295085
59 0.00777771
61 0.00767354
62 0.00726796
-1 -1
LEAF 118 9
65 classes
0 0.0079078
4 0.0205603
5 0.0167157
6 0.00761492
11 0.0579163
12 0.0373823
13 0.205603
21 0.17546
27 0.0163827
30 0.00465165
32 0.00458935
33 0.0767175
37 0.099888
39 0.039966
42 0.0141146
46 0.137069
49 0.0550722
52 0.00867523
55 0.00471566
59 0.00465165
62 0.00434678
-1 -1
NODE 114 8
2dots_tau0
0 12 -6 10 -5
115 116 
LEAF 115 9
65 classes
0 0.0342274
3 0.0744696
27 0.390001
32 0.0794564
35 0.142223
41 0.0406353
42 0.0203641
48 0.0703488
51 0.109326
59 0.0201338
62 0.0188142
-1 -1
LEAF 116 9
65 classes
21 0.115151
27 0.125795
28 0.0414364
41 0.0480586
49 0.0469859
50 0.0378591
58 0.584714
-1 -1
NODE 106 7
2dots_tau0
0 -4 4 -12 10
107 108 
NODE 107 8
2dots_tau0
0 -1 -6 8 0
111 112 
LEAF 111 9
65 classes
4 0.122503
5 0.0331987
11 0.0383421
12 0.0371222
13 0.0777798
33 0.0609468
35 0.0559375
37 0.0330643
39 0.017639
42 0.186885
49 0.291674
59 0.0184771
63 0.02643
-1 -1
LEAF 112 9
65 classes
1 0.0378307
7 0.00763026
10 0.0276187
12 0.020463
13 0.235811
20 0.0364227
21 0.00492544
30 0.0101852
35 0.0719474
37 0.00911306
42 0.406918
45 0.00937886
49 0.0854146
53 0.0141124
59 0.0101852
62 0.00475883
63 0.00728455
-1 -1
NODE 108 8
2dots_tau0
0 9 9 2 -12
109 110 
LEAF 109 9
65 classes
1 0.590418
52 0.197637
59 0.211945
-1 -1
LEAF 110 9
65 classes
4 0.0189082
5 0.0153725
11 0.0177541
13 0.270116
14 0.0140581
15 0.012522
20 0.134621
40 0.0148299
42 0.320184
47 0.0900388
49 0.059088
52 0.0159562
59 0.00855573
62 0.00799499
-1 -1
NODE 72 5
2dots_tau0
0 3 14 8 0
73 74 
NODE 73 6
2dots_tau0
0 -3 2 14 -3
89 90 
NODE 89 7
2dots_tau0
0 -7 -2 0 -12
97 98 
NODE 97 8
2dots_tau0
0 5 -5 -9 -15
101 102 
LEAF 101 9
65 classes
2 0.0735818
6 0.0708565
11 0.0898181
17 0.0721934
32 0.427037
35 0.0436787
37 0.0774545
53 0.0599726
61 0.0854074
-1 -1
LEAF 102 9
65 classes
41 0.414106
61 0.202431
62 0.383463
-1 -1
NODE 98 8
2dots_tau0
0 10 -4 -1 6
99 100 
LEAF 99 9
65 classes
3 0.0452424
4 0.0270323
11 0.0253825
12 0.0245748
15 0.0716088
17 0.0408035
18 0.0198039
21 0.0118303
27 0.0646191
28 0.0638559
30 0.0122318
32 0.096544
35 0.0246871
37 0.175108
42 0.0123718
47 0.128725
48 0.0854777
49 0.012068
53 0.0338963
61 0.024136
-1 -1
LEAF 100 9
65 classes
2 0.0198419
5 0.0209711
7 0.0174877
10 0.0949488
16 0.0196155
18 0.075588
24 0.055077
27 0.0205533
28 0.0203106
33 0.365742
35 0.0235565
37 0.0626585
47 0.0204718
48 0.0407817
49 0.0115154
62 0.130881
-1 -1
NODE 90 7
2dots_tau0
0 -10 13 2 -9
91 92 
NODE 91 8
2dots_tau0
0 13 -4 5 -5
95 96 
LEAF 95 9
65 classes
1 0.142272
5 0.0086028
10 0.0389501
13 0.0906981
14 0.00786725
21 0.0787241
23 0.145616
30 0.0239399
35 0.0193268
39 0.0319957
40 0.00829917
42 0.00484277
44 0.0875706
45 0.0617251
48 0.0250943
51 0.140393
56 0.0363311
59 0.0383039
61 0.00944772
-1 -1
LEAF 96 9
65 classes
10 0.218433
16 0.0541513
21 0.0311637
22 0.060092
48 0.450334
56 0.122247
61 0.0635795
-1 -1
NODE 92 8
2dots_tau0
0 9 8 8 7
93 94 
LEAF 93 9
65 classes
1 0.0106217
2 0.0194458
4 0.0294928
7 0.00285645
10 0.0103393
11 0.0909906
12 0.0191512
13 0.0280884
16 0.006408
17 0.00635964
21 0.112477
22 0.00355549
23 0.0231923
27 0.036929
28 0.00331753
30 0.00953226
32 0.00376184
33 0.0408749
35 0.00961931
37 0.272924
39 0.0564195
45 0.00351105
47 0.046814
48 0.00666128
50 0.00909337
51 0.041408
52 0.00355549
55 0.0173942
58 0.046814
59 0.0133452
61 0.0150474
-1 -1
LEAF 94 9
65 classes
1 0.00881473
2 0.0242066
4 0.0104895
5 0.00852807
10 0.0193059
11 0.00984932
12 0.00953594
16 0.0159537
17 0.0158333
21 0.105584
23 0.0288703
27 0.0167164
30 0.00949279
32 0.0140485
33 0.125248
35 0.019159
37 0.305768
39 0.0589045
45 0.0437064
47 0.01665
48 0.0580448
50 0.0226393
51 0.0206182
52 0.00885192
55 0.00481171
56 0.00900389
61 0.00936565
-1 -1
NODE 74 6
2dots_tau0
0 -12 -4 14 3
75 76 
NODE 75 7
2dots_tau0
0 -7 0 10 2
83 84 
NODE 83 8
2dots_tau0
0 9 0 14 -3
87 88 
LEAF 87 9
65 classes
47 1
-1 -1
LEAF 88 9
65 classes
49 1
-1 -1
NODE 84 8
2dots_tau0
0 3 1 9 -2
85 86 
LEAF 85 9
65 classes
5 0.735248
17 0.0853165
47 0.179436
-1 -1
LEAF 86 9
65 classes
1 0.0277765
3 0.0276603
17 0.049893
27 0.0263379
37 0.214116
41 0.0603728
47 0.262334
48 0.156778
53 0.0207236
54 0.0242154
55 0.0151624
56 0.0851178
61 0.0295126
-1 -1
NODE 76 7
2dots_tau0
0 1 8 -13 6
77 78 
NODE 77 8
2dots_tau0
0 10 -3 -5 -11
81 82 
LEAF 81 9
65 classes
1 0.00783559
2 0.00478172
3 0.00260093
4 0.0388515
5 0.0113712
6 0.0218719
9 0.00783559
11 0.100685
12 0.00988946
13 0.0251609
16 0.0141815
17 0.00586437
21 0.133982
23 0.0185346
24 0.00442437
27 0.00495317
28 0.00611834
30 0.0478172
32 0.040239
33 0.00231949
35 0.00851539
37 0.0213919
39 0.187293
40 0.00121887
42 0.0220484
44 0.0471576
45 0.0103604
46 0.0207208
47 0.00123338
48 0.0159706
49 0.018732
50 0.0078262
51 0.00763665
52 0.00393433
53 0.00389733
54 0.00569252
55 0.0178218
56 0.0546922
59 0.00492236
61 0.0249759
62 0.00262843
63 0.00201173
-1 -1
LEAF 82 9
65 classes
2 0.018275
3 0.119285
4 0.0712726
6 0.105589
14 0.0176636
17 0.0179302
18 0.0348096
21 0.114369
22 0.0200485
24 0.0169093
27 0.0189303
30 0.01075
32 0.010606
35 0.130178
41 0.0216964
45 0.0395959
49 0.010606
50 0.0341835
51 0.0700468
52 0.0200485
56 0.0611782
61 0.010606
62 0.0100455
63 0.015377
-1 -1
NODE 78 8
2dots_tau0
0 9 7 -7 9
79 80 
LEAF 79 9
65 classes
1 0.0145375
4 0.0518987
6 0.017086
7 0.00195475
9 0.00242291
10 0.00353775
11 0.0135364
13 0.0192218
14 0.0214369
17 0.276358
19 0.00700388
20 0.00559857
21 0.00504729
22 0.00973253
23 0.0026452
28 0.0181623
30 0.0456625
32 0.00128717
35 0.00131656
37 0.00233463
39 0.00373641
40 0.00226138
41 0.00263312
42 0.0224327
44 0.0397692
45 0.00720816
47 0.0022883
48 0.00227926
49 0.0334665
50 0.00207429
51 0.0311704
52 0.0194651
53 0.00361538
54 0.00211228
55 0.158712
56 0.0692973
59 0.0130464
61 0.0617842
63 0.00186619
-1 -1
LEAF 80 9
65 classes
5 0.0362081
14 0.0993368
17 0.0336121
37 0.0721231
47 0.035346
49 0.0994107
53 0.2513
55 0.245152
56 0.0382283
59 0.0604561
63 0.0288259
-1 -1
NODE 8 4
2dots_tau0
0 9 -3 -5 15
9 10 
NODE 9 5
2dots_tau0
0 -12 0 -15 -1
41 42 
NODE 41 6
2dots_tau0
0 -6 -15 7 -4
57 58 
NODE 57 7
2dots_tau0
0 -10 3 4 -7
65 66 
NODE 65 8
2dots_tau0
0 -8 9 8 -4
69 70 
LEAF 69 9
65 classes
14 0.0971492
35 0.536982
44 0.0600762
51 0.128418
59 0.177374
-1 -1
LEAF 70 9
65 classes
1 0.174722
7 0.070481
10 0.0637788
14 0.0772933
22 0.0438648
35 0.0949402
44 0.215089
51 0.102171
52 0.0877295
59 0.0235202
61 0.0464105
-1 -1
NODE 66 8
2dots_tau0
0 9 10 11 -8
67 68 
LEAF 67 9
65 classes
23 0.486847
30 0.0600298
45 0.22111
52 0.111954
59 0.12006
-1 -1
LEAF 68 9
65 classes
27 0.0261751
35 0.119999
41 0.0299997
44 0.0151033
45 0.0273748
50 0.0236329
52 0.0277213
58 0.729994
-1 -1
NODE 58 7
2dots_tau0
0 10 5 11 2
59 60 
NODE 59 8
2dots_tau0
0 10 11 3 -6
63 64 
LEAF 63 9
65 classes
4 0.0151582
7 0.0102768
14 0.01127
19 0.0613693
21 0.0464365
22 0.0127917
30 0.0480124
32 0.0135341
35 0.00692156
41 0.0138431
42 0.0069374
44 0.236956
48 0.0359483
51 0.0744875
55 0.0139066
56 0.0130113
59 0.0137178
61 0.365421
-1 -1
LEAF 64 9
65 classes
22 0.0960476
35 0.0519709
41 0.0519709
42 0.0260449
47 0.0451652
48 0.0449867
58 0.632313
59 0.0515006
-1 -1
NODE 60 8
2dots_tau0
0 -6 8 -5 -3
61 62 
LEAF 61 9
65 classes
2 0.0201592
7 0.0177674
14 0.0194847
15 0.0520668
16 0.0199293
19 0.0636607
22 0.0442312
30 0.177875
32 0.0116995
35 0.0478666
44 0.180738
45 0.0436783
47 0.0207992
56 0.0224953
59 0.0118584
61 0.24569
-1 -1
LEAF 62 9
65 classes
7 0.0123814
10 0.022408
14 0.0135781
16 0.0138879
19 0.029575
21 0.0399618
23 0.0502639
27 0.0436555
28 0.01438
30 0.041318
32 0.0326117
35 0.0166781
39 0.00788879
42 0.0334326
44 0.0251897
45 0.0152188
48 0.0433104
49 0.0326117
51 0.161536
58 0.202917
59 0.0330544
61 0.114141
-1 -1
NODE 42 6
2dots_tau0
0 -1 2 8 11
43 44 
NODE 43 7
2dots_tau0
0 -10 -8 14 13
51 52 
NODE 51 8
2dots_tau0
0 15 11 0 -8
55 56 
LEAF 55 9
65 classes
14 0.910597
28 0.0214305
42 0.0124562
47 0.0432012
59 0.0123153
-1 -1
LEAF 56 9
65 classes
6 0.03882
10 0.160758
12 0.0476427
15 0.173533
28 0.0412653
35 0.0239301
42 0.431728
51 0.0257528
53 0.032857
59 0.0237136
-1 -1
NODE 52 8
2dots_tau0
0 14 8 9 2
53 54 
LEAF 53 9
65 classes
14 0.206051
16 0.0602147
21 0.0173266
27 0.0946403
30 0.0179146
44 0.218434
49 0.0176746
51 0.0583654
59 0.0716582
61 0.212096
63 0.0256254
-1 -1
LEAF 54 9
65 classes
11 0.122988
12 0.119075
14 0.0973845
16 0.199212
28 0.103136
42 0.29973
49 0.0584742
-1 -1
NODE 44 7
2dots_tau0
0 2 -8 2 14
45 46 
NODE 45 8
2dots_tau0
0 4 8 -9 -1
49 50 
LEAF 49 9
65 classes
6 0.121818
7 0.0371648
28 0.0863277
35 0.0250311
37 0.0443871
42 0.0250884
44 0.0756112
47 0.0435064
50 0.078875
56 0.0941083
59 0.0744137
61 0.293668
-1 -1
LEAF 50 9
65 classes
3 0.0568833
14 0.0505394
44 0.0625063
48 0.161207
55 0.0311814
59 0.0307582
61 0.606925
-1 -1
NODE 46 8
2dots_tau0
0 -12 11 0 0
47 48 
LEAF 47 9
65 classes
1 0.0965782
14 0.256345
23 0.210877
41 0.157436
44 0.105681
45 0.0957734
59 0.0260018
61 0.0513072
-1 -1
LEAF 48 9
65 classes
1 0.0140154
3 0.0558271
14 0.0868019
17 0.0125874
21 0.00729906
30 0.0452806
35 0.00761569
44 0.329733
51 0.0245873
55 0.0229519
56 0.0429486
59 0.0301871
61 0.320165
-1 -1
NODE 10 5
2dots_tau0
0 15 0 0 13
11 12 
NODE 11 6
2dots_tau0
0 -11 13 6 -11
27 28 
NODE 27 7
2dots_tau0
0 11 -8 9 -9
35 36 
NODE 35 8
2dots_tau0
0 2 -11 8 -7
39 40 
LEAF 39 9
65 classes
14 0.0957131
42 0.117834
44 0.177564
51 0.34793
59 0.174752
61 0.0862059
-1 -1
LEAF 40 9
65 classes
7 0.026276
14 0.316973
19 0.0313823
21 0.0339231
23 0.035557
42 0.0532134
44 0.0890968
45 0.12919
47 0.0307596
51 0.228543
63 0.0250855
-1 -1
NODE 36 8
2dots_tau0
0 1 -4 10 -9
37 38 
LEAF 37 9
65 classes
41 0.665138
44 0.334862
-1 -1
LEAF 38 9
65 classes
3 0.222989
21 0.116618
22 0.449742
48 0.21065
-1 -1
NODE 28 7
2dots_tau0
0 3 -4 -8 -5
29 30 
NODE 29 8
2dots_tau0
0 -6 0 -5 14
33 34 
LEAF 33 9
65 classes
30 0.648089
51 0.351911
-1 -1
LEAF 34 9
65 classes
2 0.238455
16 0.117867
21 0.0678317
22 0.261596
28 0.122044
47 0.123012
61 0.0691944
-1 -1
NODE 30 8
2dots_tau0
0 14 10 5 0
31 32 
LEAF 31 9
65 classes
3 0.155953
30 0.421638
35 0.0850978
59 0.337311
-1 -1
LEAF 32 9
65 classes
3 0.446049
5 0.433356
59 0.120595
-1 -1
NODE 12 6
2dots_tau0
0 -1 -4 -7 10
13 14 
NODE 13 7
2dots_tau0
0 -6 15 -13 4
21 22 
NODE 21 8
2dots_tau0
0 -6 10 9 0
25 26 
LEAF 25 9
65 classes
3 0.449292
5 0.145502
21 0.078323
41 0.326882
-1 -1
LEAF 26 9
65 classes
3 0.360155
5 0.116636
23 0.263233
41 0.131015
59 0.0649149
61 0.0640455
-1 -1
NODE 22 8
2dots_tau0
0 -4 14 -5 12
23 24 
LEAF 23 9
65 classes
47 0.617602
51 0.382398
-1 -1
LEAF 24 9
65 classes
47 1
-1 -1
NODE 14 7
2dots_tau0
0 6 3 13 2
15 16 
NODE 15 8
2dots_tau0
0 10 9 -14 2
19 20 
LEAF 19 9
65 classes
-1 -1
LEAF 20 9
65 classes
47 1
-1 -1
NODE 16 8
2dots_tau0
0 -3 12 13 -10
17 18 
LEAF 17 9
65 classes
13 0.432953
19 0.368097
21 0.19895
-1 -1
LEAF 18 9
65 classes
59 1
-1 -1
