image_size: 32 32
class_number: 65
max_depth:  10
1023
NODE 0 0
2dots_tau0
0 11 10 -7 4
1 2 
NODE 1 1
2dots_tau0
0 6 -8 -10 8
513 514 
NODE 513 2
2dots_tau0
0 10 4 -1 3
769 770 
NODE 769 3
2dots_tau0
0 0 0 10 15
897 898 
NODE 897 4
2dots_tau0
0 -6 6 5 -7
961 962 
NODE 961 5
2dots_tau0
0 -11 0 7 0
993 994 
NODE 993 6
2dots_tau0
0 6 15 6 13
1009 1010 
NODE 1009 7
2dots_tau0
0 4 -14 -11 -12
1017 1018 
NODE 1017 8
2dots_tau0
0 1 -14 -10 -3
1021 1022 
LEAF 1021 9
65 classes
5 0.210423
18 0.189612
22 0.218413
51 0.381553
-1 -1
LEAF 1022 9
65 classes
19 0.226828
30 0.126757
45 0.233444
51 0.412972
-1 -1
NODE 1018 8
2dots_tau0
0 0 -3 -11 8
1019 1020 
LEAF 1019 9
65 classes
14 0.391212
35 0.120132
44 0.241922
51 0.129283
61 0.117451
-1 -1
LEAF 1020 9
65 classes
-1 -1
NODE 1010 7
2dots_tau0
0 0 6 -2 10
1011 1012 
NODE 1011 8
2dots_tau0
0 -13 -3 13 -15
1015 1016 
LEAF 1015 9
65 classes
3 0.563869
20 0.436131
-1 -1
LEAF 1016 9
65 classes
14 0.181345
19 0.197497
30 0.220732
35 0.111374
54 0.178688
59 0.110366
-1 -1
NODE 1012 8
2dots_tau0
0 -6 8 -9 -12
1013 1014 
LEAF 1013 9
65 classes
30 0.302434
35 0.152598
45 0.139246
48 0.132091
54 0.122414
59 0.151217
-1 -1
LEAF 1014 9
65 classes
3 0.204946
14 0.18209
18 0.179422
28 0.192843
51 0.240699
-1 -1
NODE 994 6
2dots_tau0
0 8 -6 -12 15
995 996 
NODE 995 7
2dots_tau0
0 1 4 4 -3
1003 1004 
NODE 1003 8
2dots_tau0
0 -12 10 0 1
1007 1008 
LEAF 1007 9
65 classes
1 0.0969702
5 0.0938167
14 0.0857952
30 0.0522147
35 0.105383
40 0.0905055
52 0.0973794
54 0.169076
59 0.208859
-1 -1
LEAF 1008 9
65 classes
3 0.0373439
5 0.0362812
11 0.0209511
14 0.0663583
20 0.0722102
21 0.00976497
22 0.0188295
30 0.171638
32 0.00996114
33 0.0666059
35 0.122263
42 0.0102119
44 0.0102588
45 0.0929707
48 0.0176387
49 0.0498057
51 0.0109646
55 0.0102353
56 0.0191528
59 0.0100964
61 0.0498057
63 0.0866523
-1 -1
NODE 1004 8
2dots_tau0
0 4 13 -12 5
1005 1006 
LEAF 1005 9
65 classes
0 0.048659
12 0.115012
18 0.0926839
20 0.0409429
21 0.0276835
30 0.171738
33 0.0472065
35 0.144422
37 0.10244
39 0.0273247
49 0.0564792
51 0.0310844
52 0.0533812
63 0.0409429
-1 -1
LEAF 1006 9
65 classes
10 0.0539305
14 0.196074
17 0.398068
20 0.0568975
22 0.0741828
37 0.142359
49 0.0784881
-1 -1
NODE 996 7
2dots_tau0
0 3 -12 -5 -10
997 998 
NODE 997 8
2dots_tau0
0 -1 1 -4 5
1001 1002 
LEAF 1001 9
65 classes
1 0.262116
22 0.131611
24 0.222006
28 0.122803
51 0.0766384
54 0.114256
59 0.0705698
-1 -1
LEAF 1002 9
65 classes
12 0.417818
52 0.387848
62 0.194334
-1 -1
NODE 998 8
2dots_tau0
0 3 6 1 -15
999 1000 
LEAF 999 9
65 classes
3 0.170892
24 0.2907
47 0.162077
49 0.0911681
51 0.100352
59 0.184811
-1 -1
LEAF 1000 9
65 classes
3 0.529528
14 0.470472
-1 -1
NODE 962 5
2dots_tau0
0 -8 -7 0 10
963 964 
NODE 963 6
2dots_tau0
0 15 -14 -6 10
979 980 
NODE 979 7
2dots_tau0
0 -13 -12 11 1
987 988 
NODE 987 8
2dots_tau0
0 -13 10 0 11
991 992 
LEAF 991 9
65 classes
4 0.0393497
13 0.206117
14 0.0146281
20 0.0127345
22 0.0332065
24 0.0140034
28 0.015492
39 0.059492
45 0.0327914
48 0.0155532
50 0.0141546
51 0.0290047
52 0.199239
55 0.0451258
58 0.218609
59 0.00890264
62 0.0415959
-1 -1
LEAF 992 9
65 classes
3 0.0370747
4 0.177217
13 0.295362
19 0.0358739
21 0.0193892
30 0.0601415
39 0.0765516
45 0.0369202
47 0.0351621
48 0.0350231
51 0.0217711
52 0.112163
63 0.0573517
-1 -1
NODE 988 8
2dots_tau0
0 11 -6 5 -9
989 990 
LEAF 989 9
65 classes
4 0.00956897
6 0.00708813
11 0.0718796
13 0.0607554
14 0.0474299
15 0.00844942
17 0.156474
19 0.00258272
20 0.00412901
21 0.0348978
24 0.00681066
28 0.00753463
30 0.010103
35 0.00436939
37 0.00516544
39 0.0165339
42 0.0554723
45 0.00265805
46 0.297701
47 0.00759442
49 0.0227833
51 0.0031348
52 0.00538339
55 0.0321892
58 0.106322
59 0.0129896
-1 -1
LEAF 990 9
65 classes
6 0.00547047
11 0.0762784
13 0.112535
14 0.0219632
17 0.111474
19 0.00597987
20 0.00478002
21 0.0258561
22 0.0124644
24 0.0210253
27 0.0117691
30 0.00334169
35 0.00674441
37 0.00597987
39 0.00319012
42 0.0135197
45 0.0184628
46 0.196937
47 0.0175837
49 0.0131877
51 0.00362906
52 0.0186965
53 0.00463018
54 0.00541036
55 0.271014
61 0.00329694
63 0.00478002
-1 -1
NODE 980 7
2dots_tau0
0 0 10 8 3
981 982 
NODE 981 8
2dots_tau0
0 11 -7 12 4
985 986 
LEAF 985 9
65 classes
5 0.507014
48 0.492986
-1 -1
LEAF 986 9
65 classes
35 0.210099
56 0.789901
-1 -1
NODE 982 8
2dots_tau0
0 -12 14 -4 0
983 984 
LEAF 983 9
65 classes
1 0.00952867
5 0.0092188
15 0.0225281
17 0.504912
20 0.00733924
24 0.00807055
27 0.0361406
28 0.11607
41 0.0103554
46 0.151188
47 0.0179986
48 0.0268912
52 0.0287066
53 0.0213275
55 0.0104029
56 0.00973315
62 0.00958911
-1 -1
LEAF 984 9
65 classes
17 0.107029
18 0.0831138
19 0.0688969
20 0.0183577
27 0.112998
35 0.0129509
37 0.0229656
45 0.0236355
46 0.378168
48 0.067263
59 0.0128337
63 0.0917883
-1 -1
NODE 964 6
2dots_tau0
0 4 3 9 7
965 966 
NODE 965 7
2dots_tau0
0 -11 12 10 3
973 974 
NODE 973 8
2dots_tau0
0 13 -7 -9 13
977 978 
LEAF 977 9
65 classes
2 0.160861
5 0.145728
9 0.0502087
10 0.0183277
16 0.431642
28 0.117615
47 0.0474194
51 0.0146802
59 0.0135177
-1 -1
LEAF 978 9
65 classes
5 0.0676506
10 0.0510493
20 0.0538578
27 0.198909
40 0.065263
41 0.151982
47 0.13208
48 0.0657789
54 0.12192
59 0.0376517
63 0.0538578
-1 -1
NODE 974 8
2dots_tau0
0 -4 -7 15 -2
975 976 
LEAF 975 9
65 classes
2 0.0162038
6 0.0156036
12 0.0574498
16 0.016019
18 0.0154322
20 0.0409028
22 0.0177763
24 0.089957
27 0.0503544
28 0.0331731
33 0.251521
35 0.0865682
37 0.0341132
40 0.0165215
47 0.0167182
49 0.00940398
50 0.0606185
53 0.0264137
62 0.00890694
63 0.136343
-1 -1
LEAF 976 9
65 classes
2 0.0867206
5 0.00678933
6 0.00309292
10 0.0153697
11 0.0039206
12 0.0607336
13 0.00397661
15 0.00553038
16 0.203215
17 0.0126051
18 0.00305893
20 0.0756714
21 0.0420285
22 0.0211415
24 0.0267466
28 0.0887691
30 0.00566801
32 0.0149123
33 0.018696
35 0.00571978
37 0.040571
39 0.00901822
41 0.00381318
42 0.00191095
45 0.0208772
49 0.00932017
50 0.00901173
51 0.00205181
53 0.00523566
54 0.08565
55 0.0536295
56 0.00358407
58 0.0463937
61 0.00186403
63 0.00270255
-1 -1
NODE 966 7
2dots_tau0
0 12 -3 -11 10
967 968 
NODE 967 8
2dots_tau0
0 -1 8 -11 1
971 972 
LEAF 971 9
65 classes
1 0.0315974
2 0.0640454
5 0.0174685
9 0.0203126
11 0.141224
12 0.0854565
13 0.00511577
15 0.010672
16 0.00612725
18 0.00983801
20 0.00347673
21 0.0423142
23 0.00492803
27 0.0535015
30 0.0230904
32 0.0287762
33 0.026056
35 0.0110374
37 0.204424
39 0.0255236
40 0.0463428
42 0.00122919
44 0.00370452
45 0.015667
47 0.00213157
48 0.0127389
49 0.00359702
51 0.00263958
54 0.0019676
55 0.00246402
56 0.0161377
58 0.0596839
62 0.00454254
63 0.0121686
-1 -1
LEAF 972 9
65 classes
1 0.0454287
2 0.0415847
4 0.0270301
5 0.0219757
11 0.0507607
15 0.0179007
17 0.0816002
19 0.0218867
23 0.0247982
24 0.038477
27 0.0215379
30 0.0489232
35 0.0123425
37 0.19698
39 0.0116761
40 0.0424001
44 0.0124276
45 0.0225251
49 0.024134
53 0.0338935
55 0.148789
56 0.0232018
59 0.0122308
63 0.0174952
-1 -1
NODE 968 8
2dots_tau0
0 -5 -5 -10 0
969 970 
LEAF 969 9
65 classes
0 0.0216692
1 0.0236722
2 0.0650076
5 0.0229024
11 0.0264507
12 0.0512181
18 0.247648
24 0.0200498
27 0.179569
28 0.0221811
35 0.025726
40 0.0662822
47 0.111786
48 0.0222687
54 0.0206373
63 0.0729319
-1 -1
LEAF 970 9
65 classes
1 0.0757232
2 0.0396091
5 0.251179
17 0.00971543
18 0.0943073
24 0.0549734
27 0.0718013
28 0.0304085
35 0.00587806
37 0.0104234
40 0.0403857
41 0.0117561
45 0.0321824
47 0.214549
48 0.040705
53 0.00807081
63 0.008332
-1 -1
NODE 898 4
2dots_tau0
0 15 -14 -1 -10
899 900 
NODE 899 5
2dots_tau0
0 -10 6 0 7
931 932 
NODE 931 6
2dots_tau0
0 10 -10 11 -13
947 948 
NODE 947 7
2dots_tau0
0 -4 12 8 0
955 956 
NODE 955 8
2dots_tau0
0 10 -15 4 0
959 960 
LEAF 959 9
65 classes
1 0.102321
2 0.0936629
5 0.197987
7 0.0825503
23 0.111708
30 0.0550958
40 0.190999
51 0.0598338
61 0.0543579
62 0.0514849
-1 -1
LEAF 960 9
65 classes
2 0.122956
28 0.12586
51 0.157093
52 0.404664
54 0.117101
59 0.0723268
-1 -1
NODE 956 8
2dots_tau0
0 -2 -4 -10 10
957 958 
LEAF 957 9
65 classes
4 0.0557649
6 0.0413073
7 0.0126022
11 0.0349076
13 0.0354063
17 0.0982023
21 0.0325397
23 0.034107
30 0.033644
44 0.0598244
45 0.0464708
48 0.0293886
51 0.091343
52 0.0627453
55 0.00852674
56 0.0159556
59 0.016822
61 0.290442
-1 -1
LEAF 958 9
65 classes
1 0.035867
4 0.0426817
5 0.00694012
7 0.0520862
9 0.071734
10 0.00523702
14 0.0380804
17 0.0966379
20 0.00552514
23 0.00783151
24 0.0121514
28 0.0201646
30 0.0270382
37 0.00691202
42 0.00390679
44 0.0863447
45 0.0213409
50 0.0122825
51 0.0293634
52 0.0360183
53 0.149854
55 0.0234945
56 0.124565
59 0.0077252
61 0.0762174
-1 -1
NODE 948 7
2dots_tau0
0 0 -10 11 -10
949 950 
NODE 949 8
2dots_tau0
0 4 0 -1 8
953 954 
LEAF 953 9
65 classes
2 0.0436982
17 0.0857474
20 0.0367687
28 0.0894608
45 0.0946794
53 0.142464
54 0.0416173
55 0.338761
61 0.126803
-1 -1
LEAF 954 9
65 classes
35 0.333573
44 0.335873
59 0.330554
-1 -1
NODE 950 8
2dots_tau0
0 -9 4 2 0
951 952 
LEAF 951 9
65 classes
1 0.0501369
4 0.0596629
7 0.0505618
9 0.0125342
14 0.044359
19 0.0120775
21 0.019583
23 0.0821049
30 0.114736
39 0.00644307
40 0.0350958
42 0.00682642
48 0.0117911
50 0.0214615
51 0.0806255
52 0.0377613
53 0.0748124
56 0.0128032
59 0.0202476
61 0.246376
-1 -1
LEAF 952 9
65 classes
1 0.0417975
2 0.0286956
4 0.0621738
7 0.00843034
14 0.00924517
16 0.0189122
17 0.0281542
21 0.0326514
23 0.0228161
30 0.0731456
39 0.00537138
40 0.039011
44 0.0114343
45 0.0103623
49 0.00555123
50 0.00894587
51 0.0977671
52 0.0104935
53 0.0467765
54 0.0182194
55 0.188233
56 0.0426944
59 0.0281329
61 0.160986
-1 -1
NODE 932 6
2dots_tau0
0 -5 -9 -8 11
933 934 
NODE 933 7
2dots_tau0
0 0 -1 6 -4
941 942 
NODE 941 8
2dots_tau0
0 -2 -6 1 10
945 946 
LEAF 945 9
65 classes
7 0.0473123
21 0.366489
23 0.0320118
30 0.0315772
35 0.0159328
39 0.0452175
48 0.0551666
51 0.137171
55 0.160059
59 0.0631545
61 0.0311543
62 0.0147538
-1 -1
LEAF 946 9
65 classes
1 0.0119819
7 0.00966675
10 0.00874752
20 0.193804
21 0.0561602
22 0.0360974
24 0.0405935
30 0.0838733
33 0.0532032
35 0.00651071
39 0.190934
41 0.0260429
42 0.00652561
44 0.0196668
45 0.0118821
48 0.0112715
49 0.0127308
51 0.112106
54 0.0104458
55 0.0784869
59 0.0129036
61 0.00636538
-1 -1
NODE 942 8
2dots_tau0
0 2 -8 7 -12
943 944 
LEAF 943 9
65 classes
6 0.358428
11 0.0413041
12 0.0399898
13 0.0418941
18 0.0322263
21 0.0192511
23 0.0807135
33 0.0328275
35 0.0602587
39 0.0950083
49 0.0392757
50 0.0632933
52 0.0371214
59 0.0398089
62 0.0185999
-1 -1
LEAF 944 9
65 classes
2 0.00269301
3 0.00292964
4 0.11553
6 0.0440856
7 0.00474701
9 0.00294195
11 0.0328725
12 0.00636531
13 0.0733526
21 0.185388
23 0.157381
24 0.00747527
30 0.0221778
33 0.00261263
35 0.00319719
39 0.136105
40 0.00274582
41 0.0223803
42 0.00160225
44 0.00160962
45 0.0116697
50 0.0125932
51 0.00516106
52 0.0472698
53 0.00438987
56 0.0450762
61 0.0234437
62 0.0222046
-1 -1
NODE 934 7
2dots_tau0
0 -1 14 12 1
935 936 
NODE 935 8
2dots_tau0
0 12 11 -14 6
939 940 
LEAF 939 9
65 classes
2 0.0594117
3 0.008079
4 0.0096544
5 0.0156982
9 0.0486777
10 0.0236918
11 0.00906517
13 0.027584
21 0.0295758
23 0.0620007
27 0.0230783
28 0.00760189
30 0.00873702
33 0.00720478
37 0.0390866
40 0.0530046
45 0.024136
48 0.0457916
49 0.00431
50 0.243096
51 0.0142325
52 0.048883
53 0.0847408
54 0.0141456
56 0.0497222
61 0.03879
-1 -1
LEAF 940 9
65 classes
2 0.183267
5 0.0484241
9 0.400415
10 0.0730818
23 0.0546437
30 0.026951
33 0.088898
45 0.0496347
53 0.0746855
-1 -1
NODE 936 8
2dots_tau0
0 8 7 -9 -3
937 938 
LEAF 937 9
65 classes
1 0.00562753
2 0.0137369
3 0.00560398
4 0.00892901
7 0.00454018
9 0.110675
10 0.0136948
11 0.00419203
13 0.0276374
16 0.00169753
19 0.00180749
20 0.00144482
21 0.046892
22 0.00376752
23 0.0102397
24 0.00158879
27 0.00355738
30 0.162621
37 0.0162674
39 0.0366417
40 0.024511
41 0.00203859
42 0.00102163
44 0.132396
45 0.0279032
49 0.00298963
50 0.0562078
51 0.0142601
52 0.0734666
53 0.00559813
54 0.0065414
55 0.0122876
56 0.0574829
59 0.00909063
61 0.0817164
62 0.0113264
-1 -1
LEAF 938 9
65 classes
7 0.132051
9 0.0409192
14 0.0362036
19 0.0394282
23 0.0446733
30 0.0220334
44 0.022388
51 0.0957127
52 0.164367
53 0.33582
55 0.0223366
59 0.0440668
-1 -1
NODE 900 5
2dots_tau0
0 9 -8 4 -11
901 902 
NODE 901 6
2dots_tau0
0 -3 -14 14 -12
917 918 
NODE 917 7
2dots_tau0
0 13 -2 -15 14
925 926 
NODE 925 8
2dots_tau0
0 15 4 6 -5
929 930 
LEAF 929 9
65 classes
1 0.0241955
3 0.0562198
4 0.287926
6 0.0142186
11 0.148694
13 0.0274215
17 0.0144868
18 0.00351558
21 0.00630035
23 0.0220127
27 0.00382372
30 0.00217139
33 0.0393928
35 0.00219122
39 0.182415
40 0.00752748
50 0.0069047
52 0.00404959
55 0.00220127
56 0.135931
59 0.00434277
62 0.00405815
-1 -1
LEAF 930 9
65 classes
1 0.0283999
3 0.0141405
4 0.0844898
5 0.00915878
6 0.0834467
11 0.105777
12 0.0102412
13 0.139475
17 0.0170042
18 0.00412648
23 0.0103351
27 0.00897634
33 0.071459
35 0.0205759
37 0.0228043
39 0.00486622
40 0.0706843
41 0.0360078
48 0.0267161
49 0.0100583
50 0.0243136
56 0.111203
62 0.0857401
-1 -1
NODE 926 8
2dots_tau0
0 -9 6 -1 1
927 928 
LEAF 927 9
65 classes
1 0.207376
3 0.103254
4 0.123389
11 0.0386193
13 0.039171
23 0.0754671
39 0.0177666
40 0.0967755
53 0.0515732
56 0.211826
62 0.0347819
-1 -1
LEAF 928 9
65 classes
1 0.0651958
3 0.194769
4 0.0193958
6 0.0287345
10 0.0237985
11 0.036424
13 0.0184722
18 0.198931
23 0.0355885
35 0.0442826
40 0.0152124
41 0.0531391
48 0.107328
51 0.0190622
56 0.0166487
62 0.123017
-1 -1
NODE 918 7
2dots_tau0
0 -12 0 12 -4
919 920 
NODE 919 8
2dots_tau0
0 -6 8 -3 9
923 924 
LEAF 923 9
65 classes
5 0.256042
40 0.494011
47 0.249946
-1 -1
LEAF 924 9
65 classes
20 0.444245
37 0.555755
-1 -1
NODE 920 8
2dots_tau0
0 -10 -13 14 12
921 922 
LEAF 921 9
65 classes
3 0.110433
4 0.131967
5 0.0357635
6 0.0651691
13 0.0418944
17 0.0331993
27 0.0701022
33 0.229794
48 0.034774
50 0.0316469
53 0.0275794
56 0.113277
62 0.0744002
-1 -1
LEAF 922 9
65 classes
1 0.00518857
3 0.00516686
4 0.0679183
5 0.0150595
6 0.0594571
7 0.00418603
10 0.0227278
11 0.0811657
12 0.00561308
13 0.0823252
17 0.0372794
21 0.0459364
23 0.0339875
27 0.0147595
30 0.00279384
33 0.036862
37 0.019998
39 0.173363
40 0.029056
41 0.00563871
48 0.00488094
50 0.0310941
55 0.00283229
56 0.196097
59 0.00558769
61 0.0110257
-1 -1
NODE 902 6
2dots_tau0
0 0 -3 -2 -2
903 904 
NODE 903 7
2dots_tau0
0 -5 -14 -10 -10
911 912 
NODE 911 8
2dots_tau0
0 0 -2 8 7
915 916 
LEAF 915 9
65 classes
2 0.104094
11 0.0423545
13 0.386636
27 0.0359422
33 0.0336623
35 0.020597
37 0.25567
50 0.0324514
51 0.0221659
53 0.0282806
62 0.0381459
-1 -1
LEAF 916 9
65 classes
3 0.135124
4 0.132639
6 0.0811639
10 0.00353798
11 0.0974689
12 0.00524265
13 0.054923
18 0.126745
19 0.0280174
21 0.00252381
27 0.0551418
33 0.0215183
37 0.0233478
39 0.00996442
40 0.0271384
41 0.0526658
44 0.00265145
45 0.00480576
50 0.0539351
52 0.00486659
53 0.0144625
56 0.0297008
59 0.00260946
61 0.0102981
62 0.0195075
-1 -1
NODE 912 8
2dots_tau0
0 -11 -10 -15 -13
913 914 
LEAF 913 9
65 classes
1 0.0268195
3 0.106829
4 0.159576
5 0.0259473
6 0.0236409
7 0.0216374
10 0.0195799
11 0.0299673
17 0.144521
18 0.0701432
19 0.0516845
33 0.0476346
35 0.0145731
37 0.0258422
39 0.0275725
49 0.0142478
50 0.0229605
52 0.0538652
55 0.0439199
56 0.05479
61 0.0142478
-1 -1
LEAF 914 9
65 classes
4 0.090006
6 0.133342
11 0.0211282
17 0.203787
18 0.164846
27 0.0179295
33 0.0335843
37 0.0546595
44 0.0103455
48 0.071151
53 0.126968
55 0.0722525
-1 -1
NODE 904 7
2dots_tau0
0 5 14 -8 -3
905 906 
NODE 905 8
2dots_tau0
0 0 2 -1 -7
909 910 
LEAF 909 9
65 classes
1 0.0367065
2 0.0168003
4 0.109202
5 0.0177564
6 0.113246
9 0.0550598
11 0.0410148
12 0.0198549
17 0.14835
18 0.0320006
20 0.0282724
30 0.0197651
39 0.0188686
41 0.0398911
44 0.0100416
49 0.00975018
53 0.0273861
55 0.0500926
56 0.187471
62 0.0184697
-1 -1
LEAF 910 9
65 classes
3 0.258732
4 0.0309185
6 0.366441
12 0.0140539
13 0.0147231
17 0.0350021
18 0.0792782
19 0.0125176
33 0.0230735
39 0.00667786
40 0.0242498
41 0.0282361
48 0.0244415
51 0.0151934
61 0.0207043
62 0.0457568
-1 -1
NODE 906 8
2dots_tau0
0 -12 -15 8 8
907 908 
LEAF 907 9
65 classes
13 0.685157
21 0.314843
-1 -1
LEAF 908 9
65 classes
0 0.149518
1 0.163339
5 0.158028
6 0.143981
13 0.092559
17 0.0733487
18 0.142398
48 0.0768277
-1 -1
NODE 770 3
2dots_tau0
0 2 0 8 11
771 772 
NODE 771 4
2dots_tau0
0 11 -10 10 7
835 836 
NODE 835 5
2dots_tau0
0 -13 -14 -10 7
867 868 
NODE 867 6
2dots_tau0
0 11 -5 -13 13
883 884 
NODE 883 7
2dots_tau0
0 -12 -3 4 5
891 892 
NODE 891 8
2dots_tau0
0 -1 8 -12 1
895 896 
LEAF 895 9
65 classes
2 0.014335
5 0.0454524
13 0.106488
15 0.0370241
18 0.0273047
20 0.0241236
21 0.0897113
22 0.0471784
23 0.0683871
30 0.00843234
35 0.00850935
46 0.248473
49 0.00831941
51 0.137362
53 0.116837
63 0.0120618
-1 -1
LEAF 896 9
65 classes
1 0.030028
13 0.0510475
15 0.0236644
16 0.0135868
20 0.069385
21 0.0078191
22 0.0753867
28 0.267296
32 0.00797618
42 0.0735926
47 0.0425396
49 0.0319047
53 0.033605
55 0.0655656
58 0.198518
59 0.00808445
-1 -1
NODE 892 8
2dots_tau0
0 7 10 -2 4
893 894 
LEAF 893 9
65 classes
2 0.186107
5 0.00819576
6 0.0373362
13 0.00960075
16 0.329638
28 0.0158752
30 0.0136843
35 0.0046031
39 0.00435455
45 0.0168013
46 0.268821
49 0.0180014
53 0.0126405
55 0.0462421
62 0.00852497
63 0.0195743
-1 -1
LEAF 894 9
65 classes
2 0.10953
6 0.00502256
12 0.0246562
13 0.0193727
15 0.049394
16 0.149531
20 0.0131659
21 0.172108
22 0.0171657
24 0.00482594
27 0.0324165
28 0.0533894
30 0.0122723
32 0.00302699
39 0.0146446
41 0.0433453
44 0.00311745
47 0.00538131
49 0.00605397
50 0.00487802
51 0.0333192
53 0.0340085
55 0.0528751
59 0.0122723
62 0.005734
63 0.118493
-1 -1
NODE 884 7
2dots_tau0
0 1 0 -8 11
885 886 
NODE 885 8
2dots_tau0
0 0 2 8 -8
889 890 
LEAF 889 9
65 classes
1 0.048022
2 0.0989068
15 0.0756902
18 0.031399
22 0.15673
24 0.0101684
41 0.117424
44 0.00656852
47 0.022677
48 0.0225874
51 0.112327
53 0.00895707
55 0.00655346
59 0.0323225
63 0.249668
-1 -1
LEAF 890 9
65 classes
1 0.107281
2 0.196406
16 0.0485414
22 0.0808
28 0.125654
41 0.145735
42 0.0146069
51 0.125468
53 0.0800401
62 0.0134951
63 0.0619728
-1 -1
NODE 886 8
2dots_tau0
0 11 15 -4 -5
887 888 
LEAF 887 9
65 classes
23 0.10938
47 0.0946223
48 0.0942483
51 0.468694
53 0.0747486
59 0.107895
62 0.0504119
-1 -1
LEAF 888 9
65 classes
22 0.0845531
23 0.0919224
41 0.823524
-1 -1
NODE 868 6
2dots_tau0
0 4 6 -14 1
869 870 
NODE 869 7
2dots_tau0
0 11 -11 -10 7
877 878 
NODE 877 8
2dots_tau0
0 -5 12 9 11
881 882 
LEAF 881 9
65 classes
2 0.233088
9 0.047744
12 0.0860838
16 0.216028
19 0.0153348
27 0.0150904
30 0.00856943
32 0.0676373
35 0.0172954
37 0.0153348
41 0.0518861
48 0.0149711
49 0.050728
53 0.0593681
54 0.0554973
59 0.00856943
63 0.0367737
-1 -1
LEAF 882 9
65 classes
2 0.0866454
6 0.0119195
11 0.0050364
12 0.0097523
13 0.015325
15 0.00355216
16 0.220261
21 0.00234738
30 0.00485409
32 0.507642
35 0.0244921
37 0.0304019
39 0.00231696
49 0.0407071
50 0.00771765
54 0.0196475
55 0.00738133
-1 -1
NODE 878 8
2dots_tau0
0 -12 -3 -10 -13
879 880 
LEAF 879 9
65 classes
28 0.0636543
35 0.110741
41 0.147655
49 0.0360897
53 0.152052
54 0.118448
59 0.109739
63 0.261621
-1 -1
LEAF 880 9
65 classes
12 0.212018
41 0.425972
59 0.211059
63 0.150951
-1 -1
NODE 870 7
2dots_tau0
0 6 -5 1 11
871 872 
NODE 871 8
2dots_tau0
0 -2 -8 -13 11
875 876 
LEAF 875 9
65 classes
16 0.04065
20 0.069197
28 0.126271
42 0.0244644
47 0.212122
49 0.429547
55 0.0735615
59 0.0241876
-1 -1
LEAF 876 9
65 classes
20 0.0154361
22 0.241506
23 0.0218796
28 0.037557
47 0.492117
49 0.0212935
51 0.0351578
53 0.119617
63 0.0154361
-1 -1
NODE 872 8
2dots_tau0
0 14 0 -9 -4
873 874 
LEAF 873 9
65 classes
15 0.412325
30 0.281724
51 0.305951
-1 -1
LEAF 874 9
65 classes
51 1
-1 -1
NODE 836 5
2dots_tau0
0 -11 2 -7 7
837 838 
NODE 837 6
2dots_tau0
0 -2 3 -5 -9
853 854 
NODE 853 7
2dots_tau0
0 1 -13 -13 2
861 862 
NODE 861 8
2dots_tau0
0 -5 7 13 11
865 866 
LEAF 865 9
65 classes
15 0.15112
24 0.162414
27 0.181826
33 0.170292
54 0.334347
-1 -1
LEAF 866 9
65 classes
5 0.00984721
6 0.0269157
10 0.0148614
16 0.0092107
17 0.00914119
20 0.0391977
22 0.0204423
24 0.172414
27 0.00965106
30 0.00548058
32 0.0162215
46 0.161494
47 0.00961276
49 0.0108144
51 0.00595188
53 0.068344
54 0.0177466
55 0.311136
59 0.0109612
63 0.0705558
-1 -1
NODE 862 8
2dots_tau0
0 -6 3 2 7
863 864 
LEAF 863 9
65 classes
15 0.296562
51 0.220053
53 0.280757
59 0.202628
-1 -1
LEAF 864 9
65 classes
2 0.0414209
5 0.0291854
6 0.0132956
10 0.154164
15 0.0237736
16 0.0272989
18 0.0131495
20 0.174263
22 0.0151469
24 0.0383254
28 0.240263
48 0.014189
49 0.0721167
51 0.00882017
54 0.118345
59 0.0162435
-1 -1
NODE 854 7
2dots_tau0
0 -10 10 6 -11
855 856 
NODE 855 8
2dots_tau0
0 5 4 1 -2
859 860 
LEAF 859 9
65 classes
6 1
-1 -1
LEAF 860 9
65 classes
49 0.40819
63 0.59181
-1 -1
NODE 856 8
2dots_tau0
0 0 4 13 2
857 858 
LEAF 857 9
65 classes
13 0.0866213
18 0.0666318
20 0.235475
24 0.258939
27 0.072472
41 0.0830615
49 0.0406037
62 0.0384577
63 0.117738
-1 -1
LEAF 858 9
65 classes
13 0.511048
55 0.246147
59 0.242805
-1 -1
NODE 838 6
2dots_tau0
0 -11 10 13 7
839 840 
NODE 839 7
2dots_tau0
0 1 -8 5 0
847 848 
NODE 847 8
2dots_tau0
0 -8 -8 -11 12
851 852 
LEAF 851 9
65 classes
18 0.300309
41 0.374357
47 0.325334
-1 -1
LEAF 852 9
65 classes
33 0.0942857
53 0.475271
54 0.185118
63 0.245326
-1 -1
NODE 848 8
2dots_tau0
0 14 -14 8 10
849 850 
LEAF 849 9
65 classes
53 0.236227
54 0.27603
63 0.487743
-1 -1
LEAF 850 9
65 classes
10 0.0911919
16 0.113036
20 0.0320696
24 0.0352652
27 0.157921
33 0.0369758
40 0.0388609
47 0.078647
53 0.248515
54 0.0725972
62 0.0628511
63 0.0320696
-1 -1
NODE 840 7
2dots_tau0
0 15 7 -15 0
841 842 
NODE 841 8
2dots_tau0
0 -6 2 6 1
845 846 
LEAF 845 9
65 classes
15 0.121161
18 0.134032
27 0.07289
32 0.122514
35 0.0417703
47 0.0726007
49 0.0816758
50 0.0658107
51 0.0449518
59 0.124177
63 0.118417
-1 -1
LEAF 846 9
65 classes
2 0.0605065
6 0.0116531
10 0.14477
11 0.00738577
12 0.107261
13 0.00749128
15 0.0104183
16 0.0598163
20 0.0560028
22 0.00663784
27 0.0188028
32 0.2739
33 0.0117401
44 0.00361648
47 0.0124855
49 0.052673
53 0.00986312
54 0.0172876
55 0.0541228
59 0.0142368
62 0.00332594
63 0.0560028
-1 -1
NODE 842 8
2dots_tau0
0 -7 13 0 3
843 844 
LEAF 843 9
65 classes
10 1
-1 -1
LEAF 844 9
65 classes
2 0.0624558
10 0.298868
20 0.157655
27 0.12939
28 0.0639311
37 0.0657429
54 0.118963
62 0.102993
-1 -1
NODE 772 4
2dots_tau0
0 6 1 0 -2
773 774 
NODE 773 5
2dots_tau0
0 14 12 2 -2
805 806 
NODE 805 6
2dots_tau0
0 -9 0 -14 9
821 822 
NODE 821 7
2dots_tau0
0 4 -10 15 13
829 830 
NODE 829 8
2dots_tau0
0 -9 -15 -8 -2
833 834 
LEAF 833 9
65 classes
20 0.0634258
21 0.0428853
30 0.0443407
35 0.0447456
39 0.084659
42 0.179392
50 0.140997
53 0.0614375
56 0.252342
59 0.0443407
62 0.0414346
-1 -1
LEAF 834 9
65 classes
2 0.0515709
12 0.121895
32 0.119718
33 0.100063
35 0.153064
39 0.0579198
42 0.0920488
45 0.167605
50 0.0482318
56 0.0575469
59 0.0303358
-1 -1
NODE 830 8
2dots_tau0
0 -2 12 13 -11
831 832 
LEAF 831 9
65 classes
3 0.261591
5 0.0317685
18 0.0572531
20 0.0758742
35 0.0178426
41 0.0356851
48 0.185337
50 0.0281117
53 0.0244986
59 0.0176811
62 0.264357
-1 -1
LEAF 832 9
65 classes
2 0.038713
20 0.16287
21 0.0880995
30 0.136634
32 0.0449347
35 0.160862
42 0.184263
50 0.0724127
56 0.043199
59 0.0455447
61 0.0224673
-1 -1
NODE 822 7
2dots_tau0
0 1 -9 -4 -2
823 824 
NODE 823 8
2dots_tau0
0 -7 0 -13 -12
827 828 
LEAF 827 9
65 classes
10 0.202445
12 0.0187491
18 0.0302184
21 0.00902584
30 0.00933215
33 0.0307822
42 0.0188778
50 0.608335
56 0.0354061
61 0.0368287
-1 -1
LEAF 828 9
65 classes
2 0.0366116
5 0.0386952
6 0.0705113
17 0.0718417
19 0.0192693
24 0.186315
30 0.0107681
42 0.065348
49 0.0106239
53 0.283482
54 0.0348682
56 0.0408542
62 0.130811
-1 -1
NODE 824 8
2dots_tau0
0 4 -3 -9 0
825 826 
LEAF 825 9
65 classes
1 0.019297
6 0.01701
10 0.014088
18 0.100938
20 0.118905
21 0.0200993
30 0.0207814
32 0.0307546
33 0.0171369
35 0.052428
42 0.0315288
49 0.0410062
53 0.40312
59 0.0103907
61 0.102515
-1 -1
LEAF 826 9
65 classes
33 0.356791
59 0.216335
61 0.426875
-1 -1
NODE 806 6
2dots_tau0
0 -11 13 -7 -2
807 808 
NODE 807 7
2dots_tau0
0 13 8 -13 6
815 816 
NODE 815 8
2dots_tau0
0 -7 -9 6 11
819 820 
LEAF 819 9
65 classes
-1 -1
LEAF 820 9
65 classes
2 0.053121
9 0.0290156
12 0.0627793
17 0.0260593
18 0.101183
24 0.0245755
27 0.0550257
30 0.0312476
32 0.0462437
33 0.0773029
41 0.031533
42 0.0474077
48 0.0272954
50 0.198726
53 0.151536
62 0.0145998
63 0.0223486
-1 -1
NODE 816 8
2dots_tau0
0 -3 12 9 15
817 818 
LEAF 817 9
65 classes
9 0.286484
15 0.0752574
24 0.242645
27 0.0905487
33 0.084805
42 0.0520085
45 0.0946989
63 0.0735525
-1 -1
LEAF 818 9
65 classes
3 0.274211
6 0.161818
17 0.0824357
24 0.155484
33 0.326052
-1 -1
NODE 808 7
2dots_tau0
0 12 -6 5 -5
809 810 
NODE 809 8
2dots_tau0
0 0 12 -14 11
813 814 
LEAF 813 9
65 classes
3 0.0573802
12 0.436351
20 0.0443815
33 0.307027
35 0.0626204
39 0.0296196
41 0.0626204
-1 -1
LEAF 814 9
65 classes
35 1
-1 -1
NODE 810 8
2dots_tau0
0 0 0 -12 -5
811 812 
LEAF 811 9
65 classes
12 0.442996
20 0.315402
32 0.0543857
33 0.0909133
48 0.0963035
-1 -1
LEAF 812 9
65 classes
0 0.0716332
3 0.0779273
41 0.850439
-1 -1
NODE 774 5
2dots_tau0
0 -5 -12 15 15
775 776 
NODE 775 6
2dots_tau0
0 0 -13 -3 -9
791 792 
NODE 791 7
2dots_tau0
0 -15 -10 0 -3
799 800 
NODE 799 8
2dots_tau0
0 4 -4 -1 0
803 804 
LEAF 803 9
65 classes
-1 -1
LEAF 804 9
65 classes
5 0.10127
7 0.0844489
19 0.20172
20 0.0806228
24 0.531938
-1 -1
NODE 800 8
2dots_tau0
0 14 -3 6 7
801 802 
LEAF 801 9
65 classes
15 0.388119
20 0.126442
27 0.15566
37 0.158181
39 0.0843859
49 0.0872113
-1 -1
LEAF 802 9
65 classes
3 0.0365579
5 0.0355177
18 0.288044
20 0.0848286
24 0.0310938
27 0.139241
28 0.034399
33 0.195612
35 0.0199483
37 0.0707477
54 0.0640099
-1 -1
NODE 792 7
2dots_tau0
0 -12 -4 8 8
793 794 
NODE 793 8
2dots_tau0
0 -9 -12 11 0
797 798 
LEAF 797 9
65 classes
5 0.42174
15 0.343536
59 0.234724
-1 -1
LEAF 798 9
65 classes
-1 -1
NODE 794 8
2dots_tau0
0 -4 -9 -12 13
795 796 
LEAF 795 9
65 classes
3 0.0916261
5 0.0593459
18 0.133691
19 0.0295528
28 0.0287384
33 0.0544742
35 0.0333313
37 0.0886585
41 0.0333313
48 0.028852
49 0.0325873
62 0.385811
-1 -1
LEAF 796 9
65 classes
35 0.309371
42 0.155039
48 0.53559
-1 -1
NODE 776 6
2dots_tau0
0 10 -8 -4 10
777 778 
NODE 777 7
2dots_tau0
0 3 -11 -13 -8
785 786 
NODE 785 8
2dots_tau0
0 -13 -14 15 9
789 790 
LEAF 789 9
65 classes
5 0.593139
18 0.145767
33 0.0494954
37 0.0537035
39 0.0286496
49 0.0296088
53 0.0415823
59 0.0300108
62 0.0280439
-1 -1
LEAF 790 9
65 classes
2 0.109881
5 0.0446671
10 0.148306
18 0.0160998
20 0.0213361
21 0.0048088
22 0.00927266
24 0.00782071
27 0.0175109
28 0.00865205
30 0.00497199
32 0.12754
35 0.0150522
37 0.25802
39 0.0284789
42 0.0603465
47 0.00872072
48 0.0173725
49 0.024527
50 0.00790511
51 0.0107991
54 0.00804989
55 0.0302425
59 0.00497199
62 0.00464613
-1 -1
NODE 786 8
2dots_tau0
0 14 11 15 -1
787 788 
LEAF 787 9
65 classes
2 0.0883488
5 0.155628
17 0.0288939
20 0.223016
21 0.0167547
24 0.0272487
28 0.0904357
42 0.297865
49 0.0341826
51 0.037626
-1 -1
LEAF 788 9
65 classes
5 0.150984
20 0.240402
30 0.084032
42 0.0849934
49 0.165813
51 0.273775
-1 -1
NODE 778 7
2dots_tau0
0 8 -1 -9 8
779 780 
NODE 779 8
2dots_tau0
0 -10 -12 10 6
783 784 
LEAF 783 9
65 classes
3 0.0996195
5 0.0967848
7 0.0807087
18 0.261638
20 0.154104
48 0.0941069
51 0.0584989
59 0.0538666
62 0.100673
-1 -1
LEAF 784 9
65 classes
2 0.0342904
5 0.0543629
6 0.0165102
10 0.123067
18 0.0653151
20 0.0432792
21 0.00975439
24 0.0158639
32 0.0696524
35 0.020355
37 0.0180476
41 0.0407101
48 0.299533
49 0.0497517
54 0.0163288
59 0.0100854
62 0.113093
-1 -1
NODE 780 8
2dots_tau0
0 -14 0 1 1
781 782 
LEAF 781 9
65 classes
10 0.575521
59 0.424479
-1 -1
LEAF 782 9
65 classes
5 0.0315537
15 0.0257027
18 0.483361
30 0.0175616
41 0.0708877
47 0.0308024
48 0.0306807
54 0.28433
63 0.0251204
-1 -1
NODE 514 2
2dots_tau0
0 -4 14 -14 6
515 516 
NODE 515 3
2dots_tau0
0 -9 -13 -3 4
643 644 
NODE 643 4
2dots_tau0
0 -8 -10 -10 -9
707 708 
NODE 707 5
2dots_tau0
0 -10 2 2 12
739 740 
NODE 739 6
2dots_tau0
0 10 -15 -5 -4
755 756 
NODE 755 7
2dots_tau0
0 15 8 -9 5
763 764 
NODE 763 8
2dots_tau0
0 -6 -12 11 -7
767 768 
LEAF 767 9
65 classes
5 0.15527
14 0.425981
15 0.0632389
28 0.0751896
42 0.218514
63 0.0618063
-1 -1
LEAF 768 9
65 classes
7 0.0456367
10 0.041297
14 0.500477
42 0.0616148
48 0.106426
51 0.0661564
56 0.0577804
59 0.0304589
61 0.0901529
-1 -1
NODE 764 8
2dots_tau0
0 12 -13 13 7
765 766 
LEAF 765 9
65 classes
5 0.224562
14 0.205361
30 0.0624912
35 0.252247
51 0.0678651
59 0.187473
-1 -1
LEAF 766 9
65 classes
1 0.270062
14 0.47788
40 0.252058
-1 -1
NODE 756 7
2dots_tau0
0 -15 -6 3 -10
757 758 
NODE 757 8
2dots_tau0
0 -4 -9 8 -3
761 762 
LEAF 761 9
65 classes
15 0.265982
23 0.36847
42 0.183814
59 0.181734
-1 -1
LEAF 762 9
65 classes
7 0.828262
14 0.0908317
15 0.0809064
-1 -1
NODE 758 8
2dots_tau0
0 14 4 15 -1
759 760 
LEAF 759 9
65 classes
40 1
-1 -1
LEAF 760 9
65 classes
14 1
-1 -1
NODE 740 6
2dots_tau0
0 0 14 9 1
741 742 
NODE 741 7
2dots_tau0
0 2 -13 0 -5
749 750 
NODE 749 8
2dots_tau0
0 10 -4 4 -14
753 754 
LEAF 753 9
65 classes
1 0.103962
4 0.123715
5 0.100581
14 0.0919813
23 0.3405
44 0.0568804
51 0.182381
-1 -1
LEAF 754 9
65 classes
3 0.180927
7 0.244303
19 0.175067
23 0.132237
44 0.0331353
48 0.113944
51 0.0354149
54 0.052798
61 0.0321738
-1 -1
NODE 750 8
2dots_tau0
0 -13 0 -9 11
751 752 
LEAF 751 9
65 classes
20 0.404889
44 0.0958702
59 0.0943519
63 0.404889
-1 -1
LEAF 752 9
65 classes
1 0.0544304
3 0.0542027
7 0.0439133
14 0.0481578
18 0.0474521
19 0.104894
23 0.059424
40 0.0508017
42 0.029644
44 0.0297803
51 0.0318291
54 0.0949043
55 0.029712
62 0.0273878
63 0.293466
-1 -1
NODE 742 7
2dots_tau0
0 -13 -9 -3 8
743 744 
NODE 743 8
2dots_tau0
0 12 8 3 -1
747 748 
LEAF 747 9
65 classes
1 0.097536
7 0.0786901
14 0.345183
44 0.373552
59 0.105039
-1 -1
LEAF 748 9
65 classes
-1 -1
NODE 744 8
2dots_tau0
0 10 14 -13 -14
745 746 
LEAF 745 9
65 classes
30 0.0307965
35 0.0310778
44 0.0625842
54 0.698055
61 0.0911523
62 0.0863345
-1 -1
LEAF 746 9
65 classes
44 0.317823
48 0.218582
54 0.405137
62 0.0584579
-1 -1
NODE 708 5
2dots_tau0
0 -14 -6 14 6
709 710 
NODE 709 6
2dots_tau0
0 1 0 -9 14
725 726 
NODE 725 7
2dots_tau0
0 2 -14 14 -3
733 734 
NODE 733 8
2dots_tau0
0 -2 -1 -9 -3
737 738 
LEAF 737 9
65 classes
5 0.508
28 0.492
-1 -1
LEAF 738 9
65 classes
28 0.775221
35 0.224779
-1 -1
NODE 734 8
2dots_tau0
0 14 6 9 0
735 736 
LEAF 735 9
65 classes
1 0.130382
7 0.420759
18 0.113666
35 0.212541
48 0.122652
-1 -1
LEAF 736 9
65 classes
1 0.26443
5 0.127915
7 0.213336
19 0.127397
28 0.123886
35 0.0718427
59 0.0711926
-1 -1
NODE 726 7
2dots_tau0
0 11 8 15 -9
727 728 
NODE 727 8
2dots_tau0
0 -10 -4 -9 13
731 732 
LEAF 731 9
65 classes
1 0.209144
3 0.208269
5 0.202343
14 0.185042
40 0.195201
-1 -1
LEAF 732 9
65 classes
1 0.3494
5 0.112679
7 0.469815
51 0.0681058
-1 -1
NODE 728 8
2dots_tau0
0 4 -15 1 -15
729 730 
LEAF 729 9
65 classes
7 0.208474
35 0.210616
42 0.140732
48 0.364624
51 0.0755528
-1 -1
LEAF 730 9
65 classes
7 0.226209
14 0.496147
42 0.101803
48 0.175841
-1 -1
NODE 710 6
2dots_tau0
0 3 -3 9 10
711 712 
NODE 711 7
2dots_tau0
0 7 -15 -14 5
719 720 
NODE 719 8
2dots_tau0
0 -1 10 3 6
723 724 
LEAF 723 9
65 classes
7 0.0607588
14 0.0666314
22 0.075628
24 0.0637859
35 0.163688
44 0.0412042
47 0.0711264
48 0.212536
51 0.0880779
59 0.0405517
63 0.116012
-1 -1
LEAF 724 9
65 classes
44 0.164431
48 0.141359
51 0.0878717
54 0.131003
55 0.0820271
59 0.161827
63 0.231481
-1 -1
NODE 720 8
2dots_tau0
0 14 8 -8 14
721 722 
LEAF 721 9
65 classes
5 0.0823824
14 0.301354
15 0.134212
22 0.0855108
28 0.0797876
44 0.0465887
48 0.080103
51 0.0995875
61 0.0904735
-1 -1
LEAF 722 9
65 classes
48 1
-1 -1
NODE 712 7
2dots_tau0
0 -8 -7 9 -14
713 714 
NODE 713 8
2dots_tau0
0 -8 2 -6 -10
717 718 
LEAF 717 9
65 classes
1 0.110244
3 0.219565
5 0.106659
7 0.222356
22 0.0553544
35 0.0599041
40 0.0514471
44 0.0301586
45 0.0546625
51 0.0322334
59 0.029681
62 0.0277357
-1 -1
LEAF 718 9
65 classes
1 0.138907
3 0.0461085
14 0.491595
15 0.0729796
20 0.0356632
40 0.0432154
51 0.027076
56 0.0945916
59 0.0498639
-1 -1
NODE 714 8
2dots_tau0
0 3 -13 6 -6
715 716 
LEAF 715 9
65 classes
1 0.193037
5 0.0622532
10 0.0234882
14 0.0853956
22 0.0323086
30 0.0519716
42 0.0175221
44 0.246437
48 0.181592
51 0.0376272
61 0.0683673
-1 -1
LEAF 716 9
65 classes
1 0.11536
14 0.255165
35 0.250737
42 0.0628277
44 0.0315583
45 0.0571994
48 0.162781
51 0.0337294
61 0.0306425
-1 -1
NODE 644 4
2dots_tau0
0 10 -7 2 2
645 646 
NODE 645 5
2dots_tau0
0 -4 -11 4 7
677 678 
NODE 677 6
2dots_tau0
0 5 4 -1 -15
693 694 
NODE 693 7
2dots_tau0
0 -3 -15 8 -13
701 702 
NODE 701 8
2dots_tau0
0 -9 13 -15 4
705 706 
LEAF 705 9
65 classes
35 0.13376
44 0.269365
51 0.143948
59 0.13255
61 0.130775
63 0.189602
-1 -1
LEAF 706 9
65 classes
23 0.490972
44 0.24605
51 0.262978
-1 -1
NODE 702 8
2dots_tau0
0 -4 -14 10 -5
703 704 
LEAF 703 9
65 classes
-1 -1
LEAF 704 9
65 classes
1 0.0483644
5 0.0467916
19 0.0466021
23 0.0528015
30 0.0260424
44 0.158769
51 0.0282819
59 0.104169
61 0.488178
-1 -1
NODE 694 7
2dots_tau0
0 -6 12 -9 -10
695 696 
NODE 695 8
2dots_tau0
0 10 8 -5 -9
699 700 
LEAF 699 9
65 classes
1 0.03334
5 0.0322558
7 0.026898
21 0.0173631
23 0.109196
41 0.0362325
44 0.218894
48 0.125453
51 0.116977
61 0.28339
-1 -1
LEAF 700 9
65 classes
30 0.198275
35 0.200086
41 0.400172
44 0.201466
-1 -1
NODE 696 8
2dots_tau0
0 11 -7 -13 1
697 698 
LEAF 697 9
65 classes
5 0.25637
7 0.213786
28 0.248295
61 0.281549
-1 -1
LEAF 698 9
65 classes
-1 -1
NODE 678 6
2dots_tau0
0 1 11 -1 8
679 680 
NODE 679 7
2dots_tau0
0 -1 -8 -15 -1
687 688 
NODE 687 8
2dots_tau0
0 -4 0 -7 4
691 692 
LEAF 691 9
65 classes
1 0.01865
2 0.0341439
9 0.01865
12 0.0403519
13 0.0211367
18 0.016259
21 0.0388508
23 0.101805
32 0.0693548
33 0.0165623
39 0.0383474
40 0.0174067
44 0.0612235
45 0.147957
48 0.175443
51 0.0218118
52 0.112372
59 0.0100423
61 0.0396313
-1 -1
LEAF 692 9
65 classes
3 0.0485661
9 0.0365776
11 0.0136236
23 0.106489
30 0.00656522
35 0.0132503
39 0.0376047
40 0.0455188
44 0.0533669
45 0.169273
47 0.0115152
48 0.0458787
50 0.0521911
51 0.00712979
52 0.281612
56 0.0124542
59 0.00656522
61 0.0518183
-1 -1
NODE 688 8
2dots_tau0
0 -6 6 -8 2
689 690 
LEAF 689 9
65 classes
1 0.0347967
3 0.0231008
7 0.00935777
13 0.0394363
23 0.0379891
30 0.0936835
39 0.00596229
40 0.0866052
44 0.196728
45 0.161032
48 0.0109112
51 0.0271306
52 0.16307
56 0.0118478
59 0.00624557
61 0.0862669
62 0.00583624
-1 -1
LEAF 690 9
65 classes
1 0.0270648
7 0.0218353
30 0.0582934
40 0.202084
44 0.192502
45 0.0805177
51 0.0633063
52 0.298969
59 0.0145733
62 0.0408547
-1 -1
NODE 680 7
2dots_tau0
0 -9 -15 11 13
681 682 
NODE 681 8
2dots_tau0
0 1 2 9 -5
685 686 
LEAF 685 9
65 classes
-1 -1
LEAF 686 9
65 classes
12 0.501134
59 0.498866
-1 -1
NODE 682 8
2dots_tau0
0 -7 7 0 2
683 684 
LEAF 683 9
65 classes
1 0.0551539
5 0.0533603
9 0.0551539
13 0.0312539
23 0.0602139
30 0.0593965
39 0.0850537
44 0.0754404
45 0.164083
48 0.103768
50 0.0708271
51 0.0161261
52 0.110773
59 0.0593965
-1 -1
LEAF 684 9
65 classes
2 0.0173661
10 0.0138503
13 0.0645026
14 0.0167851
18 0.0165391
21 0.00988005
23 0.0207118
30 0.15323
35 0.0103086
39 0.039008
44 0.290632
45 0.0376265
48 0.0356931
51 0.0221876
52 0.0190514
59 0.0612921
61 0.171335
-1 -1
NODE 646 5
2dots_tau0
0 0 5 8 0
647 648 
NODE 647 6
2dots_tau0
0 1 15 2 -8
663 664 
NODE 663 7
2dots_tau0
0 -7 -11 6 -11
671 672 
NODE 671 8
2dots_tau0
0 -1 -15 9 -7
675 676 
LEAF 675 9
65 classes
6 0.0249393
18 0.197322
23 0.247105
35 0.0153736
40 0.0264063
44 0.232194
47 0.0267207
49 0.0901824
51 0.066178
53 0.0211085
55 0.0154441
59 0.0152344
63 0.0217916
-1 -1
LEAF 676 9
65 classes
13 0.129034
18 0.198514
20 0.175386
23 0.124299
44 0.311461
59 0.0613058
-1 -1
NODE 672 8
2dots_tau0
0 12 -6 -14 0
673 674 
LEAF 673 9
65 classes
10 0.289812
13 0.0642712
23 0.185738
30 0.0305361
35 0.030815
39 0.0583022
44 0.155137
48 0.0533476
51 0.033162
54 0.0988788
-1 -1
LEAF 674 9
65 classes
10 0.0719657
15 0.0776848
18 0.0429685
19 0.0474915
23 0.0538092
24 0.125236
35 0.133909
49 0.157104
51 0.0288216
54 0.0429685
55 0.0538092
56 0.0503451
63 0.113887
-1 -1
NODE 664 7
2dots_tau0
0 4 6 12 -4
665 666 
NODE 665 8
2dots_tau0
0 13 -8 -4 14
669 670 
LEAF 669 9
65 classes
44 0.262086
63 0.737913
-1 -1
LEAF 670 9
65 classes
13 0.0537112
15 0.0746977
18 0.247898
27 0.0449377
35 0.0257519
54 0.454479
59 0.0255189
63 0.0730055
-1 -1
NODE 666 8
2dots_tau0
0 -11 14 -3 -1
667 668 
LEAF 667 9
65 classes
44 0.145378
59 0.572303
61 0.282319
-1 -1
LEAF 668 9
65 classes
18 0.19031
30 0.117544
42 0.118889
44 0.119436
59 0.117544
63 0.336276
-1 -1
NODE 648 6
2dots_tau0
0 -14 8 -7 -5
649 650 
NODE 649 7
2dots_tau0
0 0 10 -12 -13
657 658 
NODE 657 8
2dots_tau0
0 0 12 11 -15
661 662 
LEAF 661 9
65 classes
4 0.0249313
9 0.0628521
10 0.0458859
12 0.0226649
15 0.0165108
18 0.0182647
23 0.16011
24 0.0177447
28 0.019631
32 0.0222601
39 0.0430779
41 0.0227683
48 0.118251
49 0.0890405
50 0.14349
51 0.0122513
52 0.0420782
54 0.0730589
55 0.0114364
59 0.0225623
61 0.0111301
-1 -1
LEAF 662 9
65 classes
1 0.170193
10 0.372754
23 0.185807
32 0.271245
-1 -1
NODE 658 8
2dots_tau0
0 -10 -4 -7 6
659 660 
LEAF 659 9
65 classes
18 0.74885
51 0.25115
-1 -1
LEAF 660 9
65 classes
28 0.465794
35 0.270118
49 0.264088
-1 -1
NODE 650 7
2dots_tau0
0 1 8 10 -15
651 652 
NODE 651 8
2dots_tau0
0 2 -3 -9 7
655 656 
LEAF 655 9
65 classes
18 0.176218
19 0.194768
27 0.191664
41 0.219669
59 0.217681
-1 -1
LEAF 656 9
65 classes
9 0.0639288
35 0.0694751
45 0.190188
52 0.641985
59 0.0344232
-1 -1
NODE 652 8
2dots_tau0
0 -5 -1 5 -9
653 654 
LEAF 653 9
65 classes
3 0.224797
18 0.196801
28 0.211522
41 0.245327
59 0.121553
-1 -1
LEAF 654 9
65 classes
-1 -1
NODE 516 3
2dots_tau0
0 -13 -6 -9 0
517 518 
NODE 517 4
2dots_tau0
0 1 0 1 -13
581 582 
NODE 581 5
2dots_tau0
0 -12 -13 13 9
613 614 
NODE 613 6
2dots_tau0
0 6 -8 -13 0
629 630 
NODE 629 7
2dots_tau0
0 6 13 -3 4
637 638 
NODE 637 8
2dots_tau0
0 13 -14 11 2
641 642 
LEAF 641 9
65 classes
5 0.232317
41 0.260959
48 0.225889
51 0.280835
-1 -1
LEAF 642 9
65 classes
7 0.22686
28 0.263479
48 0.26452
54 0.245141
-1 -1
NODE 638 8
2dots_tau0
0 -11 -4 0 9
639 640 
LEAF 639 9
65 classes
51 1
-1 -1
LEAF 640 9
65 classes
-1 -1
NODE 630 7
2dots_tau0
0 -15 7 -2 9
631 632 
NODE 631 8
2dots_tau0
0 12 -5 2 14
635 636 
LEAF 635 9
65 classes
1 0.0206863
3 0.0102998
5 0.0100068
7 0.100135
14 0.164721
15 0.0163024
17 0.0092893
18 0.00901708
20 0.00796655
22 0.363537
24 0.0350415
28 0.125991
30 0.00556938
44 0.016977
47 0.0293055
48 0.0097299
51 0.0544348
61 0.0109896
-1 -1
LEAF 636 9
65 classes
1 0.0192653
5 0.0186388
15 0.0151826
18 0.0671815
19 0.0185633
20 0.0593545
22 0.0967328
24 0.179489
28 0.379086
35 0.0104683
47 0.0909749
51 0.0450628
-1 -1
NODE 632 8
2dots_tau0
0 -7 -3 -7 1
633 634 
LEAF 633 9
65 classes
18 0.0678724
20 0.0599649
22 0.0781821
24 0.19782
28 0.0729494
45 0.0772048
47 0.220585
51 0.0455262
63 0.179895
-1 -1
LEAF 634 9
65 classes
15 0.1433
18 0.211364
22 0.121735
28 0.0567936
35 0.0329351
44 0.0331622
47 0.40071
-1 -1
NODE 614 6
2dots_tau0
0 -13 4 -13 2
615 616 
NODE 615 7
2dots_tau0
0 10 1 12 -4
623 624 
NODE 623 8
2dots_tau0
0 5 2 8 0
627 628 
LEAF 627 9
65 classes
5 0.124718
6 0.030302
7 0.013867
10 0.0627418
15 0.0948191
17 0.00771842
18 0.0899069
20 0.00661936
22 0.0690424
24 0.0509526
28 0.0161054
47 0.113632
49 0.054787
51 0.010051
54 0.254736
-1 -1
LEAF 628 9
65 classes
1 0.0593604
5 0.022972
6 0.02093
7 0.162829
9 0.0118721
14 0.0315118
15 0.065493
17 0.0213249
18 0.0310501
19 0.0571975
22 0.0238444
24 0.13072
28 0.0222485
30 0.00639266
42 0.032329
44 0.0389732
45 0.0470926
48 0.055841
49 0.0882986
59 0.0255706
61 0.0441493
-1 -1
NODE 624 8
2dots_tau0
0 -11 -3 0 8
625 626 
LEAF 625 9
65 classes
1 0.0969163
5 0.0133949
7 0.25691
14 0.183745
15 0.0218222
17 0.0248691
18 0.0120702
19 0.0266814
22 0.0417108
24 0.0234531
28 0.0259461
45 0.0137298
47 0.013076
49 0.00735526
51 0.040481
53 0.0103296
55 0.0906924
59 0.0894612
61 0.00735526
-1 -1
LEAF 626 9
65 classes
1 0.0143784
5 0.0139108
6 0.0633715
7 0.0232004
9 0.0143784
14 0.0127214
15 0.0566567
18 0.012535
19 0.0138545
20 0.0110746
22 0.0433173
24 0.0487126
28 0.0134727
44 0.0708013
45 0.156845
47 0.0271592
48 0.0270519
49 0.0916624
53 0.0107275
54 0.0250701
55 0.0392438
59 0.100649
61 0.0687468
62 0.00723481
63 0.0332239
-1 -1
NODE 616 7
2dots_tau0
0 -13 -4 1 9
617 618 
NODE 617 8
2dots_tau0
0 15 -15 0 -12
621 622 
LEAF 621 9
65 classes
1 0.0282004
5 0.0136417
7 0.193388
10 0.010294
14 0.224555
15 0.0333362
17 0.0253272
19 0.0407593
20 0.0108603
22 0.0141597
40 0.0131602
44 0.00771459
45 0.0279654
51 0.0164907
52 0.0283194
55 0.0846659
59 0.182218
61 0.0449444
-1 -1
LEAF 622 9
65 classes
1 0.0513307
3 0.051116
7 0.16565
10 0.0374746
15 0.242716
20 0.118609
22 0.257737
28 0.0480973
61 0.0272695
-1 -1
NODE 618 8
2dots_tau0
0 -2 15 8 12
619 620 
LEAF 619 9
65 classes
5 0.0505923
15 0.45332
20 0.120832
24 0.177163
44 0.0286108
49 0.138903
51 0.0305791
-1 -1
LEAF 620 9
65 classes
1 0.0276828
3 0.0137835
5 0.0267825
6 0.0122009
7 0.011167
10 0.0101051
15 0.119989
18 0.0241337
20 0.202559
23 0.0151112
24 0.0937865
28 0.0129695
30 0.00745306
44 0.0681569
47 0.0261449
49 0.125005
53 0.0103268
54 0.0965348
55 0.0151112
59 0.0372653
61 0.0367662
62 0.00696459
-1 -1
NODE 582 5
2dots_tau0
0 -3 12 -6 13
583 584 
NODE 583 6
2dots_tau0
0 -10 -4 -5 -4
599 600 
NODE 599 7
2dots_tau0
0 3 -3 14 14
607 608 
NODE 607 8
2dots_tau0
0 -6 -7 5 0
611 612 
LEAF 611 9
65 classes
19 1
-1 -1
LEAF 612 9
65 classes
1 0.0450572
5 0.174368
6 0.238303
9 0.0901145
18 0.0392807
23 0.0491909
27 0.0427236
48 0.296701
59 0.0242616
-1 -1
NODE 608 8
2dots_tau0
0 -1 14 -2 -5
609 610 
LEAF 609 9
65 classes
1 0.0390015
2 0.0714028
3 0.0388384
5 0.339599
7 0.0314656
14 0.0690139
18 0.0340013
23 0.0425797
40 0.0364014
42 0.0424822
48 0.0366892
51 0.0684204
52 0.0391661
53 0.0290983
56 0.0398385
59 0.0420017
-1 -1
LEAF 610 9
65 classes
3 0.26712
5 0.194639
7 0.162309
19 0.064617
23 0.146426
40 0.0625898
48 0.0630846
51 0.0392148
-1 -1
NODE 600 7
2dots_tau0
0 5 6 6 1
601 602 
NODE 601 8
2dots_tau0
0 14 4 -15 -8
605 606 
LEAF 605 9
65 classes
5 0.0971222
6 0.0442446
18 0.306309
44 0.0274621
51 0.0587029
52 0.0504052
54 0.350067
59 0.0270272
63 0.0386603
-1 -1
LEAF 606 9
65 classes
6 0.15928
16 0.0817595
18 0.315059
19 0.261167
40 0.0843245
42 0.0984107
-1 -1
NODE 602 8
2dots_tau0
0 9 -12 6 -5
603 604 
LEAF 603 9
65 classes
6 0.292006
18 0.144398
35 0.0900018
42 0.0902077
44 0.0906225
53 0.123576
56 0.169188
-1 -1
LEAF 604 9
65 classes
6 0.875433
48 0.124567
-1 -1
NODE 584 6
2dots_tau0
0 0 5 -10 10
585 586 
NODE 585 7
2dots_tau0
0 14 3 -8 -11
593 594 
NODE 593 8
2dots_tau0
0 7 5 -9 -7
597 598 
LEAF 597 9
65 classes
5 0.208456
6 0.542646
17 0.0276442
18 0.107337
44 0.0168407
54 0.0805025
59 0.016574
-1 -1
LEAF 598 9
65 classes
14 0.240058
53 0.404862
59 0.146098
63 0.208982
-1 -1
NODE 594 8
2dots_tau0
0 3 9 -12 14
595 596 
LEAF 595 9
65 classes
6 0.702643
53 0.297357
-1 -1
LEAF 596 9
65 classes
-1 -1
NODE 586 7
2dots_tau0
0 -14 -3 -13 13
587 588 
NODE 587 8
2dots_tau0
0 15 -1 13 -9
591 592 
LEAF 591 9
65 classes
1 0.0445996
5 0.129448
6 0.275196
7 0.0719641
9 0.0891992
14 0.11838
17 0.160222
18 0.0388817
44 0.0244016
59 0.0240152
61 0.0236935
-1 -1
LEAF 592 9
65 classes
7 0.0961484
14 0.421766
23 0.130109
40 0.222461
41 0.129515
-1 -1
NODE 588 8
2dots_tau0
0 8 -4 10 14
589 590 
LEAF 589 9
65 classes
1 0.0606095
3 0.0301779
5 0.263873
6 0.0801392
7 0.195594
9 0.0909142
17 0.0272171
22 0.0304326
23 0.033085
40 0.0282844
42 0.115532
51 0.0177212
54 0.0264195
-1 -1
LEAF 590 9
65 classes
1 0.0379983
5 0.14705
6 0.0334948
7 0.24525
9 0.0759966
14 0.268955
28 0.0356047
39 0.0195326
48 0.0714909
51 0.0444403
61 0.0201866
-1 -1
NODE 518 4
2dots_tau0
0 7 7 10 14
519 520 
NODE 519 5
2dots_tau0
0 -6 -10 -8 -1
551 552 
NODE 551 6
2dots_tau0
0 7 -7 -6 -3
567 568 
NODE 567 7
2dots_tau0
0 -15 -11 -13 15
575 576 
NODE 575 8
2dots_tau0
0 -12 -3 -12 15
579 580 
LEAF 579 9
65 classes
1 0.130222
15 0.0342084
20 0.501501
28 0.0406729
40 0.12154
48 0.0408337
49 0.0230601
54 0.0378422
59 0.0701194
-1 -1
LEAF 580 9
65 classes
51 0.419952
59 0.580047
-1 -1
NODE 576 8
2dots_tau0
0 13 -11 -3 2
577 578 
LEAF 577 9
65 classes
1 0.0613404
9 0.0613404
14 0.108543
18 0.0534762
19 0.177316
30 0.0330294
39 0.0630627
45 0.0608292
47 0.115865
51 0.0717396
54 0.160429
59 0.0330294
-1 -1
LEAF 578 9
65 classes
1 0.167502
47 0.158196
54 0.584109
59 0.0901933
-1 -1
NODE 568 7
2dots_tau0
0 -3 6 -3 -10
569 570 
NODE 569 8
2dots_tau0
0 6 2 -11 -13
573 574 
LEAF 573 9
65 classes
7 0.188286
15 0.183921
35 0.126813
59 0.376997
61 0.123983
-1 -1
LEAF 574 9
65 classes
59 1
-1 -1
NODE 570 8
2dots_tau0
0 9 10 11 -12
571 572 
LEAF 571 9
65 classes
7 0.0757729
14 0.0830966
20 0.651058
28 0.0880039
41 0.102068
-1 -1
LEAF 572 9
65 classes
47 1
-1 -1
NODE 552 6
2dots_tau0
0 -5 13 8 11
553 554 
NODE 553 7
2dots_tau0
0 10 8 14 9
561 562 
NODE 561 8
2dots_tau0
0 9 -5 14 -7
565 566 
LEAF 565 9
65 classes
3 0.156187
5 0.0758712
9 0.0784215
40 0.292774
41 0.17045
48 0.147544
52 0.0787524
-1 -1
LEAF 566 9
65 classes
45 0.75976
48 0.24024
-1 -1
NODE 562 8
2dots_tau0
0 4 0 11 13
563 564 
LEAF 563 9
65 classes
9 0.0914796
19 0.617024
20 0.07046
40 0.0853809
47 0.0863974
59 0.0492582
-1 -1
LEAF 564 9
65 classes
14 0.157924
19 0.085995
45 0.708025
59 0.048056
-1 -1
NODE 554 7
2dots_tau0
0 -8 8 6 2
555 556 
NODE 555 8
2dots_tau0
0 -12 -14 -3 -6
559 560 
LEAF 559 9
65 classes
1 0.103684
3 0.0516251
5 0.0752342
7 0.104563
9 0.025921
35 0.0140849
40 0.0483859
42 0.0141172
47 0.0489619
48 0.170689
58 0.342734
-1 -1
LEAF 560 9
65 classes
3 0.154688
9 0.0310675
13 0.0704197
18 0.0270845
19 0.149677
35 0.0337628
39 0.0159699
40 0.086989
41 0.0675257
45 0.154043
47 0.0293415
48 0.116902
62 0.0625291
-1 -1
NODE 556 8
2dots_tau0
0 -8 -6 -6 0
557 558 
LEAF 557 9
65 classes
2 0.0207287
7 0.328849
15 0.0356918
20 0.279066
22 0.0454807
28 0.0212184
40 0.0211352
47 0.0427736
49 0.0842104
51 0.0132419
52 0.0227404
59 0.0487735
61 0.0360902
-1 -1
LEAF 558 9
65 classes
9 0.205647
10 0.0375336
19 0.0990767
32 0.0409687
40 0.11996
44 0.042193
45 0.0509832
54 0.0224102
58 0.339888
59 0.0276832
61 0.0136562
-1 -1
NODE 520 5
2dots_tau0
0 8 6 13 14
521 522 
NODE 521 6
2dots_tau0
0 -2 11 12 11
537 538 
NODE 537 7
2dots_tau0
0 -3 14 -3 -6
545 546 
NODE 545 8
2dots_tau0
0 11 11 10 -3
549 550 
LEAF 549 9
65 classes
10 0.331014
28 0.424845
59 0.244141
-1 -1
LEAF 550 9
65 classes
28 0.522556
50 0.477444
-1 -1
NODE 546 8
2dots_tau0
0 -11 -13 5 13
547 548 
LEAF 547 9
65 classes
-1 -1
LEAF 548 9
65 classes
20 0.414773
35 0.585227
-1 -1
NODE 538 7
2dots_tau0
0 10 -13 5 10
539 540 
NODE 539 8
2dots_tau0
0 13 -4 -2 -4
543 544 
LEAF 543 9
65 classes
1 0.274293
9 0.0548585
14 0.0485365
17 0.0492692
19 0.158579
35 0.029809
44 0.0900436
55 0.0299457
59 0.177235
61 0.0874308
-1 -1
LEAF 544 9
65 classes
59 1
-1 -1
NODE 540 8
2dots_tau0
0 -7 1 10 7
541 542 
LEAF 541 9
65 classes
-1 -1
LEAF 542 9
65 classes
1 0.0351845
7 0.255475
9 0.140738
10 0.0256869
19 0.101707
20 0.0271
40 0.0656778
45 0.0697826
49 0.0747671
50 0.060244
52 0.105999
59 0.0189455
61 0.0186918
-1 -1
NODE 522 6
2dots_tau0
0 7 11 2 6
523 524 
NODE 523 7
2dots_tau0
0 -7 1 1 -11
531 532 
NODE 531 8
2dots_tau0
0 -10 -11 -13 5
535 536 
LEAF 535 9
65 classes
7 0.535261
22 0.296112
28 0.0690734
30 0.0198469
44 0.0201663
59 0.0595407
-1 -1
LEAF 536 9
65 classes
1 0.17205
3 0.0244757
7 0.18838
9 0.0245786
13 0.0139279
14 0.0543653
19 0.0118415
22 0.0370234
23 0.0134167
28 0.0230303
30 0.00661731
39 0.0126343
44 0.033619
45 0.146243
47 0.0116066
51 0.0862364
52 0.0740469
59 0.0463212
61 0.0195861
-1 -1
NODE 532 8
2dots_tau0
0 -14 -4 -7 0
533 534 
LEAF 533 9
65 classes
7 0.0219413
9 0.0271961
10 0.138984
14 0.36093
20 0.0209472
24 0.0230344
40 0.0253831
44 0.0148797
45 0.0269695
47 0.0770557
48 0.0255837
49 0.0144479
51 0.0159034
54 0.0474189
55 0.0148456
61 0.144479
-1 -1
LEAF 534 9
65 classes
1 0.0343794
10 0.652577
21 0.0089522
22 0.0863113
23 0.0187668
28 0.0161069
39 0.0441809
44 0.00940495
47 0.0162347
48 0.0323411
50 0.0147164
52 0.0345245
61 0.0182641
63 0.01324
-1 -1
NODE 524 7
2dots_tau0
0 5 -10 -1 -7
525 526 
NODE 525 8
2dots_tau0
0 -5 1 -11 -9
529 530 
LEAF 529 9
65 classes
10 0.486599
12 0.0600876
19 0.0267597
44 0.0455837
45 0.110161
51 0.0487197
52 0.0278888
59 0.179447
61 0.0147537
-1 -1
LEAF 530 9
65 classes
5 0.110506
14 0.101057
20 0.131963
22 0.057351
51 0.100188
54 0.0995765
59 0.369019
61 0.0303397
-1 -1
NODE 526 8
2dots_tau0
0 14 -6 -13 -11
527 528 
LEAF 527 9
65 classes
6 0.0154566
10 0.358441
14 0.0775701
17 0.0157482
19 0.0844792
42 0.00954982
44 0.182281
49 0.027946
51 0.0102537
54 0.0305734
55 0.00957173
59 0.0849762
61 0.0931534
-1 -1
LEAF 528 9
65 classes
7 0.0998703
14 0.109523
22 0.124311
42 0.134836
49 0.131526
59 0.399933
-1 -1
NODE 2 1
2dots_tau0
0 11 -2 -2 -2
3 4 
NODE 3 2
2dots_tau0
0 4 11 -7 9
259 260 
NODE 259 3
2dots_tau0
0 0 -14 -1 0
387 388 
NODE 387 4
2dots_tau0
0 -11 8 -5 10
451 452 
NODE 451 5
2dots_tau0
0 6 9 13 -8
483 484 
NODE 483 6
2dots_tau0
0 5 8 -5 10
499 500 
NODE 499 7
2dots_tau0
0 2 0 -7 0
507 508 
NODE 507 8
2dots_tau0
0 8 -9 -3 12
511 512 
LEAF 511 9
65 classes
0 0.0131097
1 0.0286431
5 0.0277116
6 0.0631209
9 0.0572862
15 0.0112865
17 0.0128624
24 0.29112
27 0.0135798
28 0.0268388
33 0.203494
35 0.00778203
37 0.0551988
40 0.0401003
41 0.0311281
45 0.0284044
50 0.0122609
52 0.014382
56 0.0146289
62 0.0360309
63 0.0110308
-1 -1
LEAF 512 9
65 classes
0 0.0496987
1 0.0542927
6 0.0957161
9 0.217171
24 0.137954
27 0.0514807
33 0.0964303
48 0.204295
50 0.0929616
-1 -1
NODE 508 8
2dots_tau0
0 5 -3 10 2
509 510 
LEAF 509 9
65 classes
0 0.239484
9 0.0654053
24 0.0553967
33 0.116168
35 0.0355399
41 0.426479
48 0.0615276
-1 -1
LEAF 510 9
65 classes
0 0.15783
1 0.287366
3 0.0572327
6 0.101323
7 0.0927364
35 0.0312297
40 0.214566
52 0.0577157
-1 -1
NODE 500 7
2dots_tau0
0 6 1 5 -10
501 502 
NODE 501 8
2dots_tau0
0 -6 1 -8 12
505 506 
LEAF 505 9
65 classes
-1 -1
LEAF 506 9
65 classes
54 1
-1 -1
NODE 502 8
2dots_tau0
0 -15 -1 6 2
503 504 
LEAF 503 9
65 classes
1 0.26087
47 0.73913
-1 -1
LEAF 504 9
65 classes
3 1
-1 -1
NODE 484 6
2dots_tau0
0 3 3 -2 6
485 486 
NODE 485 7
2dots_tau0
0 2 -11 4 -4
493 494 
NODE 493 8
2dots_tau0
0 -11 -13 2 -10
497 498 
LEAF 497 9
65 classes
1 0.0756402
21 0.0393925
42 0.205977
48 0.0711556
52 0.531715
62 0.0761199
-1 -1
LEAF 498 9
65 classes
1 0.0958378
11 0.107086
12 0.0518395
21 0.0249556
23 0.209261
33 0.0425548
40 0.0894486
42 0.0782931
49 0.203655
52 0.0481211
56 0.0489472
-1 -1
NODE 494 8
2dots_tau0
0 -4 -4 -14 -8
495 496 
LEAF 495 9
65 classes
0 0.144842
6 0.278955
9 0.158231
42 0.0861759
49 0.25218
62 0.0796171
-1 -1
LEAF 496 9
65 classes
9 0.106658
20 0.164301
28 0.0999392
42 0.290441
49 0.056662
55 0.174664
62 0.107334
-1 -1
NODE 486 7
2dots_tau0
0 1 -1 -1 -2
487 488 
NODE 487 8
2dots_tau0
0 0 0 1 10
491 492 
LEAF 491 9
65 classes
14 0.469324
20 0.102143
35 0.144119
51 0.077548
56 0.135459
59 0.0714073
-1 -1
LEAF 492 9
65 classes
1 0.125456
3 0.124931
35 0.0681701
48 0.236036
52 0.125985
56 0.256296
62 0.0631258
-1 -1
NODE 488 8
2dots_tau0
0 -14 15 -2 15
489 490 
LEAF 489 9
65 classes
3 0.159523
11 0.178996
19 0.154356
23 0.17489
30 0.086258
39 0.0823457
56 0.163631
-1 -1
LEAF 490 9
65 classes
15 0.154787
23 0.643288
39 0.201925
-1 -1
NODE 452 5
2dots_tau0
0 7 0 1 0
453 454 
NODE 453 6
2dots_tau0
0 3 11 -3 5
469 470 
NODE 469 7
2dots_tau0
0 -14 -3 5 11
477 478 
NODE 477 8
2dots_tau0
0 -10 -11 -10 10
481 482 
LEAF 481 9
65 classes
0 0.0847275
1 0.0925594
3 0.0921722
15 0.0729442
19 0.0891868
35 0.201179
40 0.0863888
42 0.10082
48 0.0870717
52 0.09295
-1 -1
LEAF 482 9
65 classes
0 0.338462
1 0.184874
42 0.30206
47 0.174604
-1 -1
NODE 478 8
2dots_tau0
0 2 -4 14 -3
479 480 
LEAF 479 9
65 classes
0 0.184516
1 0.0125983
6 0.0222102
12 0.0817741
27 0.0358373
30 0.00678367
33 0.078316
35 0.0273825
37 0.0121392
40 0.0823086
41 0.0821475
49 0.00669282
50 0.0647133
54 0.0109831
62 0.291598
-1 -1
LEAF 480 9
65 classes
0 0.0429793
1 0.105642
3 0.0818225
6 0.113816
9 0.0704283
12 0.0507937
23 0.0128149
30 0.00632048
33 0.0521204
35 0.140321
40 0.131466
42 0.0063928
47 0.0110859
50 0.0100491
52 0.0117876
54 0.0102332
56 0.0119899
62 0.129937
-1 -1
NODE 470 7
2dots_tau0
0 2 -10 -10 15
471 472 
NODE 471 8
2dots_tau0
0 2 5 9 -2
475 476 
LEAF 475 9
65 classes
0 0.426296
33 0.434249
35 0.0759157
41 0.0253052
54 0.0202998
63 0.0179348
-1 -1
LEAF 476 9
65 classes
19 0.0554941
21 0.0299935
23 0.440134
33 0.0511457
35 0.0938838
49 0.0917882
50 0.0493059
53 0.0859375
62 0.0579579
63 0.0443593
-1 -1
NODE 472 8
2dots_tau0
0 -3 -6 7 15
473 474 
LEAF 473 9
65 classes
-1 -1
LEAF 474 9
65 classes
50 0.534338
53 0.465662
-1 -1
NODE 454 6
2dots_tau0
0 -13 5 -14 -11
455 456 
NODE 455 7
2dots_tau0
0 -11 -2 -2 13
463 464 
NODE 463 8
2dots_tau0
0 2 10 -11 0
467 468 
LEAF 467 9
65 classes
35 1
-1 -1
LEAF 468 9
65 classes
35 1
-1 -1
NODE 464 8
2dots_tau0
0 -8 -12 -1 12
465 466 
LEAF 465 9
65 classes
27 0.386212
35 0.221322
37 0.392466
-1 -1
LEAF 466 9
65 classes
1 0.0599141
27 0.170433
33 0.266037
35 0.130224
47 0.0565856
48 0.169086
49 0.0954881
54 0.0522328
-1 -1
NODE 456 7
2dots_tau0
0 1 7 5 9
457 458 
NODE 457 8
2dots_tau0
0 14 9 8 10
461 462 
LEAF 461 9
65 classes
21 0.344757
35 0.119904
42 0.120178
48 0.415161
-1 -1
LEAF 462 9
65 classes
33 1
-1 -1
NODE 458 8
2dots_tau0
0 7 10 -10 4
459 460 
LEAF 459 9
65 classes
3 0.588445
5 0.0714626
30 0.0397733
35 0.0401365
40 0.0689404
44 0.0808266
45 0.0732491
62 0.0371666
-1 -1
LEAF 460 9
65 classes
35 1
-1 -1
NODE 388 4
2dots_tau0
0 -4 5 -7 -15
389 390 
NODE 389 5
2dots_tau0
0 -4 -5 3 9
421 422 
NODE 421 6
2dots_tau0
0 -4 4 8 14
437 438 
NODE 437 7
2dots_tau0
0 -3 13 6 -5
445 446 
NODE 445 8
2dots_tau0
0 12 0 -15 -8
449 450 
LEAF 449 9
65 classes
19 0.470333
35 0.0884112
41 0.353645
59 0.0876111
-1 -1
LEAF 450 9
65 classes
59 1
-1 -1
NODE 446 8
2dots_tau0
0 -12 0 -9 0
447 448 
LEAF 447 9
65 classes
19 0.0528536
49 0.203982
51 0.38491
53 0.28647
59 0.0295359
63 0.0422487
-1 -1
LEAF 448 9
65 classes
0 0.0746875
19 0.235855
27 0.0773656
32 0.0433454
49 0.0866909
51 0.23856
53 0.243495
-1 -1
NODE 438 7
2dots_tau0
0 14 4 -12 -15
439 440 
NODE 439 8
2dots_tau0
0 -2 -6 7 3
443 444 
LEAF 443 9
65 classes
35 0.836445
49 0.163555
-1 -1
LEAF 444 9
65 classes
19 0.100393
21 0.0542605
35 0.169843
47 0.0984009
53 0.466402
61 0.110701
-1 -1
NODE 440 8
2dots_tau0
0 8 -6 0 -15
441 442 
LEAF 441 9
65 classes
15 0.347592
48 0.414913
59 0.237495
-1 -1
LEAF 442 9
65 classes
15 1
-1 -1
NODE 422 6
2dots_tau0
0 -15 -5 12 11
423 424 
NODE 423 7
2dots_tau0
0 -7 4 13 15
431 432 
NODE 431 8
2dots_tau0
0 -5 -14 -14 1
435 436 
LEAF 435 9
65 classes
1 0.112856
19 0.0543719
24 0.0477931
27 0.214022
30 0.0303843
33 0.100223
35 0.122647
37 0.0543719
40 0.263331
-1 -1
LEAF 436 9
65 classes
1 0.0986776
3 0.0327549
9 0.197355
15 0.012961
19 0.0950821
22 0.0330313
24 0.0139296
30 0.00885568
33 0.0876316
35 0.0536193
37 0.015847
40 0.184198
45 0.0489276
51 0.00961723
54 0.0573511
62 0.0248259
63 0.0253347
-1 -1
NODE 432 8
2dots_tau0
0 14 -7 0 0
433 434 
LEAF 433 9
65 classes
1 0.0997842
3 0.0993667
5 0.0965392
9 0.399137
40 0.0931319
49 0.0530103
61 0.159031
-1 -1
LEAF 434 9
65 classes
1 0.0955066
15 0.150534
24 0.161783
40 0.0891395
48 0.179688
54 0.249787
63 0.0735618
-1 -1
NODE 424 7
2dots_tau0
0 -11 12 4 -4
425 426 
NODE 425 8
2dots_tau0
0 5 5 -10 11
429 430 
LEAF 429 9
65 classes
2 0.147221
9 0.361867
12 0.0434971
18 0.0350526
19 0.116227
30 0.0216502
44 0.0219986
45 0.0797448
50 0.137689
54 0.0350526
-1 -1
LEAF 430 9
65 classes
1 0.0739631
9 0.443779
10 0.0539976
19 0.142536
33 0.0656837
45 0.22004
-1 -1
NODE 426 8
2dots_tau0
0 10 -8 0 10
427 428 
LEAF 427 9
65 classes
2 0.0207639
9 0.272199
12 0.0245391
19 0.0437134
21 0.118132
30 0.0122141
35 0.0123256
49 0.0241009
50 0.34955
52 0.0227789
53 0.0676942
54 0.0197751
59 0.0122141
-1 -1
LEAF 428 9
65 classes
1 0.0251224
9 0.100489
12 0.163067
18 0.0438031
33 0.0223102
35 0.013651
45 0.024913
47 0.0237267
48 0.0472658
50 0.473168
54 0.0219015
59 0.0405823
-1 -1
NODE 390 5
2dots_tau0
0 -4 0 -13 14
391 392 
NODE 391 6
2dots_tau0
0 11 -9 13 9
407 408 
NODE 407 7
2dots_tau0
0 12 6 -7 6
415 416 
NODE 415 8
2dots_tau0
0 15 2 6 3
419 420 
LEAF 419 9
65 classes
37 0.558166
48 0.272464
51 0.16937
-1 -1
LEAF 420 9
65 classes
20 0.105525
37 0.396038
40 0.127871
41 0.297782
49 0.0727838
-1 -1
NODE 416 8
2dots_tau0
0 -5 5 1 14
417 418 
LEAF 417 9
65 classes
1 0.161282
22 0.161963
35 0.350549
40 0.15053
42 0.175676
-1 -1
LEAF 418 9
65 classes
19 0.16365
37 0.327299
40 0.158516
48 0.159769
51 0.0993156
59 0.0914513
-1 -1
NODE 408 7
2dots_tau0
0 11 -8 -11 -11
409 410 
NODE 409 8
2dots_tau0
0 14 -1 3 15
413 414 
LEAF 413 9
65 classes
40 0.634146
59 0.365854
-1 -1
LEAF 414 9
65 classes
35 1
-1 -1
NODE 410 8
2dots_tau0
0 10 -7 -8 -11
411 412 
LEAF 411 9
65 classes
-1 -1
LEAF 412 9
65 classes
3 0.480967
35 0.262446
61 0.256587
-1 -1
NODE 392 6
2dots_tau0
0 8 1 -13 -5
393 394 
NODE 393 7
2dots_tau0
0 -6 -13 -1 10
401 402 
NODE 401 8
2dots_tau0
0 -12 -9 15 -8
405 406 
LEAF 405 9
65 classes
7 0.167382
19 0.0999547
20 0.239697
24 0.0878605
28 0.1944
41 0.112734
47 0.0979715
-1 -1
LEAF 406 9
65 classes
1 0.0493431
7 0.039809
14 0.0436567
15 0.116659
20 0.152022
35 0.053624
42 0.376227
47 0.139806
51 0.0288542
-1 -1
NODE 402 8
2dots_tau0
0 -15 -12 -4 10
403 404 
LEAF 403 9
65 classes
15 0.10695
22 0.0454275
24 0.613029
28 0.0423871
33 0.0401728
47 0.085447
48 0.0425546
61 0.024032
-1 -1
LEAF 404 9
65 classes
1 0.0475929
19 0.0458587
27 0.180512
33 0.0422653
35 0.025861
37 0.229294
40 0.08884
47 0.179795
53 0.0355082
54 0.124474
-1 -1
NODE 394 7
2dots_tau0
0 -13 -4 4 -4
395 396 
NODE 395 8
2dots_tau0
0 1 -13 11 -11
399 400 
LEAF 399 9
65 classes
15 0.386297
19 0.236157
20 0.377546
-1 -1
LEAF 400 9
65 classes
5 0.0871514
14 0.0796998
15 0.0354954
20 0.0346913
24 0.762962
-1 -1
NODE 396 8
2dots_tau0
0 15 6 12 -7
397 398 
LEAF 397 9
65 classes
15 0.454874
47 0.545126
-1 -1
LEAF 398 9
65 classes
24 0.546402
28 0.151121
42 0.087837
51 0.0943114
53 0.120328
-1 -1
NODE 260 3
2dots_tau0
0 13 12 11 8
261 262 
NODE 261 4
2dots_tau0
0 14 -8 -2 -11
325 326 
NODE 325 5
2dots_tau0
0 -8 -3 3 -7
357 358 
NODE 357 6
2dots_tau0
0 -13 -3 12 7
373 374 
NODE 373 7
2dots_tau0
0 -12 2 11 -1
381 382 
NODE 381 8
2dots_tau0
0 -3 10 -10 3
385 386 
LEAF 385 9
65 classes
42 0.168253
59 0.831747
-1 -1
LEAF 386 9
65 classes
0 0.205505
5 0.124114
7 0.181123
10 0.0234142
14 0.0283756
19 0.154515
22 0.193241
42 0.0349338
51 0.0375088
59 0.0172693
-1 -1
NODE 382 8
2dots_tau0
0 14 0 10 15
383 384 
LEAF 383 9
65 classes
7 0.0547058
10 0.0330025
14 0.199978
15 0.0712504
19 0.021779
22 0.431261
35 0.0245635
42 0.0615493
51 0.0396517
52 0.0453958
53 0.0168633
-1 -1
LEAF 384 9
65 classes
19 0.107352
35 0.0605386
40 0.103984
42 0.728126
-1 -1
NODE 374 7
2dots_tau0
0 13 1 0 10
375 376 
NODE 375 8
2dots_tau0
0 -7 15 -9 15
379 380 
LEAF 379 9
65 classes
0 0.0332835
3 0.036208
5 0.0703553
7 0.264011
9 0.0363601
14 0.0643398
15 0.0286546
19 0.0700705
22 0.146054
35 0.0592719
45 0.108171
52 0.0365135
53 0.0271276
59 0.0195785
-1 -1
LEAF 380 9
65 classes
0 0.0966813
3 0.0525882
5 0.0510917
7 0.127816
14 0.186893
19 0.0508849
22 0.0530319
35 0.0286954
45 0.157107
52 0.0530319
59 0.142178
-1 -1
NODE 376 8
2dots_tau0
0 12 1 5 -13
377 378 
LEAF 377 9
65 classes
19 0.19138
35 0.431696
50 0.170039
59 0.106947
62 0.0999381
-1 -1
LEAF 378 9
65 classes
0 0.300337
5 0.10581
19 0.316144
22 0.109828
35 0.0594273
45 0.108455
-1 -1
NODE 358 6
2dots_tau0
0 0 -9 -8 -9
359 360 
NODE 359 7
2dots_tau0
0 2 -3 7 -2
367 368 
NODE 367 8
2dots_tau0
0 -15 -4 -9 -10
371 372 
LEAF 371 9
65 classes
5 0.0369885
7 0.0154223
10 0.16747
14 0.0338259
15 0.135584
16 0.0691953
20 0.0441708
22 0.0959829
23 0.0417394
28 0.0179118
30 0.0102932
35 0.0207744
42 0.0728767
48 0.0179826
49 0.121864
55 0.062609
59 0.0205864
63 0.0147236
-1 -1
LEAF 372 9
65 classes
5 0.0402522
14 0.0368106
15 0.327882
20 0.0320455
23 0.0908445
24 0.0352386
28 0.0779689
42 0.0226592
47 0.275057
48 0.0391385
49 0.0221028
-1 -1
NODE 368 8
2dots_tau0
0 -14 8 -5 2
369 370 
LEAF 369 9
65 classes
0 0.0774602
3 0.0240761
9 0.0483545
10 0.0882544
14 0.0106955
15 0.0571608
19 0.0582408
22 0.0728378
23 0.184768
28 0.0566357
42 0.0395024
45 0.0239758
47 0.11417
49 0.0192663
50 0.0310478
51 0.00706903
52 0.0242793
53 0.0360764
55 0.0131977
59 0.00650926
61 0.00642209
-1 -1
LEAF 370 9
65 classes
0 0.0290831
2 0.0290831
9 0.190629
13 0.0720153
15 0.0751153
16 0.0287513
19 0.122455
23 0.0346863
28 0.0297701
33 0.0282149
35 0.0172639
40 0.0296533
42 0.121124
45 0.09452
49 0.0337572
52 0.0319055
62 0.031973
-1 -1
NODE 360 7
2dots_tau0
0 -12 0 0 13
361 362 
NODE 361 8
2dots_tau0
0 5 -13 -3 1
365 366 
LEAF 365 9
65 classes
0 0.0279175
7 0.0246053
14 0.053967
15 0.04807
22 0.153134
23 0.133185
28 0.114308
30 0.0164221
35 0.0165721
40 0.028465
42 0.0996599
45 0.030244
47 0.144019
52 0.0306268
53 0.0455082
55 0.0332962
-1 -1
LEAF 366 9
65 classes
7 0.079125
9 0.147113
14 0.0433864
15 0.077291
19 0.0945015
28 0.0918972
42 0.026707
45 0.340402
53 0.073172
59 0.0264048
-1 -1
NODE 362 8
2dots_tau0
0 9 11 -8 2
363 364 
LEAF 363 9
65 classes
14 0.10277
20 0.0894664
42 0.126522
45 0.115188
47 0.219406
53 0.346647
-1 -1
LEAF 364 9
65 classes
3 0.0481063
5 0.0467375
14 0.0427413
20 0.0372085
22 0.0970246
23 0.105481
24 0.0409161
40 0.0450879
42 0.131549
45 0.143718
47 0.0912493
53 0.144168
59 0.0260123
-1 -1
NODE 326 5
2dots_tau0
0 -8 14 3 -14
327 328 
NODE 327 6
2dots_tau0
0 4 7 -1 -1
343 344 
NODE 343 7
2dots_tau0
0 0 -12 -3 -8
351 352 
NODE 351 8
2dots_tau0
0 -13 5 2 -7
355 356 
LEAF 355 9
65 classes
1 0.366126
15 0.288536
27 0.115721
28 0.114354
47 0.115262
-1 -1
LEAF 356 9
65 classes
0 0.251954
12 0.297763
28 0.171937
35 0.0997077
48 0.0863083
62 0.0923298
-1 -1
NODE 352 8
2dots_tau0
0 0 -5 -4 8
353 354 
LEAF 353 9
65 classes
15 0.217617
47 0.782383
-1 -1
LEAF 354 9
65 classes
1 0.0644863
3 0.321082
12 0.0697624
15 0.101641
40 0.120374
41 0.070081
47 0.121807
56 0.0658701
62 0.0648953
-1 -1
NODE 344 7
2dots_tau0
0 5 -5 15 8
345 346 
NODE 345 8
2dots_tau0
0 15 -4 11 15
349 350 
LEAF 349 9
65 classes
15 0.523019
16 0.0750721
28 0.155464
30 0.0446696
35 0.0450775
47 0.156698
-1 -1
LEAF 350 9
65 classes
15 0.183376
19 0.149473
27 0.0735454
28 0.43606
35 0.0842917
47 0.0732535
-1 -1
NODE 346 8
2dots_tau0
0 11 14 -15 3
347 348 
LEAF 347 9
65 classes
15 0.16608
22 0.634888
47 0.199032
-1 -1
LEAF 348 9
65 classes
7 0.227564
10 0.205925
22 0.566511
-1 -1
NODE 328 6
2dots_tau0
0 -11 -6 -14 11
329 330 
NODE 329 7
2dots_tau0
0 4 -9 -15 10
337 338 
NODE 337 8
2dots_tau0
0 3 8 -1 10
341 342 
LEAF 341 9
65 classes
5 0.144726
10 0.0546051
12 0.0809149
13 0.0847679
20 0.0576093
22 0.0751108
23 0.0816572
27 0.141843
35 0.121926
49 0.119205
62 0.0376348
-1 -1
LEAF 342 9
65 classes
0 0.19483
3 0.317924
12 0.115127
13 0.120609
27 0.100908
35 0.0578263
54 0.0927762
-1 -1
NODE 338 8
2dots_tau0
0 -14 -14 -2 9
339 340 
LEAF 339 9
65 classes
5 0.490683
22 0.509317
-1 -1
LEAF 340 9
65 classes
0 1
-1 -1
NODE 330 7
2dots_tau0
0 -1 11 10 0
331 332 
NODE 331 8
2dots_tau0
0 -1 0 14 -4
335 336 
LEAF 335 9
65 classes
0 0.568209
33 0.275624
62 0.156167
-1 -1
LEAF 336 9
65 classes
0 1
-1 -1
NODE 332 8
2dots_tau0
0 5 -14 -14 4
333 334 
LEAF 333 9
65 classes
12 0.0479592
33 0.078739
35 0.240891
40 0.0827532
47 0.0418692
48 0.0417037
49 0.16486
52 0.0445191
53 0.0330753
54 0.0386485
55 0.0483992
63 0.136583
-1 -1
LEAF 334 9
65 classes
0 0.171135
1 0.373909
42 0.10182
47 0.353136
-1 -1
NODE 262 4
2dots_tau0
0 4 6 -11 -9
263 264 
NODE 263 5
2dots_tau0
0 -15 -7 -13 4
295 296 
NODE 295 6
2dots_tau0
0 -11 12 -1 0
311 312 
NODE 311 7
2dots_tau0
0 11 2 -13 -15
319 320 
NODE 319 8
2dots_tau0
0 -14 -2 -4 13
323 324 
LEAF 323 9
65 classes
0 0.221227
5 0.116909
15 0.28569
42 0.197434
48 0.113674
59 0.0650667
-1 -1
LEAF 324 9
65 classes
0 0.0528425
3 0.0287428
5 0.0279249
12 0.0312251
23 0.0630232
33 0.0256326
35 0.0313677
40 0.269393
42 0.110038
45 0.0858691
52 0.115941
53 0.107673
54 0.0503262
-1 -1
NODE 320 8
2dots_tau0
0 0 13 -6 15
321 322 
LEAF 321 9
65 classes
0 0.645293
62 0.354707
-1 -1
LEAF 322 9
65 classes
5 0.307042
23 0.692958
-1 -1
NODE 312 7
2dots_tau0
0 2 4 -6 15
313 314 
NODE 313 8
2dots_tau0
0 -5 15 -7 -1
317 318 
LEAF 317 9
65 classes
12 0.0771231
15 0.337094
16 0.129027
23 0.0778306
35 0.0774752
47 0.0673297
54 0.124301
63 0.109819
-1 -1
LEAF 318 9
65 classes
0 0.151184
15 0.167346
19 0.0454688
20 0.0363456
21 0.0368626
33 0.104765
35 0.128205
42 0.128499
45 0.0701924
47 0.0222833
48 0.0221952
49 0.0376031
59 0.0127045
63 0.0363456
-1 -1
NODE 314 8
2dots_tau0
0 -7 -3 -3 14
315 316 
LEAF 315 9
65 classes
19 0.170093
27 0.0836914
35 0.0479601
41 0.0959202
42 0.384559
45 0.0875272
47 0.0833592
49 0.0468896
-1 -1
LEAF 316 9
65 classes
5 0.104141
9 0.107642
35 0.0584902
40 0.301397
45 0.320234
52 0.108096
-1 -1
NODE 296 6
2dots_tau0
0 -8 7 8 -5
297 298 
NODE 297 7
2dots_tau0
0 -3 -11 8 3
305 306 
NODE 305 8
2dots_tau0
0 -13 -9 9 10
309 310 
LEAF 309 9
65 classes
0 0.797377
35 0.0860597
48 0.0744944
49 0.0420694
-1 -1
LEAF 310 9
65 classes
0 0.385269
1 0.105221
35 0.114349
40 0.196412
47 0.19875
-1 -1
NODE 306 8
2dots_tau0
0 6 -1 -3 4
307 308 
LEAF 307 9
65 classes
0 0.186073
3 0.0112457
5 0.131109
10 0.00824456
12 0.0122169
19 0.195867
23 0.0369871
27 0.0428323
33 0.0100288
35 0.00613636
40 0.0105401
42 0.0061504
45 0.0559943
47 0.0426623
48 0.0106234
49 0.0419957
52 0.0453625
53 0.00842548
54 0.108297
59 0.0121617
62 0.0170469
-1 -1
LEAF 308 9
65 classes
0 0.676986
1 0.0389245
3 0.0775232
35 0.0211507
40 0.0363295
48 0.0732334
54 0.0339341
59 0.0419186
-1 -1
NODE 298 7
2dots_tau0
0 -4 1 -3 13
299 300 
NODE 299 8
2dots_tau0
0 -7 -8 4 -1
303 304 
LEAF 303 9
65 classes
0 0.108981
19 0.114717
35 0.776302
-1 -1
LEAF 304 9
65 classes
0 0.0986164
9 0.0615613
12 0.0499486
15 0.0121288
16 0.0139274
19 0.118636
23 0.0168023
27 0.0145932
30 0.0165742
33 0.0956726
35 0.0836277
40 0.0287286
45 0.0152621
47 0.0145353
49 0.261635
50 0.0395276
53 0.0344473
59 0.00828709
62 0.0154879
-1 -1
NODE 300 8
2dots_tau0
0 -14 -2 2 -1
301 302 
LEAF 301 9
65 classes
3 0.123646
9 0.372498
19 0.119642
50 0.1063
53 0.277914
-1 -1
LEAF 302 9
65 classes
0 0.238554
1 0.0200466
9 0.0200466
12 0.0650603
15 0.0157983
16 0.036282
19 0.0772646
27 0.0190083
33 0.0178026
35 0.0435716
40 0.0187102
42 0.0109178
45 0.0795182
47 0.0189329
49 0.0212995
50 0.171622
53 0.0448692
62 0.080695
-1 -1
NODE 264 5
2dots_tau0
0 3 -10 3 6
265 266 
NODE 265 6
2dots_tau0
0 0 14 13 5
281 282 
NODE 281 7
2dots_tau0
0 3 5 -6 -7
289 290 
NODE 289 8
2dots_tau0
0 -1 -5 15 -10
293 294 
LEAF 293 9
65 classes
0 0.170329
5 0.180023
22 0.373718
30 0.100194
47 0.175736
-1 -1
LEAF 294 9
65 classes
0 0.106757
19 0.112376
22 0.117118
35 0.126744
42 0.317584
48 0.219422
-1 -1
NODE 290 8
2dots_tau0
0 -4 6 -12 4
291 292 
LEAF 291 9
65 classes
0 0.162837
12 0.192443
20 0.548059
35 0.0966611
-1 -1
LEAF 292 9
65 classes
1 0.0222823
10 0.0162674
19 0.0214704
20 0.0686496
22 0.0895052
40 0.0207968
42 0.546094
47 0.147311
52 0.0223763
53 0.0332488
59 0.0119982
-1 -1
NODE 282 7
2dots_tau0
0 2 0 0 3
283 284 
NODE 283 8
2dots_tau0
0 11 9 -6 14
287 288 
LEAF 287 9
65 classes
0 0.0315434
7 0.083403
12 0.0372786
13 0.0781076
20 0.0265414
22 0.103814
27 0.065349
28 0.0645771
42 0.394113
52 0.0346046
53 0.0257094
55 0.0376206
62 0.0173389
-1 -1
LEAF 288 9
65 classes
7 0.0176988
12 0.0237325
13 0.0248626
17 0.0197025
19 0.0422765
20 0.135175
22 0.0660905
28 0.0411114
42 0.513752
47 0.0414377
52 0.0220302
53 0.0163672
55 0.0239502
59 0.0118126
-1 -1
NODE 284 8
2dots_tau0
0 11 -6 -12 -9
285 286 
LEAF 285 9
65 classes
0 0.0763117
5 0.0403273
10 0.213017
19 0.0401641
21 0.0217079
23 0.045507
42 0.431327
52 0.0418588
59 0.0897785
-1 -1
LEAF 286 9
65 classes
5 0.523256
6 0.476744
-1 -1
NODE 266 6
2dots_tau0
0 5 4 13 -5
267 268 
NODE 267 7
2dots_tau0
0 11 0 15 -14
275 276 
NODE 275 8
2dots_tau0
0 0 0 -12 0
279 280 
LEAF 279 9
65 classes
1 0.169676
3 0.168966
28 0.476962
35 0.184396
-1 -1
LEAF 280 9
65 classes
1 0.341394
9 0.170697
40 0.318634
45 0.169275
-1 -1
NODE 276 8
2dots_tau0
0 -8 2 8 -9
277 278 
LEAF 277 9
65 classes
19 0.672848
28 0.327152
-1 -1
LEAF 278 9
65 classes
7 0.599729
59 0.400271
-1 -1
NODE 268 7
2dots_tau0
0 0 -4 -2 -2
269 270 
NODE 269 8
2dots_tau0
0 -10 -7 14 -3
273 274 
LEAF 273 9
65 classes
7 0.141015
19 0.505256
28 0.163777
35 0.189952
-1 -1
LEAF 274 9
65 classes
7 0.149297
19 0.534931
28 0.0866982
35 0.050277
45 0.0917556
48 0.0870408
-1 -1
NODE 270 8
2dots_tau0
0 -4 0 13 10
271 272 
LEAF 271 9
65 classes
3 0.171989
7 0.13934
14 0.305617
40 0.161198
53 0.128857
59 0.0929987
-1 -1
LEAF 272 9
65 classes
9 0.189211
14 0.669623
53 0.141167
-1 -1
NODE 4 2
2dots_tau0
0 11 3 -1 -2
5 6 
NODE 5 3
2dots_tau0
0 -1 -11 7 -7
133 134 
NODE 133 4
2dots_tau0
0 -7 0 -6 -13
197 198 
NODE 197 5
2dots_tau0
0 -4 -6 4 0
229 230 
NODE 229 6
2dots_tau0
0 -10 -4 4 9
245 246 
NODE 245 7
2dots_tau0
0 -12 2 0 -14
253 254 
NODE 253 8
2dots_tau0
0 9 -3 3 14
257 258 
LEAF 257 9
65 classes
-1 -1
LEAF 258 9
65 classes
40 0.48118
62 0.51882
-1 -1
NODE 254 8
2dots_tau0
0 5 5 5 11
255 256 
LEAF 255 9
65 classes
12 1
-1 -1
LEAF 256 9
65 classes
3 0.331001
62 0.668999
-1 -1
NODE 246 7
2dots_tau0
0 10 4 10 -4
247 248 
NODE 247 8
2dots_tau0
0 5 -13 2 13
251 252 
LEAF 251 9
65 classes
3 0.256553
35 0.0699956
40 0.120228
41 0.419974
49 0.0684333
62 0.0648163
-1 -1
LEAF 252 9
65 classes
3 0.124479
12 0.202843
41 0.135846
59 0.0336543
62 0.503177
-1 -1
NODE 248 8
2dots_tau0
0 7 -6 11 11
249 250 
LEAF 249 9
65 classes
0 0.754209
27 0.15625
35 0.0895408
-1 -1
LEAF 250 9
65 classes
3 0.385118
41 0.420288
62 0.194594
-1 -1
NODE 230 6
2dots_tau0
0 13 -8 -8 -2
231 232 
NODE 231 7
2dots_tau0
0 4 -13 -12 0
239 240 
NODE 239 8
2dots_tau0
0 8 -1 1 8
243 244 
LEAF 243 9
65 classes
22 0.1952
35 0.105622
48 0.182856
49 0.516322
-1 -1
LEAF 244 9
65 classes
0 0.197896
33 0.191989
48 0.610115
-1 -1
NODE 240 8
2dots_tau0
0 1 13 9 -15
241 242 
LEAF 241 9
65 classes
-1 -1
LEAF 242 9
65 classes
-1 -1
NODE 232 7
2dots_tau0
0 7 -4 -13 10
233 234 
NODE 233 8
2dots_tau0
0 -4 10 -8 13
237 238 
LEAF 237 9
65 classes
0 1
-1 -1
LEAF 238 9
65 classes
5 0.476596
49 0.523404
-1 -1
NODE 234 8
2dots_tau0
0 -7 -12 2 11
235 236 
LEAF 235 9
65 classes
15 1
-1 -1
LEAF 236 9
65 classes
49 0.0743802
58 0.92562
-1 -1
NODE 198 5
2dots_tau0
0 6 -11 4 8
199 200 
NODE 199 6
2dots_tau0
0 -4 12 -15 -10
215 216 
NODE 215 7
2dots_tau0
0 11 0 -15 2
223 224 
NODE 223 8
2dots_tau0
0 -9 -15 -13 14
227 228 
LEAF 227 9
65 classes
1 0.534247
54 0.465753
-1 -1
LEAF 228 9
65 classes
0 0.512195
54 0.487805
-1 -1
NODE 224 8
2dots_tau0
0 12 -12 -15 11
225 226 
LEAF 225 9
65 classes
-1 -1
LEAF 226 9
65 classes
-1 -1
NODE 216 7
2dots_tau0
0 6 1 4 1
217 218 
NODE 217 8
2dots_tau0
0 3 -1 -9 11
221 222 
LEAF 221 9
65 classes
49 1
-1 -1
LEAF 222 9
65 classes
5 1
-1 -1
NODE 218 8
2dots_tau0
0 9 2 -14 -13
219 220 
LEAF 219 9
65 classes
49 1
-1 -1
LEAF 220 9
65 classes
-1 -1
NODE 200 6
2dots_tau0
0 -10 1 11 13
201 202 
NODE 201 7
2dots_tau0
0 -10 0 0 -8
209 210 
NODE 209 8
2dots_tau0
0 14 -8 -15 -9
213 214 
LEAF 213 9
65 classes
3 0.701623
24 0.298377
-1 -1
LEAF 214 9
65 classes
7 0.231584
15 0.226216
47 0.5422
-1 -1
NODE 210 8
2dots_tau0
0 -2 -9 -14 -5
211 212 
LEAF 211 9
65 classes
0 0.201125
3 0.218797
12 0.237693
15 0.173154
63 0.169231
-1 -1
LEAF 212 9
65 classes
-1 -1
NODE 202 7
2dots_tau0
0 -8 8 -5 -11
203 204 
NODE 203 8
2dots_tau0
0 -10 1 -6 -15
207 208 
LEAF 207 9
65 classes
35 1
-1 -1
LEAF 208 9
65 classes
12 0.440339
54 0.354852
62 0.204809
-1 -1
NODE 204 8
2dots_tau0
0 -1 -3 9 4
205 206 
LEAF 205 9
65 classes
41 1
-1 -1
LEAF 206 9
65 classes
3 0.648012
12 0.351988
-1 -1
NODE 134 4
2dots_tau0
0 -13 9 12 -9
135 136 
NODE 135 5
2dots_tau0
0 -2 -13 -9 -5
167 168 
NODE 167 6
2dots_tau0
0 -6 3 3 12
183 184 
NODE 183 7
2dots_tau0
0 10 -3 -13 -3
191 192 
NODE 191 8
2dots_tau0
0 15 0 10 1
195 196 
LEAF 195 9
65 classes
-1 -1
LEAF 196 9
65 classes
35 0.413655
63 0.586345
-1 -1
NODE 192 8
2dots_tau0
0 6 3 4 1
193 194 
LEAF 193 9
65 classes
-1 -1
LEAF 194 9
65 classes
-1 -1
NODE 184 7
2dots_tau0
0 6 -11 -10 10
185 186 
NODE 185 8
2dots_tau0
0 12 -2 2 5
189 190 
LEAF 189 9
65 classes
-1 -1
LEAF 190 9
65 classes
12 0.233721
15 0.17026
27 0.204855
41 0.234788
47 0.102021
62 0.0543538
-1 -1
NODE 186 8
2dots_tau0
0 -12 -6 14 4
187 188 
LEAF 187 9
65 classes
15 0.306838
24 0.329769
40 0.363393
-1 -1
LEAF 188 9
65 classes
-1 -1
NODE 168 6
2dots_tau0
0 -15 -8 -11 -11
169 170 
NODE 169 7
2dots_tau0
0 1 -9 -7 0
177 178 
NODE 177 8
2dots_tau0
0 6 -6 -2 -13
181 182 
LEAF 181 9
65 classes
0 0.155382
24 0.43131
27 0.321907
59 0.0914012
-1 -1
LEAF 182 9
65 classes
-1 -1
NODE 178 8
2dots_tau0
0 -3 8 7 7
179 180 
LEAF 179 9
65 classes
59 1
-1 -1
LEAF 180 9
65 classes
1 0.281013
40 0.262279
41 0.305393
59 0.151315
-1 -1
NODE 170 7
2dots_tau0
0 8 4 7 4
171 172 
NODE 171 8
2dots_tau0
0 5 10 7 0
175 176 
LEAF 175 9
65 classes
-1 -1
LEAF 176 9
65 classes
12 0.1936
19 0.517313
59 0.289087
-1 -1
NODE 172 8
2dots_tau0
0 -8 -10 -8 10
173 174 
LEAF 173 9
65 classes
-1 -1
LEAF 174 9
65 classes
0 1
-1 -1
NODE 136 5
2dots_tau0
0 -3 -15 0 -7
137 138 
NODE 137 6
2dots_tau0
0 -4 -4 5 -8
153 154 
NODE 153 7
2dots_tau0
0 1 4 -13 6
161 162 
NODE 161 8
2dots_tau0
0 3 -12 -4 -2
165 166 
LEAF 165 9
65 classes
-1 -1
LEAF 166 9
65 classes
41 0.697931
48 0.302069
-1 -1
NODE 162 8
2dots_tau0
0 -5 -10 2 2
163 164 
LEAF 163 9
65 classes
49 1
-1 -1
LEAF 164 9
65 classes
-1 -1
NODE 154 7
2dots_tau0
0 0 -2 0 4
155 156 
NODE 155 8
2dots_tau0
0 -7 13 -9 -10
159 160 
LEAF 159 9
65 classes
48 0.639087
49 0.360913
-1 -1
LEAF 160 9
65 classes
13 0.687964
39 0.312036
-1 -1
NODE 156 8
2dots_tau0
0 -9 -8 -13 -9
157 158 
LEAF 157 9
65 classes
35 0.5
41 0.5
-1 -1
LEAF 158 9
65 classes
15 0.605229
39 0.394771
-1 -1
NODE 138 6
2dots_tau0
0 -2 -2 9 -4
139 140 
NODE 139 7
2dots_tau0
0 10 -5 -14 7
147 148 
NODE 147 8
2dots_tau0
0 -10 8 -9 1
151 152 
LEAF 151 9
65 classes
0 0.222535
12 0.525992
49 0.12915
62 0.122324
-1 -1
LEAF 152 9
65 classes
15 0.166915
18 0.184646
33 0.18809
41 0.460349
-1 -1
NODE 148 8
2dots_tau0
0 -2 6 3 -13
149 150 
LEAF 149 9
65 classes
-1 -1
LEAF 150 9
65 classes
-1 -1
NODE 140 7
2dots_tau0
0 9 4 6 -7
141 142 
NODE 141 8
2dots_tau0
0 -1 1 -3 5
145 146 
LEAF 145 9
65 classes
19 0.40437
33 0.372685
49 0.222945
-1 -1
LEAF 146 9
65 classes
12 0.858974
33 0.141026
-1 -1
NODE 142 8
2dots_tau0
0 -13 -8 5 -1
143 144 
LEAF 143 9
65 classes
0 1
-1 -1
LEAF 144 9
65 classes
0 0.0915301
12 0.216344
15 0.0788008
19 0.0963475
33 0.355192
41 0.108666
49 0.0531202
-1 -1
NODE 6 3
2dots_tau0
0 1 -2 -6 -4
7 8 
NODE 7 4
2dots_tau0
0 1 14 -12 1
71 72 
NODE 71 5
2dots_tau0
0 -5 -6 -9 -8
103 104 
NODE 103 6
2dots_tau0
0 14 -3 13 -14
119 120 
NODE 119 7
2dots_tau0
0 -12 -1 13 13
127 128 
NODE 127 8
2dots_tau0
0 -15 -10 9 7
131 132 
LEAF 131 9
65 classes
15 0.0364177
27 0.0438174
30 0.0373241
41 0.12555
51 0.0405338
58 0.611009
62 0.0697558
63 0.0355927
-1 -1
LEAF 132 9
65 classes
12 0.0287305
18 0.0231528
27 0.12591
33 0.0471694
35 0.0432925
37 0.255899
48 0.049966
58 0.35115
62 0.013363
63 0.0613661
-1 -1
NODE 128 8
2dots_tau0
0 -6 -3 -10 -10
129 130 
LEAF 129 9
65 classes
2 0.0224376
12 0.18562
15 0.0193172
19 0.0236186
27 0.185937
32 0.0911529
35 0.0399574
49 0.130218
51 0.0430009
59 0.0263972
62 0.0246672
63 0.207675
-1 -1
LEAF 130 9
65 classes
18 0.0547929
20 0.0484092
49 0.0667788
62 0.442745
63 0.387274
-1 -1
NODE 120 7
2dots_tau0
0 11 -15 -2 -6
121 122 
NODE 121 8
2dots_tau0
0 10 12 4 -2
125 126 
LEAF 125 9
65 classes
14 0.147372
18 0.145212
30 0.08969
33 0.147922
54 0.290425
59 0.17938
-1 -1
LEAF 126 9
65 classes
2 0.0522925
12 0.0618002
15 0.11255
20 0.0440002
27 0.0270838
32 0.273135
33 0.101463
49 0.0303483
51 0.167028
54 0.0498024
59 0.0153802
62 0.0431164
63 0.0220001
-1 -1
NODE 122 8
2dots_tau0
0 -14 15 14 4
123 124 
LEAF 123 9
65 classes
15 0.0169539
18 0.0937745
19 0.0207291
27 0.509969
32 0.0114288
33 0.0764192
35 0.0350691
37 0.0207291
40 0.0200788
51 0.0125801
63 0.182268
-1 -1
LEAF 124 9
65 classes
0 0.108179
12 0.127847
18 0.103027
32 0.125564
44 0.0646585
49 0.251129
51 0.0691067
62 0.0594639
63 0.0910241
-1 -1
NODE 104 6
2dots_tau0
0 9 -8 6 -12
105 106 
NODE 105 7
2dots_tau0
0 0 0 12 10
113 114 
NODE 113 8
2dots_tau0
0 -4 15 -12 -8
117 118 
LEAF 117 9
65 classes
12 0.0322571
15 0.187988
19 0.028731
20 0.0918649
24 0.0252547
27 0.0282732
30 0.0481667
35 0.0162022
42 0.0162393
45 0.029569
47 0.112644
48 0.0560993
49 0.0158405
51 0.0348725
53 0.0222463
54 0.0779842
62 0.0150033
63 0.160764
-1 -1
LEAF 118 9
65 classes
1 0.0470019
15 0.111124
18 0.040976
22 0.0472002
24 0.398094
28 0.176165
37 0.0452893
48 0.0442152
54 0.040976
59 0.0253087
62 0.02365
-1 -1
NODE 114 8
2dots_tau0
0 -7 9 13 -10
115 116 
LEAF 115 9
65 classes
18 0.598529
51 0.401471
-1 -1
LEAF 116 9
65 classes
-1 -1
NODE 106 7
2dots_tau0
0 5 9 6 0
107 108 
NODE 107 8
2dots_tau0
0 14 -5 0 -4
111 112 
LEAF 111 9
65 classes
7 0.051297
15 0.350756
24 0.323116
35 0.103648
59 0.171183
-1 -1
LEAF 112 9
65 classes
15 0.0948605
18 0.0699582
19 0.0386611
24 0.0679665
27 0.22827
35 0.0654061
41 0.043604
47 0.18947
54 0.0349791
59 0.0432094
63 0.123615
-1 -1
NODE 108 8
2dots_tau0
0 -2 -9 -9 13
109 110 
LEAF 109 9
65 classes
15 0.0807761
21 0.0266897
24 0.151922
27 0.0242972
35 0.139237
41 0.167085
47 0.0242008
54 0.0446784
59 0.0413932
62 0.141828
63 0.157892
-1 -1
LEAF 110 9
65 classes
14 0.0267768
15 0.0238509
24 0.102533
27 0.229576
28 0.198507
41 0.0657805
47 0.0285832
48 0.0284702
49 0.0321561
51 0.0530931
53 0.0451596
54 0.0791534
59 0.0325926
62 0.0304565
63 0.0233106
-1 -1
NODE 72 5
2dots_tau0
0 -11 -11 -12 -3
73 74 
NODE 73 6
2dots_tau0
0 -6 -12 -1 -4
89 90 
NODE 89 7
2dots_tau0
0 -1 -4 -14 1
97 98 
NODE 97 8
2dots_tau0
0 -1 4 3 -1
101 102 
LEAF 101 9
65 classes
59 1
-1 -1
LEAF 102 9
65 classes
14 0.453683
21 0.267048
42 0.279269
-1 -1
NODE 98 8
2dots_tau0
0 -8 -4 -4 -4
99 100 
LEAF 99 9
65 classes
5 0.0444268
15 0.0361887
22 0.0922277
35 0.024952
41 0.0998081
42 0.0250091
47 0.043369
51 0.0268525
58 0.607166
-1 -1
LEAF 100 9
65 classes
39 0.0957237
41 0.202375
59 0.701902
-1 -1
NODE 90 7
2dots_tau0
0 -13 2 8 8
91 92 
NODE 91 8
2dots_tau0
0 7 1 13 5
95 96 
LEAF 95 9
65 classes
0 0.0724576
12 0.0856317
15 0.0623807
21 0.0549642
28 0.0247231
30 0.0568295
35 0.0143371
37 0.0254237
39 0.0406889
42 0.143699
44 0.028872
47 0.0747579
48 0.0496416
49 0.0280342
51 0.154291
59 0.0426221
63 0.040645
-1 -1
LEAF 96 9
65 classes
14 0.0738952
15 0.131641
30 0.112431
35 0.0226916
39 0.0858652
48 0.0392842
49 0.022185
51 0.366299
54 0.0364062
59 0.0449724
63 0.0643295
-1 -1
NODE 92 8
2dots_tau0
0 -5 -8 12 -4
93 94 
LEAF 93 9
65 classes
19 0.252724
59 0.141228
63 0.606047
-1 -1
LEAF 94 9
65 classes
15 0.247004
33 0.167004
47 0.118405
49 0.133206
54 0.218594
59 0.0675069
63 0.0482816
-1 -1
NODE 74 6
2dots_tau0
0 0 -11 6 0
75 76 
NODE 75 7
2dots_tau0
0 15 11 -14 -13
83 84 
NODE 83 8
2dots_tau0
0 15 7 2 -12
87 88 
LEAF 87 9
65 classes
0 0.0631674
14 0.244216
47 0.130345
49 0.146639
51 0.0807053
55 0.0376686
59 0.297258
-1 -1
LEAF 88 9
65 classes
2 0.0773771
5 0.0817807
19 0.162899
24 0.0715945
47 0.0798336
48 0.079518
49 0.134719
59 0.182064
63 0.130214
-1 -1
NODE 84 8
2dots_tau0
0 -13 -15 -10 3
85 86 
LEAF 85 9
65 classes
14 0.114361
30 0.278398
32 0.137335
33 0.114787
35 0.14047
42 0.0703959
49 0.0686675
51 0.0755848
-1 -1
LEAF 86 9
65 classes
1 0.042481
14 0.0751708
19 0.0409331
22 0.0853204
30 0.182995
35 0.0230833
39 0.0218369
41 0.092333
47 0.160484
49 0.22568
51 0.0496829
-1 -1
NODE 76 7
2dots_tau0
0 3 -15 -11 8
77 78 
NODE 77 8
2dots_tau0
0 5 15 6 12
81 82 
LEAF 81 9
65 classes
19 0.0517007
20 0.0413271
27 0.101754
33 0.0952991
35 0.0291554
42 0.116889
47 0.0506749
49 0.313551
54 0.0467768
59 0.0288916
63 0.123981
-1 -1
LEAF 82 9
65 classes
19 0.206028
32 0.0757276
33 0.189884
35 0.0387283
41 0.154913
59 0.115133
63 0.219586
-1 -1
NODE 78 8
2dots_tau0
0 -12 -9 2 -1
79 80 
LEAF 79 9
65 classes
1 0.112126
19 0.540202
42 0.0610664
48 0.105478
59 0.181127
-1 -1
LEAF 80 9
65 classes
12 0.0194076
15 0.0565518
19 0.276577
22 0.0180154
27 0.0170106
35 0.0194962
37 0.0172861
39 0.0276652
40 0.0167438
48 0.0168761
51 0.0839245
53 0.0133845
54 0.0156398
58 0.237203
59 0.164218
-1 -1
NODE 8 4
2dots_tau0
0 14 -13 2 2
9 10 
NODE 9 5
2dots_tau0
0 12 12 12 12
41 42 
NODE 41 6
2dots_tau0
0 -3 -14 -11 -9
57 58 
NODE 57 7
2dots_tau0
0 -12 3 11 4
65 66 
NODE 65 8
2dots_tau0
0 8 -4 -11 -14
69 70 
LEAF 69 9
65 classes
0 0.390653
1 0.0948365
3 0.0944397
11 0.105968
19 0.0456905
30 0.0255329
42 0.025825
44 0.0259438
48 0.0446069
59 0.0510658
62 0.095438
-1 -1
LEAF 70 9
65 classes
3 0.112525
12 0.122243
27 0.107146
30 0.24338
51 0.0660775
59 0.0608451
62 0.113715
63 0.174068
-1 -1
NODE 66 8
2dots_tau0
0 14 7 -6 -6
67 68 
LEAF 67 9
65 classes
3 0.484656
27 0.230743
51 0.284601
-1 -1
LEAF 68 9
65 classes
3 0.148066
12 0.0402133
18 0.0324064
27 0.317221
32 0.157981
41 0.0807939
48 0.0349681
59 0.0200157
62 0.168335
-1 -1
NODE 58 7
2dots_tau0
0 -4 -9 -11 -1
59 60 
NODE 59 8
2dots_tau0
0 -13 14 -14 -9
63 64 
LEAF 63 9
65 classes
3 0.278568
19 0.269546
59 0.451886
-1 -1
LEAF 64 9
65 classes
3 0.415184
5 0.134456
12 0.300694
59 0.149666
-1 -1
NODE 60 8
2dots_tau0
0 -11 -5 10 -2
61 62 
LEAF 61 9
65 classes
12 0.091039
19 0.162175
22 0.169018
30 0.0453135
53 0.0627855
59 0.362508
62 0.0423437
63 0.0648174
-1 -1
LEAF 62 9
65 classes
5 0.507014
48 0.492986
-1 -1
NODE 42 6
2dots_tau0
0 -15 -14 14 -14
43 44 
NODE 43 7
2dots_tau0
0 -9 10 1 -13
51 52 
NODE 51 8
2dots_tau0
0 -13 5 -8 -8
55 56 
LEAF 55 9
65 classes
-1 -1
LEAF 56 9
65 classes
-1 -1
NODE 52 8
2dots_tau0
0 -5 -6 -10 -3
53 54 
LEAF 53 9
65 classes
-1 -1
LEAF 54 9
65 classes
-1 -1
NODE 44 7
2dots_tau0
0 1 -5 -15 -14
45 46 
NODE 45 8
2dots_tau0
0 14 11 -2 3
49 50 
LEAF 49 9
65 classes
-1 -1
LEAF 50 9
65 classes
-1 -1
NODE 46 8
2dots_tau0
0 6 -6 13 -6
47 48 
LEAF 47 9
65 classes
-1 -1
LEAF 48 9
65 classes
-1 -1
NODE 10 5
2dots_tau0
0 3 10 -3 -6
11 12 
NODE 11 6
2dots_tau0
0 -9 -3 -10 4
27 28 
NODE 27 7
2dots_tau0
0 15 5 13 -14
35 36 
NODE 35 8
2dots_tau0
0 -6 4 12 0
39 40 
LEAF 39 9
65 classes
3 0.0283644
6 0.0251078
12 0.123256
18 0.0496638
19 0.137229
35 0.139297
40 0.0265847
41 0.340503
59 0.0153373
62 0.114657
-1 -1
LEAF 40 9
65 classes
0 0.328069
15 0.282443
41 0.389488
-1 -1
NODE 36 8
2dots_tau0
0 -6 -9 8 -8
37 38 
LEAF 37 9
65 classes
0 0.410794
12 0.208064
18 0.0558903
24 0.0542991
35 0.174179
62 0.0967741
-1 -1
LEAF 38 9
65 classes
0 0.112787
15 0.485506
41 0.401707
-1 -1
NODE 28 7
2dots_tau0
0 -5 -4 -8 -15
29 30 
NODE 29 8
2dots_tau0
0 9 -14 0 -14
33 34 
LEAF 33 9
65 classes
15 0.042352
19 0.0258913
41 0.17521
48 0.0252773
58 0.710573
63 0.0206963
-1 -1
LEAF 34 9
65 classes
0 0.278976
12 0.263759
19 0.117463
30 0.0328207
33 0.108259
41 0.198722
-1 -1
NODE 30 8
2dots_tau0
0 -15 -10 -2 -6
31 32 
LEAF 31 9
65 classes
15 0.0714484
24 0.153576
41 0.689689
48 0.0852863
-1 -1
LEAF 32 9
65 classes
0 0.172296
19 0.0906823
33 0.0835766
41 0.511382
62 0.142063
-1 -1
NODE 12 6
2dots_tau0
0 -15 12 -3 10
13 14 
NODE 13 7
2dots_tau0
0 5 7 -12 1
21 22 
NODE 21 8
2dots_tau0
0 15 -5 -15 -10
25 26 
LEAF 25 9
65 classes
0 0.140383
12 0.248861
27 0.0727084
41 0.0833324
59 0.0412892
63 0.413426
-1 -1
LEAF 26 9
65 classes
27 0.367758
35 0.632242
-1 -1
NODE 22 8
2dots_tau0
0 -4 0 -11 5
23 24 
LEAF 23 9
65 classes
32 0.5
49 0.5
-1 -1
LEAF 24 9
65 classes
4 0.359277
30 0.325137
32 0.160391
39 0.155195
-1 -1
NODE 14 7
2dots_tau0
0 -9 5 -5 -10
15 16 
NODE 15 8
2dots_tau0
0 6 -7 -12 8
19 20 
LEAF 19 9
65 classes
0 0.103643
3 0.263084
15 0.0297431
27 0.10736
32 0.0200501
35 0.0410157
41 0.0820313
62 0.265865
63 0.0872081
-1 -1
LEAF 20 9
65 classes
0 0.137319
3 0.0746923
12 0.324572
19 0.0722731
27 0.0711213
41 0.244541
62 0.0754818
-1 -1
NODE 16 8
2dots_tau0
0 13 -3 -13 14
17 18 
LEAF 17 9
65 classes
0 0.0502457
3 0.0364404
12 0.0989687
15 0.0144193
19 0.0176301
27 0.329633
32 0.0388806
33 0.0162486
35 0.0596524
41 0.0795365
62 0.23016
63 0.0281853
-1 -1
LEAF 18 9
65 classes
0 0.403147
3 0.104421
12 0.0453758
19 0.0202079
33 0.0372488
35 0.0683745
41 0.0683745
62 0.0105525
63 0.242298
-1 -1
