-0.00999999977648
-0.00999999977648
-0.00999999977648
-0.00999999977648
-0.00999999977648
-0.00999999977648
-0.00999999977648
0.0999999940395
-0.00999999977648
0.0799999982119
-0.00999999977648
-0.00999999977648
-0.00999999977648
-0.00999999977648
-0.00999999977648
-0.00999999977648
0.0599999986589
-0.00999999977648
-0.00999999977648
-0.00999999977648
-0.00999999977648
-0.00999999977648
-0.00999999977648
-0.00999999977648
-0.00999999977648
-0.00999999977648
-0.00999999977648
-0.00999999977648
-0.00999999977648
-0.00999999977648
-0.00999999977648
-0.00999999977648
-0.00999999977648
-0.00999999977648
-0.00999999977648
-0.00999999977648
-0.00999999977648
-0.00999999977648
-0.00999999977648
-0.00999999977648
-0.00999999977648
-0.00999999977648
-0.00999999977648
-0.00999999977648
-0.00999999977648
-0.00999999977648
-0.00999999977648
-0.00999999977648
-0.00999999977648
-0.00999999977648
-0.00999999977648
-0.00999999977648
-0.00999999977648
-0.00999999977648
-0.00999999977648
-0.00999999977648
-0.00999999977648
-0.00999999977648
-0.00999999977648
-0.00999999977648
-0.00999999977648
-0.00999999977648
-0.00999999977648
-0.00999999977648
-0.00999999977648
