image_size: 32 32
class_number: 65
max_depth:  10
1023
NODE 0 0
2dots_tau0
0 1 6 3 -12
1 2 
NODE 1 1
2dots_tau0
0 10 -11 -13 12
513 514 
NODE 513 2
2dots_tau0
0 15 -12 -13 -3
769 770 
NODE 769 3
2dots_tau0
0 -10 -3 -12 8
897 898 
NODE 897 4
2dots_tau0
0 1 11 -7 7
961 962 
NODE 961 5
2dots_tau0
0 1 14 7 -1
993 994 
NODE 993 6
2dots_tau0
0 -4 7 -3 6
1009 1010 
NODE 1009 7
2dots_tau0
0 -2 1 -9 -9
1017 1018 
NODE 1017 8
2dots_tau0
0 15 13 -5 0
1021 1022 
LEAF 1021 9
65 classes
3 0.0212787
15 0.0336795
16 0.0386737
18 0.0186286
19 0.0205895
20 0.0329165
23 0.116642
30 0.0230118
33 0.0189761
39 0.010984
40 0.0199435
42 0.0116375
44 0.187056
45 0.02119
49 0.0113518
50 0.0548806
51 0.162439
52 0.0429164
54 0.0186286
59 0.0115059
61 0.0908143
62 0.0322554
-1 -1
LEAF 1022 9
65 classes
0 0.131373
12 0.0621035
15 0.158343
18 0.0250234
19 0.0276574
33 0.203922
35 0.0623871
39 0.0147546
40 0.0535795
62 0.21664
63 0.0442161
-1 -1
NODE 1018 8
2dots_tau0
0 7 -14 3 11
1019 1020 
LEAF 1019 9
65 classes
5 0.125137
23 0.14121
35 0.140565
44 0.212302
51 0.151272
52 0.129889
63 0.099624
-1 -1
LEAF 1020 9
65 classes
0 0.0696643
3 0.265249
4 0.0226409
14 0.0168334
18 0.0331735
19 0.0183327
23 0.103857
24 0.193374
33 0.084481
35 0.0310149
40 0.0177576
44 0.0104096
51 0.044503
59 0.0307343
61 0.0101075
62 0.0478666
-1 -1
NODE 1010 7
2dots_tau0
0 12 -2 12 15
1011 1012 
NODE 1011 8
2dots_tau0
0 -12 12 5 -3
1015 1016 
LEAF 1015 9
65 classes
3 0.0448647
10 0.0328916
14 0.159445
24 0.228954
30 0.0970376
33 0.24006
44 0.0985992
51 0.0263456
61 0.0718035
-1 -1
LEAF 1016 9
65 classes
0 0.0387112
1 0.0211448
12 0.0686245
16 0.0382697
19 0.0203743
20 0.0325726
21 0.0220239
23 0.0230847
24 0.0179091
30 0.0569283
32 0.0224663
33 0.0938892
35 0.0574482
39 0.228254
44 0.0347066
49 0.0224663
50 0.0181024
51 0.0370943
52 0.063702
54 0.0553018
62 0.0106395
63 0.0162863
-1 -1
NODE 1012 8
2dots_tau0
0 -15 -6 11 -5
1013 1014 
LEAF 1013 9
65 classes
6 0.0358784
15 0.0481151
18 0.0354841
19 0.0196097
20 0.266476
22 0.0204371
24 0.361976
41 0.0442337
49 0.0108116
51 0.0714042
55 0.0111091
59 0.032875
62 0.0102401
63 0.0313501
-1 -1
LEAF 1014 9
65 classes
0 0.0123483
3 0.0134333
13 0.0152883
16 0.061037
20 0.0311704
21 0.0843032
23 0.0736364
24 0.0342763
30 0.0363184
33 0.0479186
39 0.18029
41 0.0439801
44 0.0221417
49 0.0143328
50 0.0346462
51 0.0394416
55 0.0294546
59 0.00726368
61 0.0286656
62 0.190054
-1 -1
NODE 994 6
2dots_tau0
0 1 -9 13 6
995 996 
NODE 995 7
2dots_tau0
0 -15 -1 -11 3
1003 1004 
NODE 1003 8
2dots_tau0
0 10 -8 -4 -9
1007 1008 
LEAF 1007 9
65 classes
6 0.031831
12 0.0390653
13 0.0204628
15 0.0142291
16 0.245086
24 0.0611698
32 0.0287758
33 0.0481028
40 0.0168517
41 0.0588655
42 0.00983336
48 0.0169849
49 0.00959192
51 0.0105582
54 0.0629623
55 0.0591355
58 0.238732
61 0.00959192
62 0.0181699
-1 -1
LEAF 1008 9
65 classes
0 0.0696446
12 0.0823072
24 0.322199
35 0.124025
41 0.082683
50 0.260541
63 0.0586006
-1 -1
NODE 1004 8
2dots_tau0
0 -2 -6 -15 -14
1005 1006 
LEAF 1005 9
65 classes
0 0.0632912
12 0.299195
16 0.0834256
21 0.0120027
30 0.0248201
32 0.146926
33 0.204673
35 0.0751402
37 0.0222074
41 0.0250467
50 0.0197311
56 0.0235418
-1 -1
LEAF 1006 9
65 classes
0 0.121174
21 0.068939
24 0.224236
30 0.0712785
41 0.287718
50 0.226655
-1 -1
NODE 996 7
2dots_tau0
0 3 14 -5 -13
997 998 
NODE 997 8
2dots_tau0
0 -9 -9 10 1
1001 1002 
LEAF 1001 9
65 classes
0 0.0995547
2 0.0995547
5 0.10522
6 0.191735
21 0.0566394
41 0.118193
49 0.115555
54 0.094814
55 0.118735
-1 -1
LEAF 1002 9
65 classes
2 0.0130299
6 0.0083649
9 0.0047448
12 0.010266
13 0.0376421
14 0.004198
16 0.0257626
19 0.00457191
20 0.0146183
21 0.074131
23 0.0155403
24 0.0241123
27 0.00449905
30 0.0383234
32 0.0957856
33 0.00421366
35 0.00257822
37 0.00457191
39 0.168292
40 0.00442848
41 0.0154693
42 0.00258412
44 0.0519201
45 0.00470526
49 0.0176447
50 0.0528072
51 0.0665904
52 0.0333537
53 0.01062
54 0.016546
55 0.0155403
56 0.0145398
58 0.0627367
59 0.00255489
61 0.0630168
62 0.00238744
63 0.00730914
-1 -1
NODE 998 8
2dots_tau0
0 -15 5 -4 8
999 1000 
LEAF 999 9
65 classes
6 0.0215238
7 0.0196998
14 0.583303
15 0.0192431
20 0.150458
21 0.0508659
55 0.0399869
56 0.0498835
59 0.013148
61 0.0518878
-1 -1
LEAF 1000 9
65 classes
0 0.0403658
5 0.0426631
6 0.0388708
7 0.0355767
20 0.101894
21 0.0459305
30 0.0237446
35 0.16773
39 0.249344
41 0.0958458
44 0.0241267
51 0.0257865
54 0.0384436
59 0.0474892
62 0.0221884
-1 -1
NODE 962 5
2dots_tau0
0 -11 3 -15 -13
963 964 
NODE 963 6
2dots_tau0
0 -10 -15 -8 -9
979 980 
NODE 979 7
2dots_tau0
0 -13 -10 -13 13
987 988 
NODE 987 8
2dots_tau0
0 -8 -15 -5 13
991 992 
LEAF 991 9
65 classes
19 0.194819
23 0.0735785
28 0.1263
30 0.0362898
33 0.0598512
35 0.29297
42 0.0734101
59 0.10887
62 0.0339114
-1 -1
LEAF 992 9
65 classes
0 0.120835
3 0.0657262
19 0.127195
23 0.0720577
35 0.107593
40 0.0616022
45 0.130905
51 0.038596
55 0.0360288
59 0.106619
62 0.132842
-1 -1
NODE 988 8
2dots_tau0
0 7 -8 -15 5
989 990 
LEAF 989 9
65 classes
3 0.0480816
7 0.116863
9 0.0482837
19 0.186097
30 0.0519978
35 0.0524726
44 0.0528345
49 0.0769521
51 0.0564693
53 0.0360235
54 0.0841869
61 0.128253
62 0.0242949
63 0.0371894
-1 -1
LEAF 990 9
65 classes
40 0.143456
44 0.168189
51 0.35952
59 0.165526
61 0.163309
-1 -1
NODE 980 7
2dots_tau0
0 -9 -11 -10 11
981 982 
NODE 981 8
2dots_tau0
0 0 0 0 -1
985 986 
LEAF 985 9
65 classes
0 0.0473763
1 0.0172519
7 0.0139185
15 0.0135959
19 0.199479
22 0.0346493
23 0.0188346
30 0.0557369
33 0.0153207
35 0.281229
41 0.0374972
44 0.00943896
45 0.0171081
48 0.0486871
49 0.0183301
51 0.0100883
52 0.0173247
56 0.0176221
59 0.0464474
61 0.0366602
62 0.0434032
-1 -1
LEAF 986 9
65 classes
0 0.20932
23 0.124824
35 0.434889
40 0.106712
41 0.124254
-1 -1
NODE 982 8
2dots_tau0
0 0 4 12 11
983 984 
LEAF 983 9
65 classes
0 0.119235
9 0.0868381
19 0.041837
22 0.0436022
32 0.0230664
35 0.165151
45 0.344458
52 0.0872045
61 0.0230664
62 0.0655416
-1 -1
LEAF 984 9
65 classes
0 0.0133606
19 0.0140638
22 0.0146572
23 0.0159347
30 0.10217
32 0.0232618
35 0.0396548
40 0.0136226
41 0.0634478
44 0.0558997
45 0.231584
51 0.0256051
52 0.278487
59 0.0078592
61 0.0930473
62 0.00734411
-1 -1
NODE 964 6
2dots_tau0
0 -5 11 14 11
965 966 
NODE 965 7
2dots_tau0
0 -7 -2 0 -3
973 974 
NODE 973 8
2dots_tau0
0 -7 3 -8 8
977 978 
LEAF 977 9
65 classes
3 0.134718
7 0.027286
10 0.0246914
12 0.0365881
14 0.149617
15 0.0533072
19 0.0325886
35 0.0735103
53 0.0252332
62 0.442461
-1 -1
LEAF 978 9
65 classes
0 0.0821743
3 0.134092
14 0.15885
15 0.0353731
35 0.0243896
41 0.0487793
45 0.178044
52 0.225373
62 0.112925
-1 -1
NODE 974 8
2dots_tau0
0 0 3 6 -12
975 976 
LEAF 975 9
65 classes
14 0.241859
15 0.592435
30 0.0367987
49 0.0363059
51 0.0399632
63 0.0526377
-1 -1
LEAF 976 9
65 classes
14 0.376151
15 0.111683
42 0.0771812
56 0.144756
59 0.0763081
62 0.213921
-1 -1
NODE 966 7
2dots_tau0
0 13 15 -8 12
967 968 
NODE 967 8
2dots_tau0
0 8 7 1 -6
971 972 
LEAF 971 9
65 classes
5 0.024025
6 0.109447
7 0.0801377
14 0.241679
19 0.0478555
20 0.0382535
21 0.0129325
24 0.0210326
30 0.0133714
39 0.0510597
44 0.0271731
51 0.0290425
52 0.0498747
55 0.108443
59 0.0935998
61 0.039577
62 0.012495
-1 -1
LEAF 972 9
65 classes
3 0.12171
15 0.192641
35 0.0664128
42 0.0332824
44 0.0668708
51 0.142942
55 0.0333587
59 0.263247
61 0.0324652
63 0.0470692
-1 -1
NODE 968 8
2dots_tau0
0 2 3 9 -13
969 970 
LEAF 969 9
65 classes
3 0.1999
14 0.177607
15 0.158199
52 0.201587
59 0.108091
63 0.154616
-1 -1
LEAF 970 9
65 classes
7 0.0654578
14 0.717846
35 0.0440869
51 0.0474448
52 0.081477
59 0.0436879
-1 -1
NODE 898 4
2dots_tau0
0 -2 -13 6 -15
899 900 
NODE 899 5
2dots_tau0
0 1 -10 15 -12
931 932 
NODE 931 6
2dots_tau0
0 9 -7 1 -9
947 948 
NODE 947 7
2dots_tau0
0 -5 -3 -4 14
955 956 
NODE 955 8
2dots_tau0
0 15 12 0 1
959 960 
LEAF 959 9
65 classes
6 0.623676
18 0.102804
33 0.209444
35 0.0640763
-1 -1
LEAF 960 9
65 classes
0 0.20445
6 0.0302889
12 0.0929317
33 0.259377
35 0.214719
48 0.016162
49 0.0365089
63 0.145563
-1 -1
NODE 956 8
2dots_tau0
0 10 -2 -1 13
957 958 
LEAF 957 9
65 classes
12 0.110785
16 0.23168
28 0.0479778
33 0.409243
37 0.148012
56 0.0523019
-1 -1
LEAF 958 9
65 classes
0 0.254319
23 0.0433309
33 0.563948
35 0.0215665
41 0.086266
63 0.03057
-1 -1
NODE 948 7
2dots_tau0
0 -5 -13 -14 -10
949 950 
NODE 949 8
2dots_tau0
0 -1 -8 12 -12
953 954 
LEAF 953 9
65 classes
0 0.158371
3 0.0132528
10 0.136024
12 0.0287947
15 0.0104881
18 0.0232045
19 0.0128235
27 0.0126192
33 0.189099
35 0.0216946
37 0.0128235
41 0.0144631
42 0.00724809
55 0.0653824
62 0.00669644
63 0.287015
-1 -1
LEAF 954 9
65 classes
0 0.252943
3 0.137584
9 0.276324
40 0.257903
42 0.0752462
-1 -1
NODE 950 8
2dots_tau0
0 -14 10 7 8
951 952 
LEAF 951 9
65 classes
0 0.215097
5 0.113669
55 0.128269
63 0.542964
-1 -1
LEAF 952 9
65 classes
10 0.170666
22 0.026084
23 0.0283573
33 0.346002
35 0.0282279
37 0.0500559
47 0.0735941
48 0.0977376
55 0.0992507
63 0.0800246
-1 -1
NODE 932 6
2dots_tau0
0 4 -7 2 2
933 934 
NODE 933 7
2dots_tau0
0 -9 1 7 8
941 942 
NODE 941 8
2dots_tau0
0 -5 15 2 0
945 946 
LEAF 945 9
65 classes
0 0.502869
7 0.221603
45 0.0907958
48 0.0861304
59 0.0986018
-1 -1
LEAF 946 9
65 classes
0 0.290926
9 0.0794547
15 0.0626166
28 0.223349
49 0.168841
51 0.0464624
59 0.12835
-1 -1
NODE 942 8
2dots_tau0
0 -13 -1 6 -3
943 944 
LEAF 943 9
65 classes
5 0.108591
7 0.0905536
14 0.099306
30 0.0604374
48 0.105586
59 0.362624
63 0.172902
-1 -1
LEAF 944 9
65 classes
0 0.00887415
2 0.0177483
6 0.0769093
7 0.00782128
9 0.106639
12 0.0524382
13 0.0219741
14 0.00857724
15 0.00764
16 0.245642
21 0.00504875
28 0.0726702
32 0.00515018
33 0.0172185
35 0.0526776
41 0.0105355
45 0.10575
48 0.00911968
49 0.0206007
51 0.011338
52 0.0973535
53 0.00723285
59 0.0104402
61 0.0206007
-1 -1
NODE 934 7
2dots_tau0
0 15 -3 12 -2
935 936 
NODE 935 8
2dots_tau0
0 -13 -4 2 -2
939 940 
LEAF 939 9
65 classes
7 0.0644027
14 0.105941
15 0.0943649
23 0.130726
40 0.0372525
44 0.0218377
52 0.0801637
53 0.0595573
59 0.214918
61 0.190836
-1 -1
LEAF 940 9
65 classes
2 0.042767
9 0.0233601
10 0.0255815
13 0.0264748
15 0.0368193
18 0.0101826
21 0.0243313
23 0.102013
30 0.0125785
33 0.0311178
35 0.0190401
39 0.00600401
42 0.00636123
44 0.313133
45 0.0115827
49 0.0434352
51 0.061471
52 0.0469174
55 0.0510065
59 0.0251571
61 0.0806655
-1 -1
NODE 936 8
2dots_tau0
0 5 -5 0 -8
937 938 
LEAF 937 9
65 classes
6 0.186986
9 0.0303038
10 0.0442473
14 0.214492
16 0.0274232
23 0.033084
30 0.0163174
35 0.0164665
39 0.0155773
40 0.0565671
42 0.0165041
44 0.0994801
49 0.0482967
51 0.0177207
52 0.121727
53 0.0226091
61 0.0321978
-1 -1
LEAF 938 9
65 classes
5 0.0164662
7 0.0411934
28 0.0159476
32 0.0271251
33 0.166259
40 0.015885
42 0.0185386
44 0.167614
47 0.0160741
48 0.0160106
49 0.0361668
51 0.0199051
55 0.00929055
61 0.42496
62 0.00856381
-1 -1
NODE 900 5
2dots_tau0
0 15 12 -15 7
901 902 
NODE 901 6
2dots_tau0
0 -3 -10 -15 -13
917 918 
NODE 917 7
2dots_tau0
0 8 0 3 1
925 926 
NODE 925 8
2dots_tau0
0 -12 -1 8 13
929 930 
LEAF 929 9
65 classes
0 0.024017
9 0.0524741
19 0.353934
30 0.0423829
33 0.0699001
35 0.0142566
40 0.0244879
44 0.014355
45 0.15611
50 0.0673857
51 0.0153425
56 0.0268001
59 0.0423829
61 0.0557537
63 0.0404169
-1 -1
LEAF 930 9
65 classes
0 0.00280453
3 0.00305095
9 0.0337015
10 0.00894696
11 0.00342337
12 0.0165722
13 0.0729177
16 0.0110902
21 0.124455
23 0.0200691
24 0.00518987
30 0.0577403
32 0.0732433
33 0.00544162
35 0.00832394
37 0.00885641
39 0.0944938
40 0.0285952
44 0.0720796
45 0.0364589
50 0.152131
51 0.00179159
52 0.0184602
56 0.0125181
59 0.00329945
61 0.120444
62 0.0015416
63 0.0023598
-1 -1
NODE 926 8
2dots_tau0
0 11 -12 15 9
927 928 
LEAF 927 9
65 classes
2 0.0122768
21 0.0139692
27 0.012717
30 0.0144433
32 0.655493
33 0.0238206
35 0.00728759
39 0.00689409
44 0.0366893
45 0.0132999
49 0.00712492
50 0.0688913
54 0.10523
55 0.014642
59 0.00722164
-1 -1
LEAF 928 9
65 classes
10 0.130352
18 0.0172954
21 0.0309955
24 0.0336061
30 0.0106825
32 0.0210788
33 0.0176181
35 0.0215601
37 0.038232
39 0.0713857
40 0.0370326
44 0.108544
45 0.0196736
48 0.0186627
52 0.0199226
54 0.259431
55 0.0758063
59 0.0106825
61 0.0421576
63 0.0152804
-1 -1
NODE 918 7
2dots_tau0
0 2 -8 -6 7
919 920 
NODE 919 8
2dots_tau0
0 -1 -11 -13 4
923 924 
LEAF 923 9
65 classes
2 0.0203448
10 0.0162259
12 0.0240438
14 0.0196641
24 0.188243
32 0.0472289
37 0.0214156
39 0.079973
44 0.0121601
45 0.0220402
50 0.0761099
51 0.0259933
54 0.038752
55 0.21838
61 0.0472289
62 0.0223663
63 0.11983
-1 -1
LEAF 924 9
65 classes
1 0.0182613
2 0.0668645
5 0.0176674
7 0.0147329
16 0.0826272
17 0.0164007
24 0.0154669
28 0.017111
30 0.029499
32 0.00970132
35 0.0793825
40 0.0340878
44 0.139877
45 0.0362183
49 0.0485066
51 0.0854288
53 0.0817465
54 0.0318402
55 0.0199367
59 0.029499
61 0.0970132
63 0.0281307
-1 -1
NODE 920 8
2dots_tau0
0 -13 -7 -7 -13
921 922 
LEAF 921 9
65 classes
1 0.0213612
2 0.0977686
9 0.0106806
11 0.0119342
14 0.037799
16 0.00966534
19 0.0205829
24 0.0180924
30 0.0345066
33 0.00948502
35 0.00580362
37 0.0205829
39 0.00549025
40 0.0199371
44 0.268808
45 0.0211832
48 0.0401895
51 0.00624566
52 0.0858054
53 0.103592
56 0.0109098
59 0.0632621
61 0.0680889
63 0.00822649
-1 -1
LEAF 922 9
65 classes
1 0.0962249
2 0.0440414
7 0.0129387
9 0.0160375
19 0.0309062
24 0.0135833
30 0.0431778
40 0.0149683
44 0.245687
45 0.0795192
50 0.0961095
51 0.0281345
52 0.0483154
53 0.0119653
54 0.0279628
59 0.0345423
61 0.110759
62 0.0080696
63 0.0370575
-1 -1
NODE 902 6
2dots_tau0
0 -4 14 -4 -12
903 904 
NODE 903 7
2dots_tau0
0 -12 4 -6 -10
911 912 
NODE 911 8
2dots_tau0
0 -6 -15 -8 -12
915 916 
LEAF 915 9
65 classes
1 0.0227228
2 0.00693335
3 0.0150851
9 0.0757425
15 0.0477529
19 0.0145965
22 0.00760621
24 0.0256608
28 0.0141943
30 0.00407844
32 0.00804764
33 0.134528
35 0.0164628
37 0.0437896
40 0.0353465
44 0.0248644
45 0.0525779
48 0.00712519
50 0.155626
51 0.026575
53 0.0339061
54 0.0858415
56 0.038684
59 0.00407844
61 0.0120715
62 0.0686006
63 0.0175017
-1 -1
LEAF 916 9
65 classes
0 0.00880335
1 0.00961711
2 0.0704268
3 0.00957687
4 0.0114444
5 0.00930435
7 0.0155178
9 0.0577026
10 0.0421265
14 0.00850881
15 0.00757904
16 0.00870293
19 0.129734
20 0.00740735
22 0.00965768
24 0.00814545
30 0.0207138
32 0.0613091
33 0.136649
35 0.0313544
40 0.0538558
44 0.00526177
45 0.0381479
48 0.0361877
49 0.00510909
50 0.0164667
51 0.0281188
52 0.00965768
53 0.0932769
59 0.0103569
61 0.00510909
62 0.0193562
63 0.0148147
-1 -1
NODE 912 8
2dots_tau0
0 13 -12 -4 -13
913 914 
LEAF 913 9
65 classes
1 0.0153967
3 0.0306647
12 0.0166565
15 0.291213
16 0.0139332
19 0.0296715
24 0.104325
30 0.0165811
33 0.177752
35 0.00836627
45 0.0152684
48 0.0579356
49 0.00817952
50 0.0659069
62 0.100714
63 0.0474359
-1 -1
LEAF 914 9
65 classes
3 0.326911
37 0.316323
41 0.356766
-1 -1
NODE 904 7
2dots_tau0
0 -5 10 4 7
905 906 
NODE 905 8
2dots_tau0
0 0 0 9 5
909 910 
LEAF 909 9
65 classes
14 0.232339
19 0.253033
51 0.15356
54 0.228934
62 0.132133
-1 -1
LEAF 910 9
65 classes
0 0.10416
14 0.100675
19 0.109642
33 0.10105
40 0.212404
51 0.0665393
59 0.245081
61 0.0604497
-1 -1
NODE 906 8
2dots_tau0
0 11 -6 -1 13
907 908 
LEAF 907 9
65 classes
9 0.0441553
19 0.404191
30 0.0356639
33 0.137244
35 0.0479861
37 0.0850928
41 0.0479861
48 0.0623061
49 0.0234575
54 0.0192472
59 0.0475519
62 0.0111088
63 0.0340096
-1 -1
LEAF 908 9
65 classes
18 0.0332143
24 0.548568
33 0.0676679
35 0.0207021
41 0.0828082
51 0.0222789
54 0.166071
63 0.0586893
-1 -1
NODE 770 3
2dots_tau0
0 -6 -7 15 -9
771 772 
NODE 771 4
2dots_tau0
0 3 13 1 -2
835 836 
NODE 835 5
2dots_tau0
0 -8 -14 -8 -15
867 868 
NODE 867 6
2dots_tau0
0 -2 14 -13 2
883 884 
NODE 883 7
2dots_tau0
0 6 8 0 -9
891 892 
NODE 891 8
2dots_tau0
0 12 -1 -14 -10
895 896 
LEAF 895 9
65 classes
0 0.035001
1 0.0573545
4 0.250257
6 0.0337046
7 0.0154241
11 0.10681
13 0.0216673
18 0.0166671
27 0.018128
33 0.0509342
35 0.145438
39 0.0589649
40 0.0713745
41 0.0207768
49 0.0101565
52 0.0191988
53 0.0142637
59 0.0102944
62 0.0288591
63 0.0147253
-1 -1
LEAF 896 9
65 classes
1 0.0631876
3 0.209744
4 0.0250644
6 0.0556987
18 0.0734489
20 0.0648917
24 0.0178394
27 0.0199717
33 0.0187048
40 0.11795
41 0.206009
42 0.0114711
47 0.0198924
59 0.0113414
62 0.0847845
-1 -1
NODE 892 8
2dots_tau0
0 -12 14 14 1
893 894 
LEAF 893 9
65 classes
0 0.155078
35 0.18411
41 0.18411
62 0.0852435
63 0.391458
-1 -1
LEAF 894 9
65 classes
0 0.305099
3 0.132763
12 0.0721143
18 0.058114
33 0.118397
35 0.0724435
37 0.0642313
41 0.0724435
42 0.0363047
56 0.0680907
-1 -1
NODE 884 7
2dots_tau0
0 5 0 7 -5
885 886 
NODE 885 8
2dots_tau0
0 -6 -3 12 -5
889 890 
LEAF 889 9
65 classes
0 0.0518746
17 0.0508958
20 0.130946
33 0.150978
41 0.554277
59 0.061029
-1 -1
LEAF 890 9
65 classes
0 0.0790808
1 0.172782
6 0.0761519
20 0.133081
22 0.0867553
41 0.187772
45 0.171342
59 0.0930362
-1 -1
NODE 886 8
2dots_tau0
0 -1 -13 -10 0
887 888 
LEAF 887 9
65 classes
6 0.4157
33 0.209401
41 0.256253
62 0.118646
-1 -1
LEAF 888 9
65 classes
0 0.0577267
1 0.0630628
3 0.125598
7 0.0508777
9 0.0630628
17 0.0566375
40 0.41201
41 0.137068
59 0.0339569
-1 -1
NODE 868 6
2dots_tau0
0 12 -13 9 6
869 870 
NODE 869 7
2dots_tau0
0 4 -14 14 0
877 878 
NODE 877 8
2dots_tau0
0 -4 12 5 4
881 882 
LEAF 881 9
65 classes
6 0.541596
53 0.458404
-1 -1
LEAF 882 9
65 classes
35 0.0268918
41 0.699187
62 0.273921
-1 -1
NODE 878 8
2dots_tau0
0 15 -6 9 -9
879 880 
LEAF 879 9
65 classes
-1 -1
LEAF 880 9
65 classes
0 0.18547
1 0.405229
35 0.220193
40 0.189107
-1 -1
NODE 870 7
2dots_tau0
0 9 -2 5 -4
871 872 
NODE 871 8
2dots_tau0
0 0 15 2 14
875 876 
LEAF 875 9
65 classes
1 0.225543
3 0.0561499
4 0.301946
11 0.0945058
12 0.0304996
13 0.031952
33 0.025037
35 0.0153194
39 0.0144923
40 0.105254
62 0.099301
-1 -1
LEAF 876 9
65 classes
0 0.0507304
1 0.147786
3 0.0735839
4 0.131899
6 0.0162838
9 0.0184733
11 0.123849
13 0.0209364
15 0.0145584
18 0.0161049
20 0.0142286
33 0.0164054
35 0.030114
37 0.0178002
39 0.018992
40 0.0862086
41 0.10038
45 0.0366387
52 0.0185512
62 0.0464761
-1 -1
NODE 872 8
2dots_tau0
0 -1 -2 9 -9
873 874 
LEAF 873 9
65 classes
3 0.121361
20 0.375473
35 0.0662222
37 0.11743
59 0.196869
62 0.122644
-1 -1
LEAF 874 9
65 classes
0 0.0549361
6 0.0264507
7 0.0242091
20 0.0924492
33 0.0266481
35 0.0489157
40 0.280067
41 0.423936
53 0.0223878
-1 -1
NODE 836 5
2dots_tau0
0 -7 -4 4 -1
837 838 
NODE 837 6
2dots_tau0
0 0 12 3 9
853 854 
NODE 853 7
2dots_tau0
0 -10 -7 1 -10
861 862 
NODE 861 8
2dots_tau0
0 0 -4 -3 -13
865 866 
LEAF 865 9
65 classes
5 0.190085
18 0.171286
35 0.427041
59 0.211588
-1 -1
LEAF 866 9
65 classes
1 0.138042
5 0.133553
35 0.450055
40 0.128839
42 0.0751808
59 0.0743303
-1 -1
NODE 862 8
2dots_tau0
0 -11 -1 -4 -1
863 864 
LEAF 863 9
65 classes
0 0.486166
5 0.513834
-1 -1
LEAF 864 9
65 classes
0 0.349296
5 0.123058
33 0.112956
35 0.414689
-1 -1
NODE 854 7
2dots_tau0
0 0 6 -6 -6
855 856 
NODE 855 8
2dots_tau0
0 -6 11 -6 5
859 860 
LEAF 859 9
65 classes
5 0.301442
20 0.239983
40 0.290803
59 0.167771
-1 -1
LEAF 860 9
65 classes
0 0.0657462
1 0.0718236
3 0.071523
5 0.0694878
32 0.0381563
33 0.0637836
35 0.273192
40 0.201106
47 0.0678334
59 0.0773484
-1 -1
NODE 856 8
2dots_tau0
0 9 1 0 0
857 858 
LEAF 857 9
65 classes
0 0.226455
14 0.218878
20 0.0952722
35 0.26885
63 0.190544
-1 -1
LEAF 858 9
65 classes
18 0.392194
35 0.24445
59 0.363356
-1 -1
NODE 838 6
2dots_tau0
0 -2 4 -14 -14
839 840 
NODE 839 7
2dots_tau0
0 -5 -2 -7 -4
847 848 
NODE 847 8
2dots_tau0
0 -5 5 5 12
851 852 
LEAF 851 9
65 classes
0 0.301278
12 0.0712112
27 0.0312081
33 0.058457
35 0.196725
40 0.0614372
49 0.0349698
62 0.0165608
63 0.228153
-1 -1
LEAF 852 9
65 classes
0 0.0884152
12 0.104491
18 0.16841
33 0.085776
41 0.209936
48 0.0908615
49 0.0513124
59 0.052009
63 0.148789
-1 -1
NODE 848 8
2dots_tau0
0 -15 9 0 2
849 850 
LEAF 849 9
65 classes
-1 -1
LEAF 850 9
65 classes
0 0.127815
15 0.0366798
20 0.143395
27 0.176531
28 0.0436114
35 0.328778
39 0.023925
41 0.0505812
47 0.0439575
49 0.0247261
-1 -1
NODE 840 7
2dots_tau0
0 -7 4 -10 -8
841 842 
NODE 841 8
2dots_tau0
0 0 -13 12 -2
845 846 
LEAF 845 9
65 classes
27 0.472464
28 0.116721
41 0.135375
51 0.145686
59 0.0670749
62 0.0626789
-1 -1
LEAF 846 9
65 classes
5 0.143596
11 0.165843
20 0.114319
22 0.298097
28 0.278146
-1 -1
NODE 842 8
2dots_tau0
0 8 -10 -10 3
843 844 
LEAF 843 9
65 classes
5 0.243536
18 0.109725
22 0.126392
24 0.106601
28 0.117933
59 0.135543
62 0.0633296
63 0.0969414
-1 -1
LEAF 844 9
65 classes
20 0.800518
22 0.130464
32 0.0690179
-1 -1
NODE 772 4
2dots_tau0
0 9 -12 15 -10
773 774 
NODE 773 5
2dots_tau0
0 7 13 -13 -13
805 806 
NODE 805 6
2dots_tau0
0 6 -14 10 -15
821 822 
NODE 821 7
2dots_tau0
0 -6 8 2 -6
829 830 
NODE 829 8
2dots_tau0
0 -13 9 5 -11
833 834 
LEAF 833 9
65 classes
1 1
-1 -1
LEAF 834 9
65 classes
20 0.0704291
33 0.0812037
37 0.0881077
40 0.256031
48 0.0860182
49 0.0971545
53 0.0682213
54 0.159433
56 0.0934017
-1 -1
NODE 830 8
2dots_tau0
0 -9 -9 5 5
831 832 
LEAF 831 9
65 classes
28 0.216568
37 0.222706
42 0.125877
48 0.434849
-1 -1
LEAF 832 9
65 classes
1 0.0219474
2 0.0200903
4 0.0783521
5 0.0212336
9 0.0219474
12 0.118715
16 0.0397222
18 0.0191336
20 0.236662
21 0.0114299
27 0.0208106
28 0.0205648
33 0.175415
37 0.0845906
39 0.0112818
54 0.0574008
55 0.0119804
59 0.0118178
63 0.0169044
-1 -1
NODE 822 7
2dots_tau0
0 0 12 0 12
823 824 
NODE 823 8
2dots_tau0
0 -5 -1 -13 15
827 828 
LEAF 827 9
65 classes
0 0.0884767
1 0.0644368
3 0.0320836
4 0.0383399
6 0.0283999
13 0.0365142
18 0.0280878
20 0.223339
23 0.0351742
35 0.105041
39 0.0165615
40 0.150353
49 0.017116
54 0.0842635
59 0.0346968
61 0.017116
-1 -1
LEAF 828 9
65 classes
1 0.0580955
5 0.0843093
7 0.0234351
9 0.0290477
11 0.0324571
13 0.164604
19 0.0279893
20 0.156613
24 0.0246027
28 0.027218
40 0.0271112
41 0.0315679
47 0.027434
48 0.0546511
49 0.0154316
51 0.0169861
54 0.151942
59 0.0156411
61 0.0308632
-1 -1
NODE 824 8
2dots_tau0
0 5 -3 1 -2
825 826 
LEAF 825 9
65 classes
-1 -1
LEAF 826 9
65 classes
-1 -1
NODE 806 6
2dots_tau0
0 7 -15 2 14
807 808 
NODE 807 7
2dots_tau0
0 -3 12 8 14
815 816 
NODE 815 8
2dots_tau0
0 0 2 14 6
819 820 
LEAF 819 9
65 classes
14 0.0702458
15 0.0625699
20 0.122305
22 0.0797304
33 0.493555
35 0.0431418
53 0.0592355
54 0.0692165
-1 -1
LEAF 820 9
65 classes
5 0.0966315
7 0.241742
14 0.0883693
19 0.0962402
35 0.21709
48 0.0939579
51 0.0584062
59 0.107563
-1 -1
NODE 816 8
2dots_tau0
0 1 12 4 -1
817 818 
LEAF 817 9
65 classes
1 0.0600533
5 0.232401
7 0.436048
14 0.159398
40 0.112099
-1 -1
LEAF 818 9
65 classes
7 0.29166
14 0.31985
35 0.196438
49 0.192053
-1 -1
NODE 808 7
2dots_tau0
0 9 -10 10 -5
809 810 
NODE 809 8
2dots_tau0
0 0 -6 12 -6
813 814 
LEAF 813 9
65 classes
5 0.412531
6 0.187931
28 0.399538
-1 -1
LEAF 814 9
65 classes
42 1
-1 -1
NODE 810 8
2dots_tau0
0 4 -3 10 1
811 812 
LEAF 811 9
65 classes
10 0.0867111
12 0.12849
16 0.107482
24 0.100597
33 0.105477
37 0.343334
59 0.127909
-1 -1
LEAF 812 9
65 classes
20 0.185528
22 0.24189
24 0.204014
45 0.238867
59 0.129701
-1 -1
NODE 774 5
2dots_tau0
0 4 -6 -12 4
775 776 
NODE 775 6
2dots_tau0
0 -10 12 -6 14
791 792 
NODE 791 7
2dots_tau0
0 -10 -11 -5 0
799 800 
NODE 799 8
2dots_tau0
0 15 9 -12 3
803 804 
LEAF 803 9
65 classes
7 0.487847
24 0.512153
-1 -1
LEAF 804 9
65 classes
3 0.170557
15 0.0674885
24 0.362661
28 0.240727
33 0.0760505
37 0.0825164
-1 -1
NODE 800 8
2dots_tau0
0 9 -14 -15 14
801 802 
LEAF 801 9
65 classes
49 0.663664
59 0.336336
-1 -1
LEAF 802 9
65 classes
6 0.218092
20 0.190566
33 0.219719
37 0.2384
59 0.133223
-1 -1
NODE 792 7
2dots_tau0
0 -8 -4 11 -2
793 794 
NODE 793 8
2dots_tau0
0 -4 -14 10 -15
797 798 
LEAF 797 9
65 classes
3 0.30117
20 0.69883
-1 -1
LEAF 798 9
65 classes
7 0.511589
63 0.488411
-1 -1
NODE 794 8
2dots_tau0
0 9 -2 -6 -2
795 796 
LEAF 795 9
65 classes
6 0.0586868
11 0.0371959
12 0.0360123
15 0.0262342
16 0.331368
20 0.230759
33 0.0295624
35 0.0180884
49 0.0530539
50 0.028499
52 0.0668584
54 0.0580419
63 0.0256399
-1 -1
LEAF 796 9
65 classes
35 1
-1 -1
NODE 776 6
2dots_tau0
0 3 -6 10 -5
777 778 
NODE 777 7
2dots_tau0
0 -8 6 3 13
785 786 
NODE 785 8
2dots_tau0
0 13 -4 0 -3
789 790 
LEAF 789 9
65 classes
19 1
-1 -1
LEAF 790 9
65 classes
35 1
-1 -1
NODE 786 8
2dots_tau0
0 4 -8 -6 -7
787 788 
LEAF 787 9
65 classes
9 0.166444
19 0.320758
20 0.384598
63 0.128199
-1 -1
LEAF 788 9
65 classes
7 1
-1 -1
NODE 778 7
2dots_tau0
0 9 3 0 0
779 780 
NODE 779 8
2dots_tau0
0 9 9 1 -7
783 784 
LEAF 783 9
65 classes
0 0.0253327
1 0.0830232
3 0.0275586
7 0.0669814
9 0.221395
19 0.319992
20 0.0426311
23 0.0302133
40 0.0258294
45 0.109775
51 0.0323661
59 0.0149016
-1 -1
LEAF 784 9
65 classes
0 0.655172
19 0.344828
-1 -1
NODE 780 8
2dots_tau0
0 2 15 -7 2
781 782 
LEAF 781 9
65 classes
7 0.0814015
15 0.0795147
20 0.155427
24 0.683657
-1 -1
LEAF 782 9
65 classes
7 0.599729
59 0.400271
-1 -1
NODE 514 2
2dots_tau0
0 -6 -9 -7 -11
515 516 
NODE 515 3
2dots_tau0
0 -13 -15 -1 -13
643 644 
NODE 643 4
2dots_tau0
0 -5 -4 -6 -11
707 708 
NODE 707 5
2dots_tau0
0 7 -3 -5 -4
739 740 
NODE 739 6
2dots_tau0
0 -6 -13 11 -13
755 756 
NODE 755 7
2dots_tau0
0 -8 13 -9 -5
763 764 
NODE 763 8
2dots_tau0
0 -7 8 14 9
767 768 
LEAF 767 9
65 classes
7 0.0315072
11 0.0218184
15 0.0230827
16 0.0088352
19 0.0282226
27 0.0185152
35 0.00530515
50 0.0334339
51 0.0171277
58 0.774552
63 0.0375996
-1 -1
LEAF 768 9
65 classes
2 0.0206567
4 0.0805611
7 0.0728236
11 0.226933
12 0.0488249
15 0.0533517
16 0.122526
28 0.0845786
49 0.155847
51 0.0263918
59 0.060755
61 0.0119883
63 0.0347621
-1 -1
NODE 764 8
2dots_tau0
0 -8 -12 -11 -15
765 766 
LEAF 765 9
65 classes
12 0.237998
15 0.173376
35 0.119542
49 0.233748
59 0.118461
61 0.116874
-1 -1
LEAF 766 9
65 classes
1 0.128337
4 0.152721
6 0.0565635
7 0.05177
15 0.20228
19 0.0618306
35 0.0348679
49 0.136358
51 0.0375237
59 0.103657
61 0.0340896
-1 -1
NODE 756 7
2dots_tau0
0 -11 3 -11 0
757 758 
NODE 757 8
2dots_tau0
0 4 13 -3 12
761 762 
LEAF 761 9
65 classes
0 0.0289788
3 0.141863
5 0.015314
7 0.0127703
9 0.0791439
10 0.0577799
19 0.0610081
22 0.0476867
28 0.0889902
40 0.0590941
45 0.109878
48 0.0148903
49 0.00840904
50 0.0948588
51 0.101818
52 0.0317911
59 0.0255696
62 0.00796459
63 0.0121917
-1 -1
LEAF 762 9
65 classes
3 0.179907
9 0.0451656
10 0.131895
19 0.0435199
22 0.0453562
28 0.0423205
45 0.134368
48 0.0424878
49 0.0239942
50 0.038667
51 0.0264113
52 0.0453562
53 0.0336972
59 0.0972798
63 0.0695755
-1 -1
NODE 758 8
2dots_tau0
0 -3 4 0 12
759 760 
LEAF 759 9
65 classes
5 0.101168
10 0.152683
15 0.0824086
19 0.201517
23 0.0570812
28 0.195964
51 0.152871
59 0.0563063
-1 -1
LEAF 760 9
65 classes
1 0.0261739
3 0.0521288
5 0.0759683
9 0.0261739
10 0.152869
20 0.0604796
22 0.0525687
28 0.196201
40 0.024429
45 0.0259558
48 0.0984885
49 0.0139049
50 0.0448158
51 0.0306113
52 0.105137
59 0.0140937
-1 -1
NODE 740 6
2dots_tau0
0 -12 -7 4 -4
741 742 
NODE 741 7
2dots_tau0
0 -4 -13 -7 0
749 750 
NODE 749 8
2dots_tau0
0 10 -10 -2 8
753 754 
LEAF 753 9
65 classes
19 0.192225
20 0.307311
24 0.168967
51 0.116657
59 0.21484
-1 -1
LEAF 754 9
65 classes
18 0.0958747
20 0.0423524
49 0.584237
51 0.0643091
53 0.0820495
59 0.0888251
63 0.0423524
-1 -1
NODE 750 8
2dots_tau0
0 11 -6 -9 4
751 752 
LEAF 751 9
65 classes
1 0.15113
7 0.0609645
30 0.040689
44 0.0826874
51 0.309316
52 0.151768
59 0.203445
-1 -1
LEAF 752 9
65 classes
7 0.0130683
12 0.210281
18 0.0141214
51 0.0189442
52 0.0162665
58 0.642525
59 0.0348883
63 0.0499049
-1 -1
NODE 742 7
2dots_tau0
0 -14 13 -1 -7
743 744 
NODE 743 8
2dots_tau0
0 -10 -11 -5 -13
747 748 
LEAF 747 9
65 classes
1 0.0692834
9 0.0692834
12 0.0749521
44 0.227441
45 0.0687061
51 0.162058
52 0.0695757
59 0.223839
62 0.0348614
-1 -1
LEAF 748 9
65 classes
21 0.0885147
23 0.185556
44 0.464956
49 0.0902929
52 0.17068
-1 -1
NODE 744 8
2dots_tau0
0 0 -5 -8 1
745 746 
LEAF 745 9
65 classes
0 0.171784
12 0.101509
15 0.0739466
28 0.0879208
35 0.050986
41 0.101972
59 0.0505246
63 0.361357
-1 -1
LEAF 746 9
65 classes
41 0.585227
63 0.414773
-1 -1
NODE 708 5
2dots_tau0
0 -9 -6 7 5
709 710 
NODE 709 6
2dots_tau0
0 -3 -8 -13 0
725 726 
NODE 725 7
2dots_tau0
0 13 -11 -10 6
733 734 
NODE 733 8
2dots_tau0
0 -1 11 -11 0
737 738 
LEAF 737 9
65 classes
51 0.602927
63 0.397073
-1 -1
LEAF 738 9
65 classes
51 1
-1 -1
NODE 734 8
2dots_tau0
0 0 1 -3 -4
735 736 
LEAF 735 9
65 classes
-1 -1
LEAF 736 9
65 classes
59 1
-1 -1
NODE 726 7
2dots_tau0
0 -2 10 11 5
727 728 
NODE 727 8
2dots_tau0
0 11 3 8 -5
731 732 
LEAF 731 9
65 classes
24 0.611342
59 0.388658
-1 -1
LEAF 732 9
65 classes
15 0.378693
24 0.508743
28 0.112564
-1 -1
NODE 728 8
2dots_tau0
0 15 6 -1 4
729 730 
LEAF 729 9
65 classes
7 0.392642
14 0.143531
20 0.0416502
28 0.101338
44 0.0591721
59 0.23294
61 0.0287275
-1 -1
LEAF 730 9
65 classes
19 0.335598
24 0.147496
28 0.326349
44 0.190558
-1 -1
NODE 710 6
2dots_tau0
0 -6 -9 -3 -1
711 712 
NODE 711 7
2dots_tau0
0 -12 15 11 3
719 720 
NODE 719 8
2dots_tau0
0 -13 6 12 14
723 724 
LEAF 723 9
65 classes
3 0.0807585
7 0.032714
24 0.583846
27 0.0384488
47 0.153185
51 0.0237116
59 0.0873361
-1 -1
LEAF 724 9
65 classes
15 0.129908
20 0.0634828
24 0.628276
41 0.0895716
59 0.088761
-1 -1
NODE 720 8
2dots_tau0
0 -10 -11 5 -7
721 722 
LEAF 721 9
65 classes
7 0.0879415
15 0.257709
18 0.0190057
20 0.23508
24 0.276969
40 0.0203473
47 0.102947
-1 -1
LEAF 722 9
65 classes
1 0.0558791
4 0.199488
11 0.0312189
15 0.0880744
16 0.0252837
17 0.0501858
24 0.141985
27 0.0794775
37 0.0269215
48 0.0262831
55 0.0152514
56 0.199774
59 0.0601775
-1 -1
NODE 712 7
2dots_tau0
0 -6 -7 12 1
713 714 
NODE 713 8
2dots_tau0
0 6 -3 -12 5
717 718 
LEAF 717 9
65 classes
15 0.106921
24 0.459645
49 0.36038
59 0.0730544
-1 -1
LEAF 718 9
65 classes
18 0.209591
24 0.407249
49 0.383159
-1 -1
NODE 714 8
2dots_tau0
0 0 -1 9 -11
715 716 
LEAF 715 9
65 classes
4 0.05229
6 0.0387333
12 0.0950727
15 0.242404
16 0.0397642
17 0.0394641
18 0.0383077
20 0.0676893
24 0.0372171
44 0.0240414
49 0.163406
54 0.114923
61 0.0466875
-1 -1
LEAF 716 9
65 classes
51 1
-1 -1
NODE 644 4
2dots_tau0
0 0 -10 -5 7
645 646 
NODE 645 5
2dots_tau0
0 5 9 0 -3
677 678 
NODE 677 6
2dots_tau0
0 4 -11 6 -11
693 694 
NODE 693 7
2dots_tau0
0 -11 -12 -6 10
701 702 
NODE 701 8
2dots_tau0
0 15 0 -5 11
705 706 
LEAF 705 9
65 classes
3 0.0153435
5 0.0447206
6 0.556855
12 0.0166686
15 0.0485707
18 0.0805954
24 0.0261003
33 0.0684159
37 0.0148465
47 0.014552
49 0.0818547
56 0.0314772
-1 -1
LEAF 706 9
65 classes
0 0.233293
15 0.301272
18 0.111092
24 0.215858
41 0.138484
-1 -1
NODE 702 8
2dots_tau0
0 0 4 2 -2
703 704 
LEAF 703 9
65 classes
0 0.0307428
5 0.0216616
6 0.00986805
9 0.0223897
10 0.694699
11 0.0250176
12 0.0363324
19 0.0215739
23 0.0122219
33 0.00994169
35 0.00608304
37 0.0215739
48 0.0105311
49 0.0118945
52 0.0112421
54 0.0195192
56 0.0114351
59 0.00602799
63 0.0172451
-1 -1
LEAF 704 9
65 classes
3 0.0144038
6 0.0382502
9 0.0433931
10 0.432954
11 0.0646482
12 0.125182
18 0.0504398
21 0.0150657
27 0.068576
35 0.00785962
37 0.0278746
47 0.0409823
48 0.0408203
56 0.0295495
-1 -1
NODE 694 7
2dots_tau0
0 2 -1 1 -5
695 696 
NODE 695 8
2dots_tau0
0 -9 2 10 -4
699 700 
LEAF 699 9
65 classes
6 0.039371
10 0.521726
15 0.0351992
18 0.155753
19 0.0860742
35 0.0242698
63 0.137607
-1 -1
LEAF 700 9
65 classes
0 0.0118371
5 0.0500432
6 0.148184
9 0.0258627
10 0.585321
11 0.0288982
15 0.0203818
18 0.0112735
19 0.0124602
23 0.0141177
35 0.0210799
47 0.0244259
52 0.0129859
56 0.0132088
63 0.0199201
-1 -1
NODE 696 8
2dots_tau0
0 1 2 -1 10
697 698 
LEAF 697 9
65 classes
6 0.159975
15 0.0715121
18 0.395543
27 0.0860425
42 0.0494203
59 0.0977224
63 0.139784
-1 -1
LEAF 698 9
65 classes
0 0.043088
6 0.0414921
11 0.0525956
18 0.205181
23 0.565282
48 0.0442801
56 0.048081
-1 -1
NODE 678 6
2dots_tau0
0 15 -12 13 0
679 680 
NODE 679 7
2dots_tau0
0 -13 -12 7 -3
687 688 
NODE 687 8
2dots_tau0
0 10 9 10 3
691 692 
LEAF 691 9
65 classes
5 0.102393
18 0.0922659
19 0.101978
30 0.0569878
41 0.115016
51 0.123777
63 0.407582
-1 -1
LEAF 692 9
65 classes
14 0.246853
15 0.439759
51 0.163154
59 0.150234
-1 -1
NODE 688 8
2dots_tau0
0 5 0 -8 -10
689 690 
LEAF 689 9
65 classes
0 0.165694
18 0.0789018
21 0.0235669
32 0.0240404
33 0.0401869
35 0.147535
47 0.128215
55 0.12351
59 0.0243667
63 0.243983
-1 -1
LEAF 690 9
65 classes
35 0.293391
59 0.290735
63 0.415874
-1 -1
NODE 680 7
2dots_tau0
0 12 -4 -5 -12
681 682 
NODE 681 8
2dots_tau0
0 0 -1 15 -12
685 686 
LEAF 685 9
65 classes
0 0.0356837
5 0.150858
10 0.256135
12 0.168687
16 0.0705534
22 0.0782934
30 0.0419808
35 0.0211821
47 0.0368165
49 0.0207093
54 0.0339845
55 0.0851171
-1 -1
LEAF 686 9
65 classes
19 0.229776
42 0.129874
55 0.130172
59 0.256809
61 0.25337
-1 -1
NODE 682 8
2dots_tau0
0 6 9 -6 -15
683 684 
LEAF 683 9
65 classes
0 1
-1 -1
LEAF 684 9
65 classes
0 0.156585
5 0.165496
30 0.0921087
32 0.18175
47 0.161556
54 0.149128
55 0.0933762
-1 -1
NODE 646 5
2dots_tau0
0 -2 0 8 3
647 648 
NODE 647 6
2dots_tau0
0 -1 2 3 5
663 664 
NODE 663 7
2dots_tau0
0 -13 1 15 3
671 672 
NODE 671 8
2dots_tau0
0 8 -8 4 8
675 676 
LEAF 675 9
65 classes
0 0.367397
15 0.632603
-1 -1
LEAF 676 9
65 classes
0 0.0961033
12 0.113577
15 0.248214
18 0.0915269
20 0.0808636
27 0.0995492
35 0.114095
48 0.0987622
55 0.0573093
-1 -1
NODE 672 8
2dots_tau0
0 -11 14 3 15
673 674 
LEAF 673 9
65 classes
3 0.189984
19 0.183831
35 0.103667
49 0.101353
51 0.111563
55 0.104143
59 0.205458
-1 -1
LEAF 674 9
65 classes
3 0.087055
16 0.0791108
18 0.152426
19 0.0842354
21 0.0455277
32 0.0928846
40 0.0815928
41 0.190011
44 0.0478302
49 0.139327
-1 -1
NODE 664 7
2dots_tau0
0 -7 -6 -15 0
665 666 
NODE 665 8
2dots_tau0
0 5 -14 -6 14
669 670 
LEAF 669 9
65 classes
33 0.167062
35 0.102221
40 0.351158
48 0.176967
59 0.202591
-1 -1
LEAF 670 9
65 classes
0 0.112155
12 0.530185
23 0.0668811
35 0.0332879
40 0.0571768
49 0.0325448
51 0.0358233
59 0.131947
-1 -1
NODE 666 8
2dots_tau0
0 14 0 6 -14
667 668 
LEAF 667 9
65 classes
12 0.146087
16 0.122202
32 0.071739
35 0.0733769
39 0.0694149
44 0.517181
-1 -1
LEAF 668 9
65 classes
12 0.222685
15 0.162221
23 0.224728
27 0.390365
-1 -1
NODE 648 6
2dots_tau0
0 11 -2 -2 14
649 650 
NODE 649 7
2dots_tau0
0 -1 -7 -2 -13
657 658 
NODE 657 8
2dots_tau0
0 -4 -14 4 -5
661 662 
LEAF 661 9
65 classes
6 0.115145
13 0.296087
18 0.113879
40 0.121918
41 0.141959
59 0.211012
-1 -1
LEAF 662 9
65 classes
0 0.0338876
6 0.0163162
9 0.0277651
10 0.0945942
11 0.0206826
12 0.110135
16 0.0167505
19 0.0445889
39 0.0285446
44 0.00506366
45 0.0275337
49 0.00983346
50 0.499172
51 0.00541202
52 0.0185881
54 0.00806848
56 0.00945362
59 0.00498347
62 0.0186274
-1 -1
NODE 658 8
2dots_tau0
0 -8 -12 15 6
659 660 
LEAF 659 9
65 classes
0 0.392775
35 0.233154
54 0.374071
-1 -1
LEAF 660 9
65 classes
0 0.0155844
6 0.0450217
9 0.3405
12 0.0368359
15 0.0134171
16 0.0154067
18 0.0296846
39 0.017503
40 0.01589
41 0.0185021
44 0.00931483
45 0.151948
49 0.0180891
50 0.0145754
52 0.222259
59 0.0183346
62 0.017133
-1 -1
NODE 650 7
2dots_tau0
0 1 -5 -13 3
651 652 
NODE 651 8
2dots_tau0
0 -5 -7 2 -13
655 656 
LEAF 655 9
65 classes
0 0.130152
12 0.102544
13 0.0537136
15 0.074701
21 0.0493648
23 0.20697
35 0.128765
37 0.0456674
40 0.0442347
41 0.0515062
49 0.0251782
59 0.02552
61 0.0251782
63 0.0365044
-1 -1
LEAF 656 9
65 classes
0 0.0301451
3 0.0327938
10 0.0721263
12 0.285008
18 0.0287096
20 0.0253648
23 0.25167
27 0.062452
35 0.0178944
39 0.0169281
48 0.0619583
50 0.0281933
52 0.0330706
55 0.0359529
59 0.0177324
-1 -1
NODE 652 8
2dots_tau0
0 10 -15 3 15
653 654 
LEAF 653 9
65 classes
19 0.373626
59 0.626374
-1 -1
LEAF 654 9
65 classes
3 0.0389519
9 0.0391156
10 0.0571135
13 0.044331
23 0.384337
27 0.0741794
39 0.0201069
49 0.145461
52 0.196403
-1 -1
NODE 516 3
2dots_tau0
0 4 -14 9 -15
517 518 
NODE 517 4
2dots_tau0
0 5 13 5 -5
581 582 
NODE 581 5
2dots_tau0
0 0 -3 -10 -1
613 614 
NODE 613 6
2dots_tau0
0 -13 2 -15 14
629 630 
NODE 629 7
2dots_tau0
0 -8 11 9 -3
637 638 
NODE 637 8
2dots_tau0
0 -14 -5 15 10
641 642 
LEAF 641 9
65 classes
6 0.0545525
15 0.0487721
18 0.269765
28 0.231955
41 0.0672565
45 0.0613715
47 0.0584491
54 0.107906
59 0.0999718
-1 -1
LEAF 642 9
65 classes
18 0.0981832
20 0.0433722
28 0.0527638
44 0.0308092
45 0.111683
49 0.179491
54 0.392733
59 0.0909639
-1 -1
NODE 638 8
2dots_tau0
0 -6 9 -9 -9
639 640 
LEAF 639 9
65 classes
1 0.0342355
4 0.244441
10 0.049988
11 0.30603
18 0.0596927
27 0.0324624
28 0.0320789
37 0.0659761
45 0.101851
49 0.0363752
59 0.036869
-1 -1
LEAF 640 9
65 classes
6 0.108279
11 0.0549022
20 0.208149
24 0.0624244
28 0.13812
41 0.026699
47 0.0464054
49 0.326288
51 0.0287326
-1 -1
NODE 630 7
2dots_tau0
0 -13 10 -9 -8
631 632 
NODE 631 8
2dots_tau0
0 2 6 -12 -15
635 636 
LEAF 635 9
65 classes
6 0.258285
9 0.0177583
10 0.00648234
11 0.00992132
13 0.0201261
18 0.0309632
19 0.0342225
22 0.0178333
23 0.0581626
24 0.0150409
27 0.0168386
28 0.00831985
30 0.0143433
33 0.0157705
39 0.00456424
44 0.0340062
45 0.0704414
47 0.0251576
48 0.00835274
49 0.00943412
54 0.309633
59 0.0143433
-1 -1
LEAF 636 9
65 classes
3 0.0630977
5 0.0613022
14 0.224243
28 0.178114
30 0.136474
39 0.227997
44 0.0346675
51 0.0741049
-1 -1
NODE 632 8
2dots_tau0
0 9 0 11 6
633 634 
LEAF 633 9
65 classes
3 0.0426605
6 0.226575
7 0.0345623
12 0.0463449
14 0.0379029
49 0.0455173
58 0.566437
-1 -1
LEAF 634 9
65 classes
3 0.119235
14 0.0529688
18 0.365349
23 0.0653606
28 0.0560969
37 0.0576867
40 0.0558769
44 0.0655109
49 0.0636099
54 0.0521927
63 0.046112
-1 -1
NODE 614 6
2dots_tau0
0 -5 7 -11 -4
615 616 
NODE 615 7
2dots_tau0
0 11 -4 -9 7
623 624 
NODE 623 8
2dots_tau0
0 0 2 14 -7
627 628 
LEAF 627 9
65 classes
4 0.416511
10 0.255528
28 0.327961
-1 -1
LEAF 628 9
65 classes
1 0.0486187
7 0.196123
9 0.243094
23 0.0530791
28 0.0455561
44 0.0266006
45 0.289281
52 0.0976477
-1 -1
NODE 624 8
2dots_tau0
0 12 0 7 6
625 626 
LEAF 625 9
65 classes
22 0.102479
40 0.190491
45 0.303594
48 0.0959982
52 0.307437
-1 -1
LEAF 626 9
65 classes
0 0.0623035
1 0.0680627
3 0.0677779
13 0.0771377
19 0.131165
23 0.0743069
28 0.0637752
40 0.254101
47 0.128563
49 0.0361583
59 0.0366491
-1 -1
NODE 616 7
2dots_tau0
0 6 10 -5 6
617 618 
NODE 617 8
2dots_tau0
0 4 8 -9 -13
621 622 
LEAF 621 9
65 classes
1 0.0344286
5 0.033309
6 0.0455223
7 0.0277763
15 0.0135662
19 0.0165871
20 0.304955
24 0.131221
47 0.276385
49 0.0365804
52 0.0518608
59 0.0278077
-1 -1
LEAF 622 9
65 classes
1 0.0466876
3 0.0464922
7 0.489666
14 0.0826145
19 0.0899728
28 0.13124
47 0.0881877
59 0.0251395
-1 -1
NODE 618 8
2dots_tau0
0 12 1 -9 4
619 620 
LEAF 619 9
65 classes
7 0.732305
14 0.267695
-1 -1
LEAF 620 9
65 classes
7 0.228454
24 0.239836
28 0.265331
48 0.266379
-1 -1
NODE 582 5
2dots_tau0
0 -11 1 0 -6
583 584 
NODE 583 6
2dots_tau0
0 13 13 -13 13
599 600 
NODE 599 7
2dots_tau0
0 -3 12 5 7
607 608 
NODE 607 8
2dots_tau0
0 14 1 -15 3
611 612 
LEAF 611 9
65 classes
5 0.131767
7 0.384582
22 0.410314
59 0.0733366
-1 -1
LEAF 612 9
65 classes
-1 -1
NODE 608 8
2dots_tau0
0 -7 -5 7 -8
609 610 
LEAF 609 9
65 classes
0 0.0446604
5 0.0944041
7 0.196809
15 0.0768987
19 0.047011
20 0.150313
22 0.0489945
28 0.182862
44 0.0266936
59 0.131354
-1 -1
LEAF 610 9
65 classes
5 0.276477
22 0.0573952
24 0.145224
28 0.107108
44 0.0312705
45 0.0566778
56 0.233522
59 0.0923258
-1 -1
NODE 600 7
2dots_tau0
0 -9 5 15 -15
601 602 
NODE 601 8
2dots_tau0
0 -3 6 9 -12
605 606 
LEAF 605 9
65 classes
0 0.107102
5 0.0565988
7 0.0471976
12 0.0632877
15 0.322726
16 0.0529403
21 0.0609335
27 0.110943
40 0.0546012
47 0.0552512
51 0.0684192
-1 -1
LEAF 606 9
65 classes
3 0.0318258
5 0.185521
7 0.0515686
9 0.0319596
15 0.0251867
19 0.030795
20 0.0492322
22 0.417227
24 0.027069
28 0.119785
40 0.0298289
-1 -1
NODE 602 8
2dots_tau0
0 13 4 -12 -7
603 604 
LEAF 603 9
65 classes
9 0.241223
15 0.0950513
20 0.092898
22 0.12112
48 0.226921
59 0.129889
63 0.092898
-1 -1
LEAF 604 9
65 classes
5 0.248352
22 0.257783
24 0.217419
59 0.276446
-1 -1
NODE 584 6
2dots_tau0
0 13 10 4 -12
585 586 
NODE 585 7
2dots_tau0
0 14 -9 -1 14
593 594 
NODE 593 8
2dots_tau0
0 2 -1 -3 2
597 598 
LEAF 597 9
65 classes
6 0.0950199
15 0.467233
16 0.0731617
28 0.176759
48 0.0253511
49 0.0572664
50 0.0230714
54 0.0234939
55 0.0441319
59 0.014511
-1 -1
LEAF 598 9
65 classes
6 0.717838
59 0.0730831
63 0.209079
-1 -1
NODE 594 8
2dots_tau0
0 12 0 -11 4
595 596 
LEAF 595 9
65 classes
4 0.029681
11 0.0836086
15 0.255532
16 0.0902845
28 0.140225
41 0.027106
49 0.0265009
54 0.282677
56 0.0509546
59 0.0134303
-1 -1
LEAF 596 9
65 classes
3 0.0714898
27 0.0680719
28 0.672679
54 0.187759
-1 -1
NODE 586 7
2dots_tau0
0 4 13 -8 -8
587 588 
NODE 587 8
2dots_tau0
0 11 9 -9 3
591 592 
LEAF 591 9
65 classes
6 0.066544
11 0.0843515
17 0.0338998
18 0.0329064
37 0.0363702
41 0.0410203
48 0.106523
54 0.394876
63 0.203508
-1 -1
LEAF 592 9
65 classes
12 0.0482885
15 0.0351771
27 0.211623
28 0.167299
35 0.0242545
37 0.17204
48 0.12597
54 0.0778276
63 0.137521
-1 -1
NODE 588 8
2dots_tau0
0 11 -12 -3 -8
589 590 
LEAF 589 9
65 classes
0 0.10345
15 0.0890627
28 0.105893
54 0.197047
59 0.243411
63 0.261135
-1 -1
LEAF 590 9
65 classes
0 0.0965434
3 0.0525132
12 0.0570484
14 0.0466567
15 0.249351
21 0.0274631
33 0.0936615
35 0.0573089
40 0.0492182
62 0.0265341
63 0.243702
-1 -1
NODE 518 4
2dots_tau0
0 -3 -4 -9 -15
519 520 
NODE 519 5
2dots_tau0
0 -8 14 -14 -4
551 552 
NODE 551 6
2dots_tau0
0 15 -6 0 11
567 568 
NODE 567 7
2dots_tau0
0 2 7 -2 15
575 576 
NODE 575 8
2dots_tau0
0 15 -4 11 7
579 580 
LEAF 579 9
65 classes
3 0.0193684
9 0.544594
13 0.0220431
15 0.015328
16 0.0352019
30 0.010473
45 0.212165
50 0.0166512
51 0.0341207
52 0.0390637
59 0.0314189
62 0.0195731
-1 -1
LEAF 580 9
65 classes
0 0.268976
12 0.10596
23 0.106932
30 0.0527403
44 0.053589
51 0.0572757
52 0.0983596
54 0.256167
-1 -1
NODE 576 8
2dots_tau0
0 -7 2 6 15
577 578 
LEAF 577 9
65 classes
14 0.156228
19 0.340286
52 0.177322
59 0.19016
63 0.136004
-1 -1
LEAF 578 9
65 classes
1 0.0434841
5 0.04207
7 0.0350821
9 0.391357
12 0.0470419
16 0.0393506
21 0.022646
23 0.0474735
30 0.0234145
40 0.0405852
41 0.0472567
44 0.0237913
45 0.129365
52 0.0436676
59 0.0234145
-1 -1
NODE 568 7
2dots_tau0
0 -12 -12 -3 3
569 570 
NODE 569 8
2dots_tau0
0 -3 7 0 5
573 574 
LEAF 573 9
65 classes
40 0.497041
47 0.502959
-1 -1
LEAF 574 9
65 classes
19 0.641509
59 0.358491
-1 -1
NODE 570 8
2dots_tau0
0 4 7 -13 -7
571 572 
LEAF 571 9
65 classes
6 0.030335
13 0.156008
16 0.0311424
19 0.0331597
21 0.0179222
23 0.375708
35 0.0747986
40 0.0963582
52 0.0345588
54 0.150008
-1 -1
LEAF 572 9
65 classes
15 0.594086
30 0.405914
-1 -1
NODE 552 6
2dots_tau0
0 2 -2 -4 -7
553 554 
NODE 553 7
2dots_tau0
0 -2 11 12 -11
561 562 
NODE 561 8
2dots_tau0
0 -11 10 8 10
565 566 
LEAF 565 9
65 classes
1 0.0906276
15 0.142844
28 0.169838
40 0.0845858
48 0.170509
59 0.341596
-1 -1
LEAF 566 9
65 classes
5 0.0405888
6 0.0739619
15 0.165312
18 0.219447
20 0.0323134
28 0.0786209
30 0.0225902
45 0.124811
49 0.111438
59 0.0451803
62 0.0211096
63 0.0646269
-1 -1
NODE 562 8
2dots_tau0
0 6 -7 10 7
563 564 
LEAF 563 9
65 classes
0 0.112914
9 0.493405
15 0.194421
59 0.19926
-1 -1
LEAF 564 9
65 classes
1 0.0814943
2 0.0372993
3 0.0405767
5 0.039422
9 0.203736
15 0.128448
19 0.15705
20 0.0941536
45 0.0404076
51 0.0238276
59 0.153585
-1 -1
NODE 554 7
2dots_tau0
0 2 -3 2 -12
555 556 
NODE 555 8
2dots_tau0
0 -12 15 -5 -2
559 560 
LEAF 559 9
65 classes
9 0.65
59 0.35
-1 -1
LEAF 560 9
65 classes
3 0.530452
6 0.469548
-1 -1
NODE 556 8
2dots_tau0
0 -9 -7 -8 12
557 558 
LEAF 557 9
65 classes
49 0.191822
53 0.808178
-1 -1
LEAF 558 9
65 classes
18 0.464706
52 0.535294
-1 -1
NODE 520 5
2dots_tau0
0 15 -14 -8 -10
521 522 
NODE 521 6
2dots_tau0
0 -14 8 10 -9
537 538 
NODE 537 7
2dots_tau0
0 2 11 15 -13
545 546 
NODE 545 8
2dots_tau0
0 -3 3 -15 2
549 550 
LEAF 549 9
65 classes
9 0.0383284
11 0.0428271
15 0.392676
20 0.0295216
24 0.0649264
28 0.071828
47 0.0361991
48 0.036056
50 0.0328135
54 0.233902
55 0.0209224
-1 -1
LEAF 550 9
65 classes
2 0.0122326
3 0.0133074
5 0.0646439
7 0.0107813
15 0.0421255
20 0.0308784
22 0.0402592
23 0.0145893
24 0.554603
28 0.150259
47 0.0126209
54 0.0466004
61 0.00709928
-1 -1
NODE 546 8
2dots_tau0
0 3 11 1 -9
547 548 
LEAF 547 9
65 classes
1 0.100245
9 0.100245
14 0.133039
15 0.0987515
22 0.0755011
24 0.0212263
44 0.0274234
45 0.149115
51 0.0732751
53 0.0373955
54 0.0218483
59 0.161935
-1 -1
LEAF 548 9
65 classes
3 0.0552642
5 0.107383
7 0.13432
14 0.0491009
15 0.131207
22 0.222922
44 0.0303635
47 0.0524132
51 0.0973573
53 0.0414048
54 0.0483815
59 0.0298827
-1 -1
NODE 538 7
2dots_tau0
0 -14 -2 14 -6
539 540 
NODE 539 8
2dots_tau0
0 -1 -14 -7 -10
543 544 
LEAF 543 9
65 classes
20 0.585235
23 0.414765
-1 -1
LEAF 544 9
65 classes
4 0.145869
20 0.660894
45 0.121557
51 0.07168
-1 -1
NODE 540 8
2dots_tau0
0 -9 -10 15 -6
541 542 
LEAF 541 9
65 classes
20 1
-1 -1
LEAF 542 9
65 classes
1 0.11646
7 0.0704679
9 0.203804
14 0.180318
16 0.0263473
20 0.0448502
23 0.031786
28 0.0272809
45 0.0577446
48 0.0821662
50 0.0249257
54 0.0507645
55 0.015893
61 0.0154673
62 0.0292996
63 0.0224251
-1 -1
NODE 522 6
2dots_tau0
0 0 9 -14 14
523 524 
NODE 523 7
2dots_tau0
0 0 0 4 -1
531 532 
NODE 531 8
2dots_tau0
0 8 -11 5 -12
535 536 
LEAF 535 9
65 classes
1 0.0433205
5 0.0419117
11 0.0484051
15 0.10242
18 0.0377666
20 0.333666
24 0.110074
40 0.0404325
47 0.163655
49 0.023014
53 0.0323206
61 0.023014
-1 -1
LEAF 536 9
65 classes
5 0.0679651
7 0.028338
15 0.110725
16 0.031786
18 0.0306216
20 0.378757
24 0.148749
27 0.0333056
28 0.0329122
47 0.0995204
49 0.0373201
-1 -1
NODE 532 8
2dots_tau0
0 10 6 5 1
533 534 
LEAF 533 9
65 classes
4 0.142043
11 0.133373
13 0.135279
20 0.137905
22 0.0599336
28 0.0559223
40 0.222812
47 0.112732
-1 -1
LEAF 534 9
65 classes
3 0.0420444
6 0.223303
13 0.0957011
16 0.0382077
20 0.195119
22 0.127198
24 0.0357602
28 0.197807
49 0.0448599
-1 -1
NODE 524 7
2dots_tau0
0 -6 11 -1 -3
525 526 
NODE 525 8
2dots_tau0
0 2 5 7 4
529 530 
LEAF 529 9
65 classes
7 0.10221
14 0.0373632
15 0.232963
22 0.084816
24 0.0715352
28 0.237418
39 0.0651233
40 0.0394145
47 0.0797674
51 0.0493891
-1 -1
LEAF 530 9
65 classes
1 0.097071
3 0.128886
7 0.391575
15 0.0509998
22 0.0324935
23 0.0353255
28 0.121275
40 0.0603997
47 0.0305594
51 0.0189213
52 0.0324935
-1 -1
NODE 526 8
2dots_tau0
0 10 -8 4 0
527 528 
LEAF 527 9
65 classes
7 0.193592
14 0.0707678
15 0.0630349
19 0.077071
28 0.374735
39 0.0411156
51 0.0935456
59 0.0861382
-1 -1
LEAF 528 9
65 classes
6 0.044299
7 0.0675748
15 0.277236
16 0.0151594
18 0.0146041
19 0.0161413
20 0.0387079
22 0.0168224
28 0.423806
39 0.00861104
47 0.0316422
51 0.0195917
63 0.0258052
-1 -1
NODE 2 1
2dots_tau0
0 15 -5 -4 -4
3 4 
NODE 3 2
2dots_tau0
0 -9 -10 6 8
259 260 
NODE 259 3
2dots_tau0
0 10 -14 5 10
387 388 
NODE 387 4
2dots_tau0
0 -3 10 0 -11
451 452 
NODE 451 5
2dots_tau0
0 1 15 -13 -10
483 484 
NODE 483 6
2dots_tau0
0 8 -1 0 5
499 500 
NODE 499 7
2dots_tau0
0 -4 -9 -12 4
507 508 
NODE 507 8
2dots_tau0
0 -1 0 -5 13
511 512 
LEAF 511 9
65 classes
20 0.211777
30 0.148052
37 0.264935
51 0.160784
56 0.140427
59 0.074026
-1 -1
LEAF 512 9
65 classes
1 0.0447482
14 0.0395914
42 0.779868
45 0.0443753
56 0.0914169
-1 -1
NODE 508 8
2dots_tau0
0 -13 9 9 11
509 510 
LEAF 509 9
65 classes
14 0.11137
16 0.0189852
20 0.0646357
22 0.021068
42 0.114259
47 0.35665
48 0.118414
49 0.0111453
53 0.172176
59 0.0112966
-1 -1
LEAF 510 9
65 classes
15 0.0312178
19 0.0763383
30 0.0213298
37 0.114507
42 0.0215739
44 0.0433461
48 0.037264
49 0.0420883
51 0.0231641
52 0.0397797
53 0.443313
59 0.0639895
61 0.0420883
-1 -1
NODE 500 7
2dots_tau0
0 14 2 10 -4
501 502 
NODE 501 8
2dots_tau0
0 0 -7 -10 -10
505 506 
LEAF 505 9
65 classes
14 0.233023
44 0.288198
48 0.24776
51 0.231019
-1 -1
LEAF 506 9
65 classes
5 0.107677
7 0.0897913
14 0.09847
44 0.121786
51 0.260329
53 0.0830358
59 0.179786
61 0.059126
-1 -1
NODE 502 8
2dots_tau0
0 14 5 3 3
503 504 
LEAF 503 9
65 classes
30 0.364029
48 0.635971
-1 -1
LEAF 504 9
65 classes
5 0.782493
7 0.217507
-1 -1
NODE 484 6
2dots_tau0
0 -6 -5 -6 -4
485 486 
NODE 485 7
2dots_tau0
0 0 15 -15 -11
493 494 
NODE 493 8
2dots_tau0
0 -3 -7 0 11
497 498 
LEAF 497 9
65 classes
59 1
-1 -1
LEAF 498 9
65 classes
14 0.533251
22 0.302625
42 0.164124
-1 -1
NODE 494 8
2dots_tau0
0 5 -7 1 -10
495 496 
LEAF 495 9
65 classes
0 0.0228311
2 0.0228311
7 0.0603671
10 0.0182089
14 0.331009
15 0.0196559
19 0.0480656
22 0.150281
30 0.0134301
51 0.189605
53 0.0558254
55 0.0544596
59 0.0134301
-1 -1
LEAF 496 9
65 classes
5 0.0218025
7 0.18181
14 0.219321
15 0.0177596
22 0.203674
23 0.270631
30 0.0121344
48 0.0211992
51 0.0395337
59 0.0121344
-1 -1
NODE 486 7
2dots_tau0
0 -7 -13 -15 10
487 488 
NODE 487 8
2dots_tau0
0 4 -7 1 10
491 492 
LEAF 491 9
65 classes
7 0.0665376
14 0.0729687
21 0.042951
22 0.248463
44 0.0451232
51 0.289365
53 0.0615316
56 0.0842429
59 0.0888171
-1 -1
LEAF 492 9
65 classes
7 0.100708
14 0.110442
44 0.204889
51 0.58396
-1 -1
NODE 488 8
2dots_tau0
0 0 -2 4 9
489 490 
LEAF 489 9
65 classes
2 0.0436497
7 0.115413
14 0.210947
19 0.0459471
22 0.383086
47 0.0450354
49 0.0253324
51 0.0278844
59 0.102705
-1 -1
LEAF 490 9
65 classes
7 0.413463
14 0.151142
40 0.15944
59 0.275954
-1 -1
NODE 452 5
2dots_tau0
0 7 -3 -4 -4
453 454 
NODE 453 6
2dots_tau0
0 7 12 0 13
469 470 
NODE 469 7
2dots_tau0
0 -15 12 7 -1
477 478 
NODE 477 8
2dots_tau0
0 -8 0 4 8
481 482 
LEAF 481 9
65 classes
1 0.0189301
4 0.0450537
5 0.036629
7 0.0916346
14 0.284726
17 0.136011
22 0.03802
23 0.0206668
30 0.0101931
47 0.0178784
51 0.0664182
52 0.13307
55 0.0620005
59 0.0101931
62 0.0285753
-1 -1
LEAF 482 9
65 classes
1 0.101424
4 0.120694
5 0.065417
11 0.037776
19 0.0325761
22 0.0339506
23 0.332186
28 0.0316783
30 0.0182043
44 0.0369945
45 0.0335262
51 0.0197698
52 0.135802
-1 -1
NODE 478 8
2dots_tau0
0 10 -2 15 15
479 480 
LEAF 479 9
65 classes
1 0.00498874
4 0.0563977
5 0.00241325
7 0.00804963
10 0.00728418
11 0.0250842
13 0.124386
14 0.00441383
17 0.0672068
20 0.00192123
21 0.0142894
22 0.0100196
23 0.0571875
24 0.00211267
28 0.00233725
30 0.00671561
37 0.00240348
39 0.0012822
40 0.00232808
42 0.0339623
44 0.00545895
45 0.00247358
46 0.316619
47 0.0259137
49 0.0516803
50 0.00213547
51 0.00437587
52 0.0676322
53 0.001861
55 0.0285937
56 0.0203832
58 0.0329811
59 0.00134312
62 0.00376529
-1 -1
LEAF 480 9
65 classes
3 0.0151336
4 0.0361693
5 0.00735149
7 0.0122608
11 0.00849046
13 0.0602822
14 0.00672293
17 0.0614196
19 0.00732173
21 0.110803
22 0.0534146
23 0.0248872
28 0.00711995
35 0.00412892
39 0.00390598
42 0.00413837
45 0.00753528
47 0.0645881
52 0.00763066
55 0.385751
56 0.0931399
59 0.00409156
61 0.00403676
62 0.0038234
63 0.00585265
-1 -1
NODE 470 7
2dots_tau0
0 7 10 -5 -9
471 472 
NODE 471 8
2dots_tau0
0 11 -6 -3 1
475 476 
LEAF 475 9
65 classes
4 0.0297578
5 0.0483867
14 0.0110624
20 0.0192607
21 0.0260463
22 0.364125
23 0.0409512
28 0.0234314
30 0.0201976
37 0.0120477
39 0.00642718
42 0.0544766
47 0.165321
49 0.0199271
51 0.0438691
53 0.0466424
55 0.0614267
61 0.00664238
-1 -1
LEAF 476 9
65 classes
7 0.0794046
22 0.494185
28 0.0922219
30 0.105993
37 0.0948355
51 0.0575537
63 0.075807
-1 -1
NODE 472 8
2dots_tau0
0 -12 13 -9 -14
473 474 
LEAF 473 9
65 classes
4 0.0174497
11 0.00819235
14 0.123251
17 0.00658479
20 0.0903544
23 0.120067
30 0.0157916
40 0.013686
42 0.371355
47 0.110792
49 0.0701104
51 0.021437
53 0.0109403
54 0.00639183
55 0.00400223
59 0.0039479
63 0.00564715
-1 -1
LEAF 474 9
65 classes
0 0.00684571
1 0.029914
4 0.0266983
5 0.0144706
6 0.00659217
13 0.101708
14 0.01985
20 0.0115203
21 0.128526
22 0.00751006
23 0.146963
30 0.0161076
39 0.00768849
42 0.395077
49 0.00794591
51 0.0349854
52 0.00751006
55 0.0122469
59 0.0120807
63 0.00576014
-1 -1
NODE 454 6
2dots_tau0
0 -14 -13 0 -4
455 456 
NODE 455 7
2dots_tau0
0 11 -8 7 14
463 464 
NODE 463 8
2dots_tau0
0 0 -8 5 10
467 468 
LEAF 467 9
65 classes
1 0.0595038
4 0.0354048
7 0.0240032
10 0.0217207
14 0.184263
21 0.0774722
30 0.0160203
42 0.0972214
48 0.027988
51 0.156581
52 0.23902
62 0.0149703
63 0.0458314
-1 -1
LEAF 468 9
65 classes
14 0.35248
30 0.107259
51 0.232966
52 0.200036
59 0.107259
-1 -1
NODE 464 8
2dots_tau0
0 5 -13 7 0
465 466 
LEAF 465 9
65 classes
7 0.359785
19 0.143234
51 0.347703
52 0.149278
-1 -1
LEAF 466 9
65 classes
51 1
-1 -1
NODE 456 7
2dots_tau0
0 -10 -9 4 14
457 458 
NODE 457 8
2dots_tau0
0 9 1 13 15
461 462 
LEAF 461 9
65 classes
10 0.0829567
11 0.0317416
17 0.0255131
19 0.0547447
21 0.458621
39 0.146025
42 0.154713
49 0.0150914
59 0.0305926
-1 -1
LEAF 462 9
65 classes
11 0.0670726
14 0.371767
21 0.187569
30 0.0323223
42 0.0653843
51 0.0702038
61 0.159447
63 0.0462345
-1 -1
NODE 458 8
2dots_tau0
0 -1 6 3 1
459 460 
LEAF 459 9
65 classes
30 0.734215
51 0.265785
-1 -1
LEAF 460 9
65 classes
21 0.0573968
27 0.104503
28 0.103269
42 0.240094
49 0.234199
61 0.175649
63 0.0848878
-1 -1
NODE 388 4
2dots_tau0
0 -14 7 -2 9
389 390 
NODE 389 5
2dots_tau0
0 13 10 -14 1
421 422 
NODE 421 6
2dots_tau0
0 -7 15 -14 -7
437 438 
NODE 437 7
2dots_tau0
0 10 -7 2 9
445 446 
NODE 445 8
2dots_tau0
0 -2 -4 4 -13
449 450 
LEAF 449 9
65 classes
2 0.184953
7 0.815047
-1 -1
LEAF 450 9
65 classes
7 0.483961
22 0.172114
28 0.0535315
44 0.0156287
47 0.107913
53 0.0639358
56 0.0875344
59 0.0153812
-1 -1
NODE 446 8
2dots_tau0
0 -15 4 -14 6
447 448 
LEAF 447 9
65 classes
7 0.331705
22 0.412881
47 0.0970763
63 0.158338
-1 -1
LEAF 448 9
65 classes
7 0.449451
14 0.246446
42 0.151703
44 0.1524
-1 -1
NODE 438 7
2dots_tau0
0 9 -11 -6 12
439 440 
NODE 439 8
2dots_tau0
0 10 -6 -2 -7
443 444 
LEAF 443 9
65 classes
3 0.0687396
5 0.133567
7 0.0556907
22 0.138639
45 0.0684532
52 0.0693197
55 0.113042
56 0.352549
-1 -1
LEAF 444 9
65 classes
3 0.104899
7 0.594901
45 0.104462
51 0.0615991
62 0.0530039
63 0.0811354
-1 -1
NODE 440 8
2dots_tau0
0 5 -11 -8 9
441 442 
LEAF 441 9
65 classes
7 0.134146
44 0.0909724
56 0.339682
59 0.179063
63 0.256136
-1 -1
LEAF 442 9
65 classes
7 0.502678
14 0.413448
59 0.0838744
-1 -1
NODE 422 6
2dots_tau0
0 -9 7 3 -10
423 424 
NODE 423 7
2dots_tau0
0 0 -10 15 -1
431 432 
NODE 431 8
2dots_tau0
0 2 14 -7 13
435 436 
LEAF 435 9
65 classes
1 0.514286
47 0.485714
-1 -1
LEAF 436 9
65 classes
0 0.53125
30 0.46875
-1 -1
NODE 432 8
2dots_tau0
0 0 0 5 14
433 434 
LEAF 433 9
65 classes
7 0.524939
15 0.320482
19 0.078369
28 0.0762092
-1 -1
LEAF 434 9
65 classes
0 0.124211
7 0.875789
-1 -1
NODE 424 7
2dots_tau0
0 -11 -9 13 -5
425 426 
NODE 425 8
2dots_tau0
0 0 3 9 -5
429 430 
LEAF 429 9
65 classes
5 0.276939
22 0.287456
28 0.268217
51 0.167388
-1 -1
LEAF 430 9
65 classes
5 0.18261
19 0.363742
28 0.265288
45 0.0935877
52 0.0947724
-1 -1
NODE 426 8
2dots_tau0
0 8 -12 -9 4
427 428 
LEAF 427 9
65 classes
1 0.110294
5 0.213415
19 0.0531377
28 0.31004
47 0.15625
53 0.0411442
56 0.0563305
59 0.0593892
-1 -1
LEAF 428 9
65 classes
15 0.0419292
19 0.102531
28 0.249264
47 0.552734
62 0.0535417
-1 -1
NODE 390 5
2dots_tau0
0 -3 13 9 10
391 392 
NODE 391 6
2dots_tau0
0 6 -6 -3 -14
407 408 
NODE 407 7
2dots_tau0
0 15 7 5 -9
415 416 
NODE 415 8
2dots_tau0
0 -11 -2 15 0
419 420 
LEAF 419 9
65 classes
48 1
-1 -1
LEAF 420 9
65 classes
22 0.183811
28 0.171509
48 0.172187
56 0.373934
59 0.0985594
-1 -1
NODE 416 8
2dots_tau0
0 -9 -10 9 0
417 418 
LEAF 417 9
65 classes
5 0.550871
35 0.103131
53 0.141603
59 0.204395
-1 -1
LEAF 418 9
65 classes
47 0.256863
48 0.255848
56 0.277809
63 0.20948
-1 -1
NODE 408 7
2dots_tau0
0 -6 0 -12 -15
409 410 
NODE 409 8
2dots_tau0
0 -4 14 -12 -12
413 414 
LEAF 413 9
65 classes
35 0.530043
37 0.469957
-1 -1
LEAF 414 9
65 classes
27 1
-1 -1
NODE 410 8
2dots_tau0
0 -9 -2 -10 -6
411 412 
LEAF 411 9
65 classes
3 1
-1 -1
LEAF 412 9
65 classes
42 0.0714196
45 0.130043
53 0.293515
63 0.505022
-1 -1
NODE 392 6
2dots_tau0
0 -12 9 12 -11
393 394 
NODE 393 7
2dots_tau0
0 0 13 -11 -6
401 402 
NODE 401 8
2dots_tau0
0 -13 5 3 6
405 406 
LEAF 405 9
65 classes
5 1
-1 -1
LEAF 406 9
65 classes
56 1
-1 -1
NODE 402 8
2dots_tau0
0 -4 10 -1 -5
403 404 
LEAF 403 9
65 classes
1 0.331425
3 0.330038
56 0.338537
-1 -1
LEAF 404 9
65 classes
3 0.429005
19 0.13837
22 0.432625
-1 -1
NODE 394 7
2dots_tau0
0 8 -10 9 -14
395 396 
NODE 395 8
2dots_tau0
0 12 15 -4 7
399 400 
LEAF 399 9
65 classes
5 0.0441674
7 0.0368311
11 0.0510102
13 0.0517389
45 0.0452715
48 0.128836
53 0.0340601
56 0.55958
61 0.0485052
-1 -1
LEAF 400 9
65 classes
0 0.242463
19 0.255224
27 0.502313
-1 -1
NODE 396 8
2dots_tau0
0 12 -8 -2 -9
397 398 
LEAF 397 9
65 classes
35 1
-1 -1
LEAF 398 9
65 classes
19 0.353542
45 0.363853
63 0.282605
-1 -1
NODE 260 3
2dots_tau0
0 -1 15 -1 10
261 262 
NODE 261 4
2dots_tau0
0 10 11 -9 13
325 326 
NODE 325 5
2dots_tau0
0 1 11 -15 7
357 358 
NODE 357 6
2dots_tau0
0 1 15 12 6
373 374 
NODE 373 7
2dots_tau0
0 13 10 13 -2
381 382 
NODE 381 8
2dots_tau0
0 12 1 -11 7
385 386 
LEAF 385 9
65 classes
1 0.00996882
2 0.0638771
4 0.0118629
5 0.0482231
11 0.0556943
15 0.00785622
16 0.0180424
17 0.0179063
21 0.0207665
27 0.07562
32 0.00529593
35 0.0162505
37 0.230534
39 0.00512436
40 0.00930423
42 0.0108585
45 0.00988574
48 0.150044
50 0.0426723
52 0.0100109
53 0.0446253
56 0.11201
61 0.0158878
63 0.00767825
-1 -1
LEAF 386 9
65 classes
2 0.0326747
5 0.310808
18 0.0622375
19 0.0343944
28 0.0334465
45 0.0353976
47 0.16856
48 0.0335787
49 0.037926
53 0.213051
61 0.037926
-1 -1
NODE 382 8
2dots_tau0
0 4 -11 -7 -4
383 384 
LEAF 383 9
65 classes
3 0.00696093
4 0.0166366
5 0.00676285
6 0.00616171
9 0.0209705
11 0.0781062
12 0.0302484
13 0.0079222
15 0.00550881
16 0.0948856
17 0.00627797
18 0.012188
19 0.00673547
21 0.0400444
27 0.0596532
28 0.00654985
30 0.0150558
32 0.0148541
33 0.00620769
35 0.0189916
37 0.249212
39 0.00718644
40 0.00652416
45 0.0485235
48 0.0328787
49 0.0334218
50 0.0359064
51 0.0204381
52 0.042118
53 0.020861
54 0.006094
56 0.00714018
59 0.00376394
61 0.0111406
62 0.014069
-1 -1
LEAF 384 9
65 classes
5 0.327372
18 0.294995
32 0.179762
51 0.197871
-1 -1
NODE 374 7
2dots_tau0
0 3 -1 4 14
375 376 
NODE 375 8
2dots_tau0
0 -1 -3 3 -15
379 380 
LEAF 379 9
65 classes
2 0.0287549
11 0.0526499
16 0.0426404
19 0.0151342
21 0.00817974
32 0.0250322
39 0.0242212
44 0.00859343
46 0.747628
50 0.0134466
55 0.00857372
59 0.00845733
61 0.0166881
-1 -1
LEAF 380 9
65 classes
2 0.0490862
4 0.0574308
5 0.0155639
11 0.0778926
13 0.0303867
16 0.00485263
18 0.00467487
21 0.0223412
23 0.0292716
27 0.0101692
30 0.0230994
32 0.0655213
35 0.00582758
39 0.0744244
40 0.00500487
44 0.00880166
46 0.340331
50 0.00918159
51 0.0156786
52 0.00538498
54 0.0186995
56 0.038342
58 0.0709023
59 0.00288742
61 0.0142438
-1 -1
NODE 376 8
2dots_tau0
0 -4 7 7 -14
377 378 
LEAF 377 9
65 classes
4 0.146616
9 0.0205344
11 0.0917784
12 0.0222145
18 0.0358036
21 0.0534704
23 0.0224183
30 0.0773991
39 0.168888
45 0.0407267
51 0.0480314
52 0.103105
56 0.0839004
59 0.011057
61 0.0327268
62 0.0413294
-1 -1
LEAF 378 9
65 classes
1 0.0453091
2 0.00345627
3 0.0112799
4 0.0584109
7 0.0030462
9 0.0188788
11 0.109692
12 0.012254
13 0.00427919
17 0.00678211
21 0.0648901
23 0.0206108
27 0.0143208
30 0.201277
37 0.0472963
39 0.0562857
40 0.0528606
44 0.0268556
45 0.02621
48 0.00710379
50 0.0129299
51 0.0220794
52 0.0379169
55 0.00206108
56 0.0887059
59 0.0020331
61 0.0260763
62 0.0170987
-1 -1
NODE 358 6
2dots_tau0
0 -14 -13 14 4
359 360 
NODE 359 7
2dots_tau0
0 -8 13 -9 3
367 368 
NODE 367 8
2dots_tau0
0 -11 9 8 -4
371 372 
LEAF 371 9
65 classes
2 0.256373
5 0.180642
16 0.0844829
17 0.0838453
22 0.0937511
24 0.158142
47 0.0881707
51 0.0545922
-1 -1
LEAF 372 9
65 classes
2 0.193744
6 0.0248758
7 0.0227677
14 0.0124841
16 0.0127689
17 0.329487
22 0.127528
28 0.0264428
30 0.00759781
37 0.0271922
40 0.0131695
42 0.00768474
44 0.00772007
47 0.106611
52 0.0141698
53 0.0210547
56 0.014413
59 0.0227934
61 0.00749605
-1 -1
NODE 368 8
2dots_tau0
0 -2 6 -4 -2
369 370 
LEAF 369 9
65 classes
2 0.0701894
5 0.0741839
14 0.0678411
17 0.206595
22 0.154002
28 0.28739
49 0.0407349
53 0.0572077
55 0.0418561
-1 -1
LEAF 370 9
65 classes
1 0.149298
17 0.268174
28 0.139894
42 0.0813113
47 0.282008
49 0.0793148
-1 -1
NODE 360 7
2dots_tau0
0 -12 -8 -2 15
361 362 
NODE 361 8
2dots_tau0
0 12 12 8 -4
365 366 
LEAF 365 9
65 classes
1 0.0251173
2 0.0459839
4 0.0597791
5 0.0243004
7 0.0506602
14 0.0444454
17 0.462442
19 0.012101
30 0.040574
44 0.00687116
49 0.00667177
51 0.00734387
55 0.123397
56 0.0769688
61 0.0133435
-1 -1
LEAF 366 9
65 classes
4 0.110117
6 0.0699156
7 0.0533254
17 0.510516
22 0.0265502
28 0.0123866
37 0.0254753
39 0.0135905
42 0.0215986
44 0.00723264
49 0.0140455
55 0.108241
56 0.027006
-1 -1
NODE 362 8
2dots_tau0
0 15 5 -11 5
363 364 
LEAF 363 9
65 classes
1 0.124714
2 0.142701
4 0.0519433
5 0.0120658
6 0.00549665
9 0.0124714
11 0.0139352
13 0.00706712
14 0.00551708
16 0.0169288
18 0.0326175
22 0.018786
28 0.0292145
30 0.0503652
37 0.00600848
40 0.0174599
42 0.0101883
44 0.047764
47 0.00588927
49 0.0331271
51 0.0401107
53 0.00930467
54 0.0163087
55 0.00340389
56 0.159238
61 0.12257
63 0.0048029
-1 -1
LEAF 364 9
65 classes
1 0.107325
9 0.107325
19 0.051707
22 0.0538888
30 0.0288951
37 0.051707
45 0.0532152
47 0.101362
48 0.0504808
49 0.0570162
51 0.0627599
53 0.0400365
56 0.164442
61 0.0285081
63 0.0413322
-1 -1
NODE 326 5
2dots_tau0
0 0 0 -10 -1
327 328 
NODE 327 6
2dots_tau0
0 -14 11 5 -8
343 344 
NODE 343 7
2dots_tau0
0 9 -13 7 1
351 352 
NODE 351 8
2dots_tau0
0 -3 15 2 8
355 356 
LEAF 355 9
65 classes
1 0.140046
7 0.0225973
14 0.223033
19 0.107955
22 0.0281275
23 0.0305789
30 0.0301638
42 0.0915269
45 0.0555517
47 0.0264532
48 0.184441
51 0.0163789
63 0.043147
-1 -1
LEAF 356 9
65 classes
5 0.264945
7 0.110469
22 0.550013
42 0.0745727
-1 -1
NODE 352 8
2dots_tau0
0 -5 4 -15 -11
353 354 
LEAF 353 9
65 classes
10 0.306107
21 0.145574
27 0.132524
45 0.415795
-1 -1
LEAF 354 9
65 classes
5 0.0393261
14 0.0719273
22 0.449015
42 0.332067
48 0.038238
51 0.0475392
59 0.0218874
-1 -1
NODE 344 7
2dots_tau0
0 -15 15 -11 2
345 346 
NODE 345 8
2dots_tau0
0 -5 8 0 4
349 350 
LEAF 349 9
65 classes
1 0.147955
2 0.0225726
9 0.0246591
40 0.0230152
42 0.0134299
45 0.0244537
47 0.186314
49 0.0524007
53 0.441546
56 0.0503766
59 0.013278
-1 -1
LEAF 350 9
65 classes
1 0.0499081
2 0.0913702
5 0.0120713
9 0.012477
10 0.00910899
20 0.00961014
27 0.0236616
28 0.0350732
30 0.0067184
32 0.00662842
37 0.0480896
40 0.0698714
42 0.0475669
45 0.0371192
47 0.0117839
49 0.132568
53 0.186178
54 0.0108774
55 0.0681085
62 0.00627808
63 0.124932
-1 -1
NODE 346 8
2dots_tau0
0 -7 4 -11 6
347 348 
LEAF 347 9
65 classes
9 0.0937647
27 0.0889084
30 0.0504887
37 0.0903482
42 0.0510664
47 0.177111
49 0.448313
-1 -1
LEAF 348 9
65 classes
4 0.0402134
9 0.101378
22 0.0339354
27 0.0320426
30 0.0181961
35 0.0183623
37 0.0651229
45 0.268089
47 0.0638308
48 0.0317893
49 0.0897621
52 0.0678707
54 0.0294604
56 0.103554
59 0.0363922
-1 -1
NODE 328 6
2dots_tau0
0 -13 -3 -9 8
329 330 
NODE 329 7
2dots_tau0
0 5 14 2 11
337 338 
NODE 337 8
2dots_tau0
0 -9 12 -4 5
341 342 
LEAF 341 9
65 classes
2 0.0546339
7 0.144456
9 0.119368
48 0.112291
51 0.0349012
53 0.53435
-1 -1
LEAF 342 9
65 classes
53 1
-1 -1
NODE 338 8
2dots_tau0
0 3 -13 4 -6
339 340 
LEAF 339 9
65 classes
4 0.114969
5 0.186942
30 0.0520224
40 0.0901721
49 0.0513257
53 0.504568
-1 -1
LEAF 340 9
65 classes
53 1
-1 -1
NODE 330 7
2dots_tau0
0 13 -3 8 -14
331 332 
NODE 331 8
2dots_tau0
0 -13 -13 0 7
335 336 
LEAF 335 9
65 classes
5 0.0609582
7 0.35583
14 0.111492
40 0.0588067
51 0.0368445
53 0.376068
-1 -1
LEAF 336 9
65 classes
3 0.0703056
5 0.0341525
9 0.282404
10 0.0257715
40 0.197683
44 0.0193138
45 0.0700126
52 0.177247
53 0.105348
62 0.0177622
-1 -1
NODE 332 8
2dots_tau0
0 -15 14 -10 4
333 334 
LEAF 333 9
65 classes
3 0.0578047
53 0.822856
56 0.0592933
61 0.0308378
62 0.0292079
-1 -1
LEAF 334 9
65 classes
2 0.0845398
5 0.357404
52 0.46372
56 0.0943362
-1 -1
NODE 262 4
2dots_tau0
0 6 -1 6 1
263 264 
NODE 263 5
2dots_tau0
0 -9 0 -1 -10
295 296 
NODE 295 6
2dots_tau0
0 7 -8 7 2
311 312 
NODE 311 7
2dots_tau0
0 -9 0 -9 -9
319 320 
NODE 319 8
2dots_tau0
0 -14 -1 7 -8
323 324 
LEAF 323 9
65 classes
0 0.0930429
5 0.098338
19 0.0979398
22 0.204145
30 0.164193
47 0.191993
48 0.0956172
59 0.0547311
-1 -1
LEAF 324 9
65 classes
0 0.0478385
1 0.0174202
2 0.183381
4 0.010365
5 0.00842683
9 0.113231
14 0.00770632
16 0.0236464
19 0.0503563
21 0.00907221
22 0.0262405
23 0.0285275
30 0.0891109
32 0.00925447
37 0.0167854
40 0.0325177
44 0.00953104
45 0.0777375
47 0.0987143
48 0.0573558
51 0.00509337
52 0.00874684
53 0.045489
55 0.00475459
59 0.0140701
61 0.00462723
-1 -1
NODE 320 8
2dots_tau0
0 -15 -6 2 -1
321 322 
LEAF 321 9
65 classes
4 0.431772
42 0.197608
56 0.37062
-1 -1
LEAF 322 9
65 classes
2 0.330194
30 0.116539
37 0.0695145
47 0.13627
48 0.0678659
53 0.161474
55 0.118143
-1 -1
NODE 312 7
2dots_tau0
0 10 -4 -11 13
313 314 
NODE 313 8
2dots_tau0
0 13 0 9 -3
317 318 
LEAF 317 9
65 classes
0 0.0455231
4 0.0591801
19 0.0479191
22 0.049941
23 0.162881
30 0.0267783
35 0.0810686
37 0.0479191
44 0.136046
51 0.0581622
52 0.0998819
55 0.0271468
56 0.0507983
59 0.0803349
61 0.0264197
-1 -1
LEAF 318 9
65 classes
3 0.0848047
6 0.150136
19 0.082058
44 0.0465938
45 0.0844513
53 0.063537
55 0.046487
56 0.260965
61 0.180967
-1 -1
NODE 314 8
2dots_tau0
0 -12 -15 0 3
315 316 
LEAF 315 9
65 classes
0 0.12922
5 0.136573
14 0.249792
22 0.14176
47 0.266643
59 0.0760115
-1 -1
LEAF 316 9
65 classes
0 0.309684
19 0.325983
59 0.364334
-1 -1
NODE 296 6
2dots_tau0
0 -11 0 -8 -6
297 298 
NODE 297 7
2dots_tau0
0 -10 8 -6 6
305 306 
NODE 305 8
2dots_tau0
0 3 -9 14 -10
309 310 
LEAF 309 9
65 classes
0 0.008488
2 0.135808
4 0.0331032
5 0.0717685
6 0.0817363
9 0.00927261
13 0.010509
16 0.0839118
17 0.0249835
18 0.0161676
22 0.0279352
27 0.00879235
28 0.0434425
37 0.116152
39 0.00476648
40 0.0259633
45 0.00919533
47 0.0613022
48 0.0697828
49 0.0147782
54 0.00808381
55 0.0961714
56 0.0378864
-1 -1
LEAF 310 9
65 classes
0 0.0356793
2 0.0237862
4 0.0463831
5 0.0125699
6 0.0916209
9 0.0129925
11 0.0290348
13 0.0147248
14 0.0114952
16 0.0352723
17 0.0700122
22 0.156567
23 0.0283688
30 0.00699594
35 0.0141197
37 0.0250381
39 0.0200359
44 0.0213255
48 0.0488886
49 0.0345112
51 0.00759755
55 0.184397
56 0.0132713
59 0.00699594
61 0.0483157
-1 -1
NODE 306 8
2dots_tau0
0 4 -3 -8 -6
307 308 
LEAF 307 9
65 classes
2 0.281741
4 0.0224243
9 0.0502505
11 0.0701856
12 0.0407714
16 0.0909477
21 0.0261699
27 0.017868
30 0.0202935
32 0.130141
35 0.00341313
37 0.0907866
39 0.019373
42 0.0102628
44 0.01031
47 0.00593235
48 0.0295445
49 0.0500542
50 0.00537753
51 0.0036731
55 0.0137152
59 0.00676449
-1 -1
LEAF 308 9
65 classes
61 1
-1 -1
NODE 298 7
2dots_tau0
0 15 0 15 -10
299 300 
NODE 299 8
2dots_tau0
0 10 1 -11 15
303 304 
LEAF 303 9
65 classes
2 0.0249317
3 0.0090408
4 0.0648225
6 0.00800278
11 0.0912993
12 0.098216
13 0.0308679
16 0.0246474
21 0.0803781
32 0.00482311
33 0.0080625
35 0.00986644
37 0.113724
39 0.140005
42 0.0296671
44 0.00496724
48 0.0683242
50 0.0777249
51 0.00530897
52 0.00911709
54 0.00791484
55 0.00495585
56 0.0185472
59 0.00488858
61 0.00964621
62 0.05025
-1 -1
LEAF 304 9
65 classes
18 0.366495
35 0.228432
37 0.405073
-1 -1
NODE 300 8
2dots_tau0
0 -6 6 10 -1
301 302 
LEAF 301 9
65 classes
2 0.0580516
12 0.343032
21 0.0330272
35 0.0344599
42 0.0690775
47 0.299473
50 0.162879
-1 -1
LEAF 302 9
65 classes
2 0.0367097
6 0.03535
9 0.0080206
11 0.0537719
12 0.112799
13 0.00909001
16 0.362909
20 0.018533
21 0.11278
30 0.0345503
32 0.00426094
35 0.00435822
37 0.0154567
39 0.0453519
40 0.0149718
42 0.0393138
45 0.00795376
47 0.00757501
50 0.0549324
55 0.00437822
59 0.00863757
61 0.00426094
62 0.00403573
-1 -1
NODE 264 5
2dots_tau0
0 -8 4 -5 -13
265 266 
NODE 265 6
2dots_tau0
0 13 15 10 12
281 282 
NODE 281 7
2dots_tau0
0 -8 7 13 10
289 290 
NODE 289 8
2dots_tau0
0 8 -11 8 13
293 294 
LEAF 293 9
65 classes
0 0.197452
1 0.107852
5 0.125214
19 0.0207845
21 0.0112336
22 0.0216614
23 0.0235494
27 0.0204532
35 0.0117209
40 0.0201324
48 0.0202915
49 0.0458371
50 0.0184668
53 0.0804665
54 0.26327
59 0.0116148
-1 -1
LEAF 294 9
65 classes
0 0.0755301
5 0.239486
12 0.178526
14 0.0730031
27 0.0782384
47 0.0779279
48 0.23286
59 0.0444295
-1 -1
NODE 290 8
2dots_tau0
0 -15 -15 1 0
291 292 
LEAF 291 9
65 classes
4 0.0612973
5 0.348846
14 0.0911483
22 0.0517276
23 0.056236
44 0.0281826
48 0.0484563
59 0.166418
61 0.0820946
62 0.0259185
63 0.0396746
-1 -1
LEAF 292 9
65 classes
1 0.00805589
2 0.14011
5 0.0935269
9 0.0241677
11 0.0270042
16 0.0218704
17 0.122997
18 0.0140462
19 0.00776235
21 0.0335633
22 0.0242696
30 0.130134
32 0.0171188
35 0.0043774
39 0.0372693
40 0.00751883
44 0.0176304
47 0.00760834
48 0.0151565
50 0.00689677
53 0.0240414
54 0.0280923
55 0.0747572
56 0.0164575
59 0.0260267
61 0.0385172
63 0.0310243
-1 -1
NODE 282 7
2dots_tau0
0 12 13 -15 4
283 284 
NODE 283 8
2dots_tau0
0 5 4 15 -11
287 288 
LEAF 287 9
65 classes
0 0.0371059
1 0.0202679
4 0.0482377
5 0.0588265
6 0.0178658
12 0.0219262
17 0.218435
18 0.0530085
20 0.0312218
30 0.0109135
33 0.0179991
37 0.0976472
39 0.0312555
44 0.0110891
48 0.0190663
54 0.141356
55 0.121701
59 0.0109135
61 0.0107673
62 0.0203965
-1 -1
LEAF 288 9
65 classes
1 0.0124461
2 0.0113929
5 0.0722478
9 0.0248921
17 0.0894237
19 0.0359777
21 0.00648175
30 0.0871224
32 0.0264479
33 0.0110528
35 0.00676292
37 0.0119926
44 0.0136191
45 0.0123423
48 0.351244
49 0.00661197
53 0.0185715
55 0.108703
59 0.0335086
61 0.0528957
62 0.0062625
-1 -1
NODE 284 8
2dots_tau0
0 2 1 -2 -10
285 286 
LEAF 285 9
65 classes
0 0.0181394
1 0.118897
2 0.0181394
3 0.0197333
5 0.11503
9 0.0594485
17 0.0177972
18 0.0518269
28 0.0185679
35 0.0215354
37 0.0572824
40 0.0739804
47 0.0187153
49 0.0842188
53 0.0443534
54 0.155481
55 0.0216342
59 0.0746918
61 0.0105273
-1 -1
LEAF 286 9
65 classes
0 0.166982
1 0.0912089
5 0.264728
18 0.159031
37 0.175771
56 0.0931662
59 0.0491125
-1 -1
NODE 266 6
2dots_tau0
0 -5 3 14 5
267 268 
NODE 267 7
2dots_tau0
0 9 4 -6 0
275 276 
NODE 275 8
2dots_tau0
0 -5 6 -4 -8
279 280 
LEAF 279 9
65 classes
6 0.121809
12 0.149493
18 0.0602352
20 0.0532175
22 0.0693848
30 0.0372041
33 0.122718
37 0.133151
49 0.0367058
53 0.0515492
54 0.0602352
62 0.104297
-1 -1
LEAF 280 9
65 classes
6 0.356832
33 0.0898737
37 0.19503
42 0.165351
54 0.0882277
61 0.0537637
62 0.0509221
-1 -1
NODE 276 8
2dots_tau0
0 10 13 -14 2
277 278 
LEAF 277 9
65 classes
27 0.238217
33 0.223106
35 0.409537
39 0.129141
-1 -1
LEAF 278 9
65 classes
-1 -1
NODE 268 7
2dots_tau0
0 -8 1 -8 15
269 270 
NODE 269 8
2dots_tau0
0 -3 0 -3 -14
273 274 
LEAF 273 9
65 classes
4 0.036583
6 0.0541971
11 0.0343503
12 0.0997719
16 0.0556396
17 0.0828295
21 0.176111
30 0.0165534
39 0.0632104
42 0.0502284
48 0.0289194
55 0.268499
59 0.0331068
-1 -1
LEAF 274 9
65 classes
2 0.0337291
4 0.0438478
6 0.0811997
10 0.0134503
11 0.102929
12 0.0398617
13 0.0626398
16 0.0166722
18 0.0321229
21 0.115137
23 0.0201137
30 0.00992032
33 0.0163611
35 0.0600655
37 0.0177522
39 0.179937
40 0.0171952
42 0.0401353
48 0.0519935
54 0.0160615
55 0.0100568
56 0.0188188
-1 -1
NODE 270 8
2dots_tau0
0 -13 0 -6 -3
271 272 
LEAF 271 9
65 classes
1 0.110538
2 0.0421604
4 0.0328851
5 0.0712956
6 0.0162396
9 0.018423
13 0.0104397
14 0.0162999
16 0.0166718
17 0.0579109
21 0.00479725
22 0.0370015
23 0.0201132
37 0.0177517
39 0.0331455
40 0.0257923
41 0.0100107
44 0.0251993
48 0.0519923
51 0.0107732
53 0.00687254
54 0.0562139
55 0.0754246
56 0.197593
59 0.0148801
61 0.0195745
-1 -1
LEAF 272 9
65 classes
1 0.0254839
2 0.0116638
4 0.0303259
5 0.0123276
6 0.0336954
11 0.0427125
12 0.0413535
18 0.0111084
21 0.0995378
22 0.0127957
23 0.0139109
30 0.0274442
33 0.0113156
35 0.00692371
37 0.0613884
39 0.104798
40 0.0832475
42 0.0485769
44 0.00697146
48 0.047946
49 0.00676917
50 0.0327258
54 0.155517
56 0.0390462
61 0.00676917
62 0.0256456
-1 -1
NODE 4 2
2dots_tau0
0 4 1 -2 -9
5 6 
NODE 5 3
2dots_tau0
0 15 -7 -11 11
133 134 
NODE 133 4
2dots_tau0
0 -8 13 -5 -14
197 198 
NODE 197 5
2dots_tau0
0 15 -1 7 4
229 230 
NODE 229 6
2dots_tau0
0 4 -15 -4 -3
245 246 
NODE 245 7
2dots_tau0
0 4 9 6 14
253 254 
NODE 253 8
2dots_tau0
0 6 0 -6 3
257 258 
LEAF 257 9
65 classes
32 1
-1 -1
LEAF 258 9
65 classes
51 0.520612
59 0.479388
-1 -1
NODE 254 8
2dots_tau0
0 -7 -10 8 -6
255 256 
LEAF 255 9
65 classes
-1 -1
LEAF 256 9
65 classes
19 0.266191
32 0.733809
-1 -1
NODE 246 7
2dots_tau0
0 -3 0 -13 9
247 248 
NODE 247 8
2dots_tau0
0 3 2 -13 -13
251 252 
LEAF 251 9
65 classes
32 0.340874
39 0.164915
63 0.494211
-1 -1
LEAF 252 9
65 classes
3 1
-1 -1
NODE 248 8
2dots_tau0
0 4 14 -13 14
249 250 
LEAF 249 9
65 classes
-1 -1
LEAF 250 9
65 classes
-1 -1
NODE 230 6
2dots_tau0
0 -14 7 -3 12
231 232 
NODE 231 7
2dots_tau0
0 13 -8 12 3
239 240 
NODE 239 8
2dots_tau0
0 3 12 -2 -10
243 244 
LEAF 243 9
65 classes
41 1
-1 -1
LEAF 244 9
65 classes
15 0.377152
61 0.254241
63 0.368608
-1 -1
NODE 240 8
2dots_tau0
0 -12 5 15 -11
241 242 
LEAF 241 9
65 classes
49 1
-1 -1
LEAF 242 9
65 classes
19 0.489669
22 0.510331
-1 -1
NODE 232 7
2dots_tau0
0 -4 2 15 -1
233 234 
NODE 233 8
2dots_tau0
0 -4 10 2 6
237 238 
LEAF 237 9
65 classes
0 0.0441934
12 0.104457
18 0.042089
19 0.0930388
32 0.564256
41 0.0524671
42 0.0262936
53 0.0360197
63 0.0371854
-1 -1
LEAF 238 9
65 classes
11 0.0385191
18 0.0300534
19 0.0332169
32 0.805806
41 0.0374638
49 0.0183138
61 0.0366275
-1 -1
NODE 234 8
2dots_tau0
0 -2 -13 -3 12
235 236 
LEAF 235 9
65 classes
2 0.632768
32 0.367232
-1 -1
LEAF 236 9
65 classes
12 0.286127
32 0.351272
40 0.123427
53 0.0986645
61 0.140509
-1 -1
NODE 198 5
2dots_tau0
0 7 -11 12 1
199 200 
NODE 199 6
2dots_tau0
0 13 -12 2 -12
215 216 
NODE 215 7
2dots_tau0
0 -4 -12 -8 -13
223 224 
NODE 223 8
2dots_tau0
0 -13 14 9 9
227 228 
LEAF 227 9
65 classes
13 0.468199
42 0.337489
48 0.194312
-1 -1
LEAF 228 9
65 classes
11 0.0982117
12 0.0950867
13 0.298844
21 0.228874
32 0.140083
49 0.0466944
55 0.0479796
62 0.0442264
-1 -1
NODE 224 8
2dots_tau0
0 14 -9 -7 3
225 226 
LEAF 225 9
65 classes
16 0.403892
21 0.116218
32 0.237106
51 0.130496
62 0.112287
-1 -1
LEAF 226 9
65 classes
41 1
-1 -1
NODE 216 7
2dots_tau0
0 9 0 6 6
217 218 
NODE 217 8
2dots_tau0
0 -2 -14 9 -12
221 222 
LEAF 221 9
65 classes
13 0.67479
18 0.0519069
32 0.0316308
35 0.032353
48 0.0560103
49 0.0316308
62 0.029959
63 0.0917191
-1 -1
LEAF 222 9
65 classes
13 0.254681
18 0.130606
32 0.139279
35 0.0101756
41 0.101756
48 0.0176163
49 0.00994848
50 0.0160321
52 0.0188056
55 0.0102223
58 0.247607
63 0.0432711
-1 -1
NODE 218 8
2dots_tau0
0 -7 -6 13 -10
219 220 
LEAF 219 9
65 classes
0 0.0261473
6 0.0251788
18 0.249022
32 0.0303495
35 0.0465636
41 0.496678
48 0.0806121
51 0.0167034
62 0.0287454
-1 -1
LEAF 220 9
65 classes
2 0.0419214
6 0.0807375
13 0.103805
16 0.0414432
32 0.608235
49 0.0486588
54 0.0399252
63 0.0352737
-1 -1
NODE 200 6
2dots_tau0
0 5 15 -10 -5
201 202 
NODE 201 7
2dots_tau0
0 12 -3 -13 5
209 210 
NODE 209 8
2dots_tau0
0 -8 8 -2 -15
213 214 
LEAF 213 9
65 classes
3 0.37657
11 0.422536
49 0.200893
-1 -1
LEAF 214 9
65 classes
4 0.131099
6 0.0485554
12 0.0595907
17 0.0494715
18 0.0480218
35 0.149657
37 0.0530767
41 0.0598628
48 0.103636
49 0.0877898
50 0.0943162
55 0.0300687
63 0.084854
-1 -1
NODE 210 8
2dots_tau0
0 3 8 0 14
211 212 
LEAF 211 9
65 classes
18 1
-1 -1
LEAF 212 9
65 classes
41 0.481657
51 0.518343
-1 -1
NODE 202 7
2dots_tau0
0 -14 -5 -14 -9
203 204 
NODE 203 8
2dots_tau0
0 4 -11 15 -2
207 208 
LEAF 207 9
65 classes
21 0.187997
48 0.339584
59 0.194377
63 0.278041
-1 -1
LEAF 208 9
65 classes
17 0.289631
35 0.350467
49 0.171322
51 0.18858
-1 -1
NODE 204 8
2dots_tau0
0 -3 -14 12 -8
205 206 
LEAF 205 9
65 classes
51 1
-1 -1
LEAF 206 9
65 classes
21 0.495028
49 0.504972
-1 -1
NODE 134 4
2dots_tau0
0 8 12 7 4
135 136 
NODE 135 5
2dots_tau0
0 5 15 5 0
167 168 
NODE 167 6
2dots_tau0
0 -6 6 14 6
183 184 
NODE 183 7
2dots_tau0
0 -11 -2 3 -4
191 192 
NODE 191 8
2dots_tau0
0 0 -10 6 -5
195 196 
LEAF 195 9
65 classes
1 0.32946
3 0.492123
42 0.0897158
59 0.0887009
-1 -1
LEAF 196 9
65 classes
1 0.604135
3 0.150402
35 0.164137
59 0.0813259
-1 -1
NODE 192 8
2dots_tau0
0 -2 10 -11 15
193 194 
LEAF 193 9
65 classes
3 0.0993748
11 0.0278763
12 0.0269893
18 0.152247
27 0.378495
35 0.0406688
40 0.0232849
62 0.251063
-1 -1
LEAF 194 9
65 classes
1 0.0314441
3 0.062625
7 0.101474
18 0.0548256
27 0.536679
51 0.165487
62 0.0474653
-1 -1
NODE 184 7
2dots_tau0
0 -15 0 -12 -9
185 186 
NODE 185 8
2dots_tau0
0 -8 5 -14 0
189 190 
LEAF 189 9
65 classes
1 0.103253
4 0.122871
7 0.0555348
11 0.230743
18 0.24004
23 0.0375751
27 0.032635
37 0.0331635
39 0.017692
40 0.0642461
53 0.0256783
61 0.0365686
-1 -1
LEAF 190 9
65 classes
1 0.0822809
3 0.0163873
4 0.176246
5 0.063684
7 0.026553
11 0.110326
17 0.059118
18 0.329967
27 0.0468116
39 0.00845911
40 0.0307182
47 0.0310839
51 0.00962302
61 0.00874234
-1 -1
NODE 186 8
2dots_tau0
0 12 -5 12 -5
187 188 
LEAF 187 9
65 classes
1 0.055081
3 0.0548505
4 0.327732
11 0.215411
18 0.0480193
27 0.0783423
37 0.026537
39 0.0849413
40 0.0514089
51 0.0161048
62 0.0415727
-1 -1
LEAF 188 9
65 classes
-1 -1
NODE 168 6
2dots_tau0
0 -9 -12 7 3
169 170 
NODE 169 7
2dots_tau0
0 -15 11 -10 -3
177 178 
NODE 177 8
2dots_tau0
0 -13 -13 10 -7
181 182 
LEAF 181 9
65 classes
7 0.0652215
41 0.0878554
51 0.378188
53 0.241258
62 0.0406772
63 0.186799
-1 -1
LEAF 182 9
65 classes
20 0.0672221
42 0.0475323
47 0.164854
49 0.0463652
51 0.153108
53 0.520918
-1 -1
NODE 178 8
2dots_tau0
0 -11 -2 -10 3
179 180 
LEAF 179 9
65 classes
28 0.0959145
41 0.556216
47 0.193351
62 0.154518
-1 -1
LEAF 180 9
65 classes
28 0.365
35 0.211667
41 0.423333
-1 -1
NODE 170 7
2dots_tau0
0 14 8 5 8
171 172 
NODE 171 8
2dots_tau0
0 -8 -15 10 -8
175 176 
LEAF 175 9
65 classes
18 0.345498
22 0.198989
49 0.105269
53 0.147838
56 0.202405
-1 -1
LEAF 176 9
65 classes
1 0.0868101
17 0.0779653
47 0.245962
49 0.0461179
51 0.0507636
53 0.194302
59 0.0467439
61 0.184471
63 0.0668634
-1 -1
NODE 172 8
2dots_tau0
0 4 -6 -6 -13
173 174 
LEAF 173 9
65 classes
0 0.0787308
1 0.0286695
3 0.0285495
4 0.0341167
18 0.0249939
22 0.0287904
27 0.135923
28 0.0268635
35 0.0467352
37 0.0276248
40 0.0267582
41 0.218098
48 0.0269697
49 0.0152307
53 0.149728
56 0.0292847
61 0.0152307
62 0.0577026
-1 -1
LEAF 174 9
65 classes
1 0.33391
41 0.18144
48 0.314113
56 0.170538
-1 -1
NODE 136 5
2dots_tau0
0 6 -13 5 -4
137 138 
NODE 137 6
2dots_tau0
0 -14 -4 4 -6
153 154 
NODE 153 7
2dots_tau0
0 4 2 6 -8
161 162 
NODE 161 8
2dots_tau0
0 4 8 0 3
165 166 
LEAF 165 9
65 classes
17 0.493012
20 0.211405
59 0.295584
-1 -1
LEAF 166 9
65 classes
19 0.781609
30 0.218391
-1 -1
NODE 162 8
2dots_tau0
0 0 -14 14 -14
163 164 
LEAF 163 9
65 classes
1 0.463158
3 0.0922441
17 0.0831937
40 0.0864562
41 0.100668
48 0.174279
-1 -1
LEAF 164 9
65 classes
19 0.781609
59 0.218391
-1 -1
NODE 154 7
2dots_tau0
0 14 -9 14 -2
155 156 
NODE 155 8
2dots_tau0
0 14 15 5 -5
159 160 
LEAF 159 9
65 classes
19 0.267199
30 0.298635
61 0.294635
62 0.139531
-1 -1
LEAF 160 9
65 classes
1 0.0211157
3 0.0630821
13 0.0239311
19 0.0813853
20 0.0162639
27 0.0200221
30 0.01137
35 0.0229477
40 0.059124
41 0.275372
42 0.0345003
47 0.0199426
48 0.119183
51 0.0246955
53 0.0945243
62 0.0637489
63 0.0487917
-1 -1
NODE 156 8
2dots_tau0
0 3 11 -5 9
157 158 
LEAF 157 9
65 classes
1 0.0170235
3 0.0169523
6 0.0600237
17 0.0611562
18 0.029682
22 0.0170953
27 0.129135
30 0.00916651
35 0.0185004
37 0.0164032
40 0.11122
41 0.0185004
49 0.00904374
51 0.00995478
53 0.0635046
61 0.0180875
62 0.368327
63 0.0262239
-1 -1
LEAF 158 9
65 classes
5 0.0465912
13 0.0545782
17 0.0432507
20 0.037092
37 0.0464025
40 0.449468
41 0.0523353
49 0.0511671
53 0.143717
61 0.0511671
62 0.0242313
-1 -1
NODE 138 6
2dots_tau0
0 0 -15 -13 12
139 140 
NODE 139 7
2dots_tau0
0 0 -12 -14 12
147 148 
NODE 147 8
2dots_tau0
0 -3 0 11 -9
151 152 
LEAF 151 9
65 classes
0 0.0225159
4 0.0146353
6 0.0542049
11 0.0687104
12 0.0266097
17 0.0110455
18 0.0750529
19 0.0118505
27 0.198247
35 0.0133656
37 0.0237009
39 0.00632195
40 0.0344361
41 0.240581
49 0.00653363
51 0.0143836
59 0.0132446
62 0.136143
63 0.0284181
-1 -1
LEAF 152 9
65 classes
0 0.0213451
1 0.0233182
4 0.0277487
12 0.0252261
13 0.211418
17 0.0209424
20 0.0538809
27 0.0221105
28 0.0218493
35 0.0506825
37 0.0449371
40 0.0435273
47 0.0220227
49 0.061939
53 0.0347946
56 0.0476372
59 0.012556
62 0.164263
63 0.0898015
-1 -1
NODE 148 8
2dots_tau0
0 5 -12 -7 -7
149 150 
LEAF 149 9
65 classes
27 0.23936
40 0.117803
41 0.548669
53 0.0941682
-1 -1
LEAF 150 9
65 classes
-1 -1
NODE 140 7
2dots_tau0
0 2 -3 15 4
141 142 
NODE 141 8
2dots_tau0
0 -10 11 12 -2
145 146 
LEAF 145 9
65 classes
0 0.0272246
1 0.0594823
18 0.0259282
19 0.0573149
24 0.02519
27 0.423011
28 0.0278677
40 0.16655
41 0.0969643
48 0.0279778
51 0.0173916
53 0.0221893
63 0.0229074
-1 -1
LEAF 146 9
65 classes
1 0.0519374
6 0.0457819
12 0.0561868
15 0.0818616
17 0.0932914
20 0.0800072
37 0.050045
40 0.0969499
41 0.0564434
53 0.387495
-1 -1
NODE 142 8
2dots_tau0
0 -11 -4 13 6
143 144 
LEAF 143 9
65 classes
22 1
-1 -1
LEAF 144 9
65 classes
1 0.211263
7 0.0568142
17 0.189738
22 0.141436
40 0.197179
51 0.0411798
53 0.0525397
56 0.0719321
59 0.037919
-1 -1
NODE 6 3
2dots_tau0
0 2 7 6 2
7 8 
NODE 7 4
2dots_tau0
0 -7 -11 0 5
71 72 
NODE 71 5
2dots_tau0
0 14 8 14 -9
103 104 
NODE 103 6
2dots_tau0
0 -5 -9 -5 -1
119 120 
NODE 119 7
2dots_tau0
0 -15 15 -11 1
127 128 
NODE 127 8
2dots_tau0
0 13 5 13 -5
131 132 
LEAF 131 9
65 classes
1 0.0928348
3 0.277339
7 0.0374486
18 0.0809329
19 0.313082
20 0.0357519
42 0.0252799
47 0.0876773
49 0.0246592
59 0.024994
-1 -1
LEAF 132 9
65 classes
3 0.373984
20 0.144631
27 0.178052
30 0.303333
-1 -1
NODE 128 8
2dots_tau0
0 -10 -10 2 0
129 130 
LEAF 129 9
65 classes
1 0.185232
3 0.184457
19 0.178483
20 0.0713354
42 0.100882
62 0.279611
-1 -1
LEAF 130 9
65 classes
3 0.335775
19 0.3249
62 0.339325
-1 -1
NODE 120 7
2dots_tau0
0 14 -13 -7 12
121 122 
NODE 121 8
2dots_tau0
0 9 -12 6 -4
125 126 
LEAF 125 9
65 classes
28 0.444809
51 0.555191
-1 -1
LEAF 126 9
65 classes
41 0.379544
62 0.351459
63 0.268997
-1 -1
NODE 122 8
2dots_tau0
0 -12 5 -13 0
123 124 
LEAF 123 9
65 classes
1 0.107213
20 0.0825785
27 0.10166
28 0.10046
41 0.116515
47 0.202514
49 0.0569571
51 0.0626948
59 0.11546
62 0.0539467
-1 -1
LEAF 124 9
65 classes
1 0.12502
19 0.120464
20 0.192587
47 0.118074
49 0.0664167
62 0.377438
-1 -1
NODE 104 6
2dots_tau0
0 -5 3 -6 -5
105 106 
NODE 105 7
2dots_tau0
0 -8 0 -12 15
113 114 
NODE 113 8
2dots_tau0
0 13 11 -15 -2
117 118 
LEAF 117 9
65 classes
27 0.166324
35 0.190628
41 0.190628
49 0.0931863
59 0.0944512
62 0.264783
-1 -1
LEAF 118 9
65 classes
0 0.487179
19 0.512821
-1 -1
NODE 114 8
2dots_tau0
0 12 11 9 0
115 116 
LEAF 115 9
65 classes
15 0.210272
19 0.257094
21 0.138955
28 0.250009
30 0.14367
-1 -1
LEAF 116 9
65 classes
0 0.184524
1 0.403162
30 0.108544
35 0.109535
37 0.194236
-1 -1
NODE 106 7
2dots_tau0
0 12 8 15 1
107 108 
NODE 107 8
2dots_tau0
0 -2 -11 0 4
111 112 
LEAF 111 9
65 classes
0 0.0547841
1 0.0598481
3 0.119195
5 0.115804
16 0.0541592
20 0.184387
27 0.170245
28 0.0560782
30 0.0644519
40 0.0558583
42 0.0651893
-1 -1
LEAF 112 9
65 classes
19 0.641509
59 0.358491
-1 -1
NODE 108 8
2dots_tau0
0 6 0 -7 -12
109 110 
LEAF 109 9
65 classes
-1 -1
LEAF 110 9
65 classes
0 0.308689
1 0.112408
27 0.106586
30 0.302636
62 0.169681
-1 -1
NODE 72 5
2dots_tau0
0 -7 -13 4 12
73 74 
NODE 73 6
2dots_tau0
0 8 -15 9 -4
89 90 
NODE 89 7
2dots_tau0
0 -4 -4 -15 -8
97 98 
NODE 97 8
2dots_tau0
0 -15 -12 -11 -14
101 102 
LEAF 101 9
65 classes
21 0.106377
27 0.193682
49 0.108514
51 0.119445
63 0.471982
-1 -1
LEAF 102 9
65 classes
0 0.365205
51 0.233301
62 0.401494
-1 -1
NODE 98 8
2dots_tau0
0 -1 3 7 -5
99 100 
LEAF 99 9
65 classes
21 0.173653
30 0.179546
51 0.389973
63 0.256827
-1 -1
LEAF 100 9
65 classes
21 0.471065
51 0.528935
-1 -1
NODE 90 7
2dots_tau0
0 0 6 3 15
91 92 
NODE 91 8
2dots_tau0
0 -5 -8 3 4
95 96 
LEAF 95 9
65 classes
12 0.126526
19 0.112695
27 0.443596
35 0.254207
59 0.0629766
-1 -1
LEAF 96 9
65 classes
5 0.197786
19 0.0984928
35 0.388799
63 0.314922
-1 -1
NODE 92 8
2dots_tau0
0 6 -4 3 6
93 94 
LEAF 93 9
65 classes
30 1
-1 -1
LEAF 94 9
65 classes
-1 -1
NODE 74 6
2dots_tau0
0 2 14 -4 -12
75 76 
NODE 75 7
2dots_tau0
0 -2 11 -8 -6
83 84 
NODE 83 8
2dots_tau0
0 -4 -15 -8 8
87 88 
LEAF 87 9
65 classes
0 0.0372975
12 0.176315
16 0.036872
18 0.106564
20 0.031383
23 0.0444832
27 0.115905
32 0.0865834
33 0.0361841
35 0.0221401
37 0.117781
48 0.0383294
51 0.0476528
62 0.102509
-1 -1
LEAF 88 9
65 classes
0 0.198414
1 0.0361258
3 0.0359747
16 0.196151
18 0.188966
19 0.0348095
30 0.0194524
35 0.03926
41 0.03926
47 0.0341188
51 0.0211252
59 0.0194524
62 0.109065
63 0.0278251
-1 -1
NODE 84 8
2dots_tau0
0 -11 -7 12 13
85 86 
LEAF 85 9
65 classes
20 0.415874
30 0.290735
35 0.293391
-1 -1
LEAF 86 9
65 classes
0 0.217498
18 0.414283
35 0.129109
62 0.23911
-1 -1
NODE 76 7
2dots_tau0
0 -5 -7 14 -2
77 78 
NODE 77 8
2dots_tau0
0 9 1 -6 7
81 82 
LEAF 81 9
65 classes
6 0.0879494
16 0.270871
27 0.189214
35 0.162646
50 0.0854185
62 0.0502037
63 0.153698
-1 -1
LEAF 82 9
65 classes
0 0.294726
3 0.0801557
27 0.228971
30 0.021671
35 0.174952
41 0.0437379
51 0.0235346
62 0.101254
63 0.0309987
-1 -1
NODE 78 8
2dots_tau0
0 2 13 -10 13
79 80 
LEAF 79 9
65 classes
16 0.415428
62 0.230988
63 0.353584
-1 -1
LEAF 80 9
65 classes
5 1
-1 -1
NODE 8 4
2dots_tau0
0 2 11 -13 0
9 10 
NODE 9 5
2dots_tau0
0 -1 -1 -13 15
41 42 
NODE 41 6
2dots_tau0
0 0 -13 -10 -2
57 58 
NODE 57 7
2dots_tau0
0 9 -5 -9 -12
65 66 
NODE 65 8
2dots_tau0
0 -15 7 -13 -5
69 70 
LEAF 69 9
65 classes
11 0.0127735
12 0.0371011
13 0.103648
17 0.0205339
18 0.109627
27 0.249312
28 0.0107116
32 0.0060731
35 0.0683293
37 0.0440607
39 0.00587635
41 0.0372705
47 0.0107966
48 0.0107539
49 0.0364386
51 0.00668488
52 0.0114799
56 0.011677
62 0.0747774
63 0.132075
-1 -1
LEAF 70 9
65 classes
0 0.0172967
3 0.0564495
11 0.0211134
12 0.0408831
13 0.021415
16 0.0341988
18 0.197677
27 0.322504
32 0.0100383
33 0.0167804
37 0.0182071
41 0.0205349
48 0.0355506
50 0.0485303
59 0.0101745
62 0.114092
63 0.0145539
-1 -1
NODE 66 8
2dots_tau0
0 1 0 5 14
67 68 
LEAF 67 9
65 classes
12 0.0465357
17 0.0193167
18 0.0375013
27 0.0815766
41 0.0233741
45 0.0853155
52 0.0431977
58 0.56877
59 0.0115813
63 0.0828306
-1 -1
LEAF 68 9
65 classes
3 0.149276
6 0.0264274
18 0.522739
27 0.0568557
35 0.0488726
37 0.0577765
41 0.0325817
52 0.0602143
62 0.0452562
-1 -1
NODE 58 7
2dots_tau0
0 9 8 -1 -1
59 60 
NODE 59 8
2dots_tau0
0 2 -11 -4 6
63 64 
LEAF 63 9
65 classes
3 0.14964
5 0.145382
18 0.131003
27 0.142486
35 0.0816528
48 0.141359
50 0.128647
61 0.0798302
-1 -1
LEAF 64 9
65 classes
0 0.320502
1 0.350128
48 0.32937
-1 -1
NODE 60 8
2dots_tau0
0 -4 -15 5 -4
61 62 
LEAF 61 9
65 classes
11 1
-1 -1
LEAF 62 9
65 classes
27 0.342967
48 0.170128
59 0.486905
-1 -1
NODE 42 6
2dots_tau0
0 -10 -13 0 -7
43 44 
NODE 43 7
2dots_tau0
0 -1 -6 -13 15
51 52 
NODE 51 8
2dots_tau0
0 -8 -14 -7 12
55 56 
LEAF 55 9
65 classes
3 0.769079
12 0.0964038
62 0.134517
-1 -1
LEAF 56 9
65 classes
5 0.470968
41 0.529032
-1 -1
NODE 52 8
2dots_tau0
0 -10 13 6 -4
53 54 
LEAF 53 9
65 classes
1 0.200672
3 0.799328
-1 -1
LEAF 54 9
65 classes
3 0.482827
11 0.0902939
42 0.132032
45 0.0801359
59 0.174051
62 0.0406609
-1 -1
NODE 44 7
2dots_tau0
0 13 -13 -11 13
45 46 
NODE 45 8
2dots_tau0
0 -10 -1 -7 0
49 50 
LEAF 49 9
65 classes
61 1
-1 -1
LEAF 50 9
65 classes
0 0.372929
3 0.405697
35 0.221374
-1 -1
NODE 46 8
2dots_tau0
0 -15 1 4 13
47 48 
LEAF 47 9
65 classes
0 0.313984
1 0.686016
-1 -1
LEAF 48 9
65 classes
0 0.340775
3 0.20221
7 0.027304
27 0.0641807
33 0.0300548
35 0.0367794
41 0.147117
48 0.0636734
51 0.0197904
62 0.0681157
-1 -1
NODE 10 5
2dots_tau0
0 0 15 0 14
11 12 
NODE 11 6
2dots_tau0
0 9 0 -9 1
27 28 
NODE 27 7
2dots_tau0
0 -13 7 -14 -14
35 36 
NODE 35 8
2dots_tau0
0 0 -6 7 -12
39 40 
LEAF 39 9
65 classes
3 0.159308
13 0.0906538
17 0.0718389
18 0.0697337
28 0.22485
32 0.042494
49 0.297458
55 0.0436635
-1 -1
LEAF 40 9
65 classes
3 0.304585
7 0.0548368
13 0.231098
17 0.0915672
35 0.0369335
42 0.111054
48 0.0319701
49 0.0722181
54 0.029628
61 0.0361091
-1 -1
NODE 36 8
2dots_tau0
0 -1 5 14 -3
37 38 
LEAF 37 9
65 classes
5 0.123336
17 0.0572467
18 0.0555691
19 0.0614185
32 0.0338624
35 0.0346356
42 0.347148
44 0.139498
63 0.147285
-1 -1
LEAF 38 9
65 classes
5 0.0807894
7 0.0224567
10 0.0203213
13 0.283917
21 0.0144961
41 0.0604998
42 0.0151596
44 0.0456878
48 0.0261847
49 0.0147873
50 0.0476599
58 0.36804
-1 -1
NODE 28 7
2dots_tau0
0 -15 12 -13 -9
29 30 
NODE 29 8
2dots_tau0
0 11 9 15 6
33 34 
LEAF 33 9
65 classes
0 0.191593
4 0.124535
11 0.116935
18 0.0912347
19 0.201677
42 0.113991
47 0.0988376
51 0.0611967
-1 -1
LEAF 34 9
65 classes
42 0.224045
49 0.218544
51 0.240559
63 0.316853
-1 -1
NODE 30 8
2dots_tau0
0 -12 0 13 12
31 32 
LEAF 31 9
65 classes
63 1
-1 -1
LEAF 32 9
65 classes
1 0.144982
3 0.144375
42 0.710643
-1 -1
NODE 12 6
2dots_tau0
0 -9 12 10 8
13 14 
NODE 13 7
2dots_tau0
0 -6 10 2 15
21 22 
NODE 21 8
2dots_tau0
0 10 -13 5 -12
25 26 
LEAF 25 9
65 classes
5 0.896595
22 0.103405
-1 -1
LEAF 26 9
65 classes
0 0.110934
12 0.65552
19 0.233546
-1 -1
NODE 22 8
2dots_tau0
0 -5 -6 10 9
23 24 
LEAF 23 9
65 classes
28 0.294064
30 0.168987
48 0.295226
63 0.241723
-1 -1
LEAF 24 9
65 classes
-1 -1
NODE 14 7
2dots_tau0
0 0 7 -9 -13
15 16 
NODE 15 8
2dots_tau0
0 -11 7 12 6
19 20 
LEAF 19 9
65 classes
0 0.628571
12 0.371429
-1 -1
LEAF 20 9
65 classes
3 0.146672
12 0.159339
18 0.25681
41 0.160067
48 0.277112
-1 -1
NODE 16 8
2dots_tau0
0 15 12 5 8
17 18 
LEAF 17 9
65 classes
1 0.0593513
3 0.413721
10 0.0433301
13 0.336324
17 0.0533042
21 0.0309094
61 0.0630607
-1 -1
LEAF 18 9
65 classes
3 0.102009
5 0.049553
11 0.0572303
12 0.0554093
19 0.0493524
27 0.0485659
41 0.111325
45 0.101584
48 0.337274
50 0.0876982
-1 -1
