image_size: 32 32
class_number: 65
max_depth:  10
1023
NODE 0 0
2dots_tau0
0 3 6 -13 15
1 2 
NODE 1 1
2dots_tau0
0 5 -11 0 0
513 514 
NODE 513 2
2dots_tau0
0 -3 -8 -14 0
769 770 
NODE 769 3
2dots_tau0
0 5 -7 11 10
897 898 
NODE 897 4
2dots_tau0
0 -13 -13 13 6
961 962 
NODE 961 5
2dots_tau0
0 1 12 -7 8
993 994 
NODE 993 6
2dots_tau0
0 8 -4 3 7
1009 1010 
NODE 1009 7
2dots_tau0
0 -10 -10 -7 -1
1017 1018 
NODE 1017 8
2dots_tau0
0 -4 -10 2 6
1021 1022 
LEAF 1021 9
65 classes
1 0.0126703
3 0.0126173
4 0.0603106
5 0.0122583
11 0.0283148
13 0.186676
21 0.0527883
30 0.0136449
35 0.00688477
39 0.0130261
40 0.0236512
41 0.0275391
45 0.0376941
50 0.0325417
52 0.0636188
56 0.0129422
62 0.344268
63 0.058554
-1 -1
LEAF 1022 9
65 classes
6 0.00893121
11 0.0226425
13 0.011483
21 0.0369365
27 0.0192146
30 0.0218229
35 0.0110111
41 0.198199
48 0.00953133
50 0.0260226
56 0.0103495
62 0.530208
63 0.0936476
-1 -1
NODE 1018 8
2dots_tau0
0 -6 -15 2 11
1019 1020 
LEAF 1019 9
65 classes
21 0.371661
35 0.043087
40 0.0740083
41 0.086174
62 0.119696
63 0.305374
-1 -1
LEAF 1020 9
65 classes
0 0.1092
2 0.0218401
12 0.051622
27 0.0226232
30 0.0128471
33 0.0423763
35 0.129644
37 0.0229895
40 0.0445366
41 0.259288
50 0.0408519
61 0.0253501
62 0.180077
63 0.0367535
-1 -1
NODE 1010 7
2dots_tau0
0 -2 -2 6 -7
1011 1012 
NODE 1011 8
2dots_tau0
0 -2 -8 7 7
1015 1016 
LEAF 1015 9
65 classes
0 0.163751
21 0.279488
27 0.056541
33 0.0529544
35 0.097204
53 0.0444884
62 0.0300038
63 0.275569
-1 -1
LEAF 1016 9
65 classes
3 0.209479
21 0.0365174
30 0.0377567
33 0.373622
40 0.13089
48 0.0659623
59 0.0377567
63 0.108016
-1 -1
NODE 1012 8
2dots_tau0
0 12 10 1 7
1013 1014 
LEAF 1013 9
65 classes
30 0.343727
39 0.656273
-1 -1
LEAF 1014 9
65 classes
0 0.268715
2 0.0101402
3 0.0165467
6 0.0341761
12 0.00599192
21 0.0144226
27 0.0105038
30 0.014912
33 0.34923
35 0.0210675
39 0.00569426
41 0.156501
48 0.0104207
62 0.0390171
63 0.0426609
-1 -1
NODE 994 6
2dots_tau0
0 -14 2 5 11
995 996 
NODE 995 7
2dots_tau0
0 12 5 -10 -10
1003 1004 
NODE 1003 8
2dots_tau0
0 -4 4 14 6
1007 1008 
LEAF 1007 9
65 classes
0 0.225118
19 0.0592417
35 0.133632
40 0.0573831
49 0.0653245
59 0.0331056
63 0.426195
-1 -1
LEAF 1008 9
65 classes
13 0.456654
23 0.439896
63 0.103449
-1 -1
NODE 1004 8
2dots_tau0
0 13 9 7 -6
1005 1006 
LEAF 1005 9
65 classes
-1 -1
LEAF 1006 9
65 classes
0 0.114607
12 0.0246264
13 0.257991
19 0.0109672
23 0.173966
33 0.101078
35 0.0371083
40 0.0106231
41 0.0123694
42 0.0495909
49 0.0120933
50 0.00974426
52 0.0685798
62 0.0114541
63 0.1052
-1 -1
NODE 996 7
2dots_tau0
0 9 10 -3 -7
997 998 
NODE 997 8
2dots_tau0
0 -11 6 -13 8
1001 1002 
LEAF 1001 9
65 classes
0 0.169389
6 0.0407789
19 0.0445761
23 0.050506
35 0.0502754
39 0.0713411
40 0.0431777
41 0.351928
49 0.0245766
62 0.0465552
63 0.106896
-1 -1
LEAF 1002 9
65 classes
6 0.0947695
11 0.0600652
30 0.0289454
33 0.0954768
35 0.0292098
39 0.0552652
40 0.0501721
41 0.350517
49 0.0285578
63 0.207021
-1 -1
NODE 998 8
2dots_tau0
0 6 6 10 10
999 1000 
LEAF 999 9
65 classes
0 0.252236
5 0.0115909
12 0.0388823
13 0.244403
23 0.078478
30 0.00645106
33 0.0212789
35 0.0716097
39 0.0123169
40 0.0223637
41 0.0390598
48 0.0225405
50 0.0102567
52 0.0120311
62 0.0180848
63 0.138416
-1 -1
LEAF 1000 9
65 classes
12 0.0909955
13 0.619636
23 0.0459152
40 0.039253
52 0.0422342
63 0.161966
-1 -1
NODE 962 5
2dots_tau0
0 -15 12 0 15
963 964 
NODE 963 6
2dots_tau0
0 -9 -8 -2 -12
979 980 
NODE 979 7
2dots_tau0
0 0 5 13 12
987 988 
NODE 987 8
2dots_tau0
0 -9 13 -1 13
991 992 
LEAF 991 9
65 classes
0 0.0600584
2 0.0300292
6 0.028917
13 0.037179
33 0.0291328
35 0.0356511
37 0.0316097
42 0.0178663
46 0.520506
50 0.0561697
56 0.0670179
59 0.0353285
63 0.0505346
-1 -1
LEAF 992 9
65 classes
0 0.268234
2 0.0894113
6 0.0860998
19 0.282352
33 0.173485
39 0.100419
-1 -1
NODE 988 8
2dots_tau0
0 6 15 -2 8
989 990 
LEAF 989 9
65 classes
2 0.075574
6 0.0363875
19 0.0397758
41 0.0448613
46 0.654974
49 0.0219299
56 0.126497
-1 -1
LEAF 990 9
65 classes
6 0.455895
21 0.269347
49 0.274758
-1 -1
NODE 980 7
2dots_tau0
0 14 3 4 -14
981 982 
NODE 981 8
2dots_tau0
0 -4 10 4 12
985 986 
LEAF 985 9
65 classes
0 0.0883648
5 0.0622625
6 0.056728
9 0.0321777
12 0.0348104
13 0.145872
23 0.0351297
27 0.0305111
33 0.0571514
35 0.139877
42 0.0700987
49 0.0170944
50 0.110191
54 0.0280523
59 0.0173264
63 0.0743523
-1 -1
LEAF 986 9
65 classes
0 0.0219594
4 0.0856417
5 0.0232091
6 0.274899
11 0.10722
12 0.051904
13 0.0543757
27 0.0227468
33 0.0426078
37 0.0231152
39 0.0369942
42 0.0130651
44 0.0131252
50 0.0616127
52 0.0240905
54 0.0209137
56 0.12252
-1 -1
NODE 982 8
2dots_tau0
0 -6 12 0 -2
983 984 
LEAF 983 9
65 classes
0 0.284883
13 0.132267
23 0.0424711
30 0.0209473
32 0.0206668
33 0.0345474
35 0.0845544
40 0.181543
41 0.0422772
54 0.0339147
61 0.0620003
63 0.0599269
-1 -1
LEAF 984 9
65 classes
2 0.0375258
3 0.00816461
5 0.00793228
6 0.0939535
11 0.0549674
12 0.0354789
13 0.185842
16 0.0593564
21 0.00426989
27 0.0155485
32 0.0566237
33 0.0728112
35 0.0222756
39 0.0210728
46 0.130089
49 0.00871134
50 0.0140384
54 0.00714777
63 0.164191
-1 -1
NODE 964 6
2dots_tau0
0 -14 -8 -12 4
965 966 
NODE 965 7
2dots_tau0
0 -15 -3 -12 -12
973 974 
NODE 973 8
2dots_tau0
0 11 -2 2 -1
977 978 
LEAF 977 9
65 classes
0 0.0201506
6 0.116426
9 0.0220132
11 0.0983878
12 0.119072
13 0.0997933
21 0.0687853
27 0.104366
33 0.0781962
35 0.0837307
39 0.033947
40 0.0205457
41 0.0478461
42 0.0119889
50 0.0188459
52 0.0442122
61 0.0116945
-1 -1
LEAF 978 9
65 classes
0 0.0278972
2 0.111589
3 0.0303484
6 0.13432
15 0.0240175
16 0.193053
19 0.0293655
27 0.0288975
32 0.0809518
35 0.09936
41 0.09936
63 0.14084
-1 -1
NODE 974 8
2dots_tau0
0 0 6 6 0
975 976 
LEAF 975 9
65 classes
12 0.130594
13 0.0195447
16 0.015606
21 0.413132
27 0.0654084
30 0.00928592
33 0.0459445
35 0.0374829
39 0.0531885
45 0.0171016
50 0.0885837
62 0.104128
-1 -1
LEAF 976 9
65 classes
4 0.0590567
6 0.0364547
9 0.00827124
11 0.138631
12 0.170012
13 0.0843667
16 0.022455
21 0.189533
27 0.0705857
30 0.00890749
35 0.0134833
37 0.00796986
39 0.0127552
44 0.00452542
45 0.0164046
49 0.0043941
50 0.106217
52 0.0249184
56 0.0168975
62 0.00416185
-1 -1
NODE 966 7
2dots_tau0
0 -12 0 -2 2
967 968 
NODE 967 8
2dots_tau0
0 -9 5 10 -14
971 972 
LEAF 971 9
65 classes
0 0.492521
9 0.0896747
19 0.129611
27 0.0850302
37 0.0432036
56 0.137399
62 0.0225609
-1 -1
LEAF 972 9
65 classes
1 0.0327063
4 0.0389205
6 0.02883
9 0.0654126
13 0.0741343
19 0.0315146
23 0.0357069
27 0.0310124
30 0.0352222
35 0.0355438
37 0.0630292
45 0.162169
52 0.0985329
56 0.267265
-1 -1
NODE 968 8
2dots_tau0
0 0 13 14 13
969 970 
LEAF 969 9
65 classes
0 0.0985118
2 0.0394047
9 0.00358726
11 0.0120249
12 0.236727
16 0.0519403
18 0.00625472
27 0.0238103
30 0.00772641
32 0.125778
33 0.0955711
35 0.0409341
37 0.0103697
39 0.00368799
41 0.00389849
48 0.0101237
49 0.00190573
50 0.190409
52 0.0072048
56 0.00366424
59 0.0019316
62 0.0162451
63 0.00828902
-1 -1
LEAF 970 9
65 classes
0 0.00558714
2 0.122917
4 0.00726328
6 0.0053802
9 0.00610359
11 0.01364
12 0.0264119
13 0.0830089
16 0.0220936
19 0.0058812
21 0.0699309
27 0.0289374
30 0.0197193
32 0.20428
33 0.00542036
35 0.0298491
39 0.0376498
45 0.0302637
50 0.229917
56 0.0124691
59 0.00328655
61 0.00648507
63 0.0235057
-1 -1
NODE 898 4
2dots_tau0
0 8 -14 9 2
899 900 
NODE 899 5
2dots_tau0
0 12 4 -6 14
931 932 
NODE 931 6
2dots_tau0
0 -5 -2 11 -15
947 948 
NODE 947 7
2dots_tau0
0 6 15 13 -9
955 956 
NODE 955 8
2dots_tau0
0 0 -12 -9 -4
959 960 
LEAF 959 9
65 classes
3 0.355286
6 0.0628987
12 0.0385969
18 0.0311038
19 0.0343778
33 0.0950521
35 0.0775463
37 0.0343778
45 0.0353805
61 0.0379077
62 0.197473
-1 -1
LEAF 960 9
65 classes
0 0.0873301
3 0.380014
6 0.0840956
23 0.104155
35 0.10368
40 0.0890424
41 0.10368
62 0.0480038
-1 -1
NODE 956 8
2dots_tau0
0 -10 0 -13 12
957 958 
LEAF 957 9
65 classes
32 0.211986
33 0.354364
35 0.433651
-1 -1
LEAF 958 9
65 classes
33 0.263529
37 0.285934
39 0.152539
52 0.297998
-1 -1
NODE 948 7
2dots_tau0
0 -15 -4 -13 -3
949 950 
NODE 949 8
2dots_tau0
0 -11 0 5 11
953 954 
LEAF 953 9
65 classes
4 0.180954
21 0.19798
39 0.195414
44 0.0415985
51 0.266762
52 0.0763517
59 0.0409397
-1 -1
LEAF 954 9
65 classes
3 0.0698539
4 0.0649254
9 0.0233825
11 0.104508
13 0.00883338
21 0.13395
30 0.0125906
32 0.0082813
33 0.0553734
35 0.0254111
37 0.0375508
39 0.108176
40 0.00727455
41 0.0254111
42 0.00848975
44 0.00426439
45 0.0154584
51 0.0410199
52 0.0156541
56 0.0318457
58 0.103056
61 0.0455471
62 0.0431398
63 0.00600327
-1 -1
NODE 950 8
2dots_tau0
0 12 -1 11 -14
951 952 
LEAF 951 9
65 classes
4 0.0427603
11 0.0602258
13 0.0407241
21 0.187135
23 0.0196148
30 0.0386971
33 0.143598
35 0.0195253
37 0.0519356
39 0.110826
44 0.0196599
45 0.0534504
52 0.054127
56 0.110112
59 0.0290229
61 0.00954472
62 0.00904024
-1 -1
LEAF 952 9
65 classes
3 0.0335993
4 0.0535348
9 0.0112468
11 0.0125669
12 0.024334
21 0.246002
23 0.0491145
30 0.0605597
32 0.0179246
33 0.0299635
35 0.0122226
37 0.010837
39 0.144532
40 0.010497
41 0.0122226
45 0.0557654
51 0.00657676
52 0.101648
56 0.0114882
59 0.00605597
61 0.0836481
62 0.00565907
-1 -1
NODE 932 6
2dots_tau0
0 13 1 -13 -9
933 934 
NODE 933 7
2dots_tau0
0 -1 5 5 8
941 942 
NODE 941 8
2dots_tau0
0 8 2 -1 10
945 946 
LEAF 945 9
65 classes
0 0.397433
2 0.198716
50 0.18585
52 0.218001
-1 -1
LEAF 946 9
65 classes
0 0.262852
3 0.0953158
33 0.0850017
35 0.260051
51 0.0559717
62 0.240808
-1 -1
NODE 942 8
2dots_tau0
0 -9 -10 5 8
943 944 
LEAF 943 9
65 classes
-1 -1
LEAF 944 9
65 classes
0 0.0379106
2 0.0379106
23 0.0452145
33 0.220674
35 0.0450081
41 0.0450081
45 0.0410699
50 0.212736
52 0.207949
61 0.0440034
62 0.0625165
-1 -1
NODE 934 7
2dots_tau0
0 -5 9 -1 7
935 936 
NODE 935 8
2dots_tau0
0 -2 -10 11 7
939 940 
LEAF 939 9
65 classes
19 0.232486
41 0.26221
51 0.141091
62 0.364212
-1 -1
LEAF 940 9
65 classes
-1 -1
NODE 936 8
2dots_tau0
0 -7 5 -14 -7
937 938 
LEAF 937 9
65 classes
3 0.48758
35 0.266054
62 0.246367
-1 -1
LEAF 938 9
65 classes
3 0.224535
30 0.121411
33 0.200238
62 0.453816
-1 -1
NODE 900 5
2dots_tau0
0 -7 12 -8 15
901 902 
NODE 901 6
2dots_tau0
0 -1 -10 -10 -4
917 918 
NODE 917 7
2dots_tau0
0 5 -15 0 14
925 926 
NODE 925 8
2dots_tau0
0 12 5 9 3
929 930 
LEAF 929 9
65 classes
3 0.0480375
4 0.0574048
6 0.021261
9 0.0120598
10 0.00880441
11 0.0269506
12 0.0130465
18 0.0105137
19 0.0232408
21 0.169576
23 0.0131662
27 0.0571761
30 0.00649375
33 0.0107098
35 0.0786367
39 0.272766
41 0.0262122
44 0.0197948
45 0.0239187
50 0.0206492
52 0.0242214
62 0.0182045
63 0.0371552
-1 -1
LEAF 930 9
65 classes
6 0.390895
12 0.0710718
18 0.0143185
21 0.068428
27 0.0155735
30 0.00884378
33 0.131271
39 0.0422133
44 0.0269583
50 0.0843658
54 0.028637
56 0.0167766
61 0.00872534
62 0.0413208
63 0.0506013
-1 -1
NODE 926 8
2dots_tau0
0 -6 -13 -13 13
927 928 
LEAF 927 9
65 classes
0 0.0202861
3 0.0735618
4 0.0703251
6 0.0716274
11 0.189845
12 0.0639319
13 0.0167441
21 0.0192355
23 0.0161296
33 0.0590416
35 0.0361259
37 0.00711793
39 0.0721478
40 0.0137892
41 0.0321119
50 0.0252968
52 0.0370913
56 0.0603649
62 0.115226
-1 -1
LEAF 928 9
65 classes
0 0.011821
6 0.0455327
11 0.0865762
12 0.0419107
13 0.0439065
18 0.0225162
21 0.00672528
23 0.0281968
33 0.0802768
35 0.00701702
39 0.053105
40 0.0120528
45 0.0128061
50 0.320612
52 0.129682
54 0.0112581
56 0.0791447
61 0.00686039
-1 -1
NODE 918 7
2dots_tau0
0 -3 -2 -10 -1
919 920 
NODE 919 8
2dots_tau0
0 -2 -12 4 7
923 924 
LEAF 923 9
65 classes
41 0.515487
56 0.484513
-1 -1
LEAF 924 9
65 classes
6 0.0946797
12 0.116198
21 0.0559377
23 0.117264
27 0.101847
30 0.173508
41 0.116728
56 0.109715
61 0.114123
-1 -1
NODE 920 8
2dots_tau0
0 6 10 2 -11
921 922 
LEAF 921 9
65 classes
0 0.0210277
3 0.0228753
4 0.082008
6 0.0404978
11 0.0256676
13 0.0260343
19 0.0442688
23 0.0752367
35 0.0124822
40 0.08576
45 0.25058
52 0.230683
56 0.0234644
59 0.0247384
62 0.0346757
-1 -1
LEAF 922 9
65 classes
0 0.138398
3 0.150559
12 0.163562
35 0.164309
45 0.149932
52 0.15183
59 0.0814109
-1 -1
NODE 902 6
2dots_tau0
0 -11 -13 -8 -1
903 904 
NODE 903 7
2dots_tau0
0 -14 1 10 2
911 912 
NODE 911 8
2dots_tau0
0 -8 5 -2 0
915 916 
LEAF 915 9
65 classes
-1 -1
LEAF 916 9
65 classes
3 1
-1 -1
NODE 912 8
2dots_tau0
0 -2 3 7 5
913 914 
LEAF 913 9
65 classes
6 0.459989
21 0.271766
39 0.268244
-1 -1
LEAF 914 9
65 classes
2 0.00606219
3 0.0923279
4 0.165498
5 0.0128144
6 0.262695
11 0.0739985
13 0.0375278
18 0.0173205
21 0.0103468
23 0.0144603
27 0.0188387
33 0.00588123
37 0.0446688
39 0.0476595
40 0.0123621
52 0.0199515
54 0.0288676
56 0.0879408
59 0.00356599
61 0.0105547
62 0.0266582
-1 -1
NODE 904 7
2dots_tau0
0 4 12 6 7
905 906 
NODE 905 8
2dots_tau0
0 -3 -11 5 -3
909 910 
LEAF 909 9
65 classes
23 0.476984
33 0.249425
35 0.050872
37 0.0300701
40 0.0873802
44 0.0170743
56 0.0318769
61 0.0165788
62 0.0157026
63 0.0240366
-1 -1
LEAF 910 9
65 classes
4 0.127575
9 0.0214411
11 0.0958307
13 0.0728998
18 0.0186923
21 0.0669976
23 0.0468164
27 0.0203306
30 0.0115452
33 0.038082
35 0.034952
37 0.0413197
39 0.077151
40 0.0600352
45 0.0212624
52 0.107658
56 0.109506
61 0.0113906
63 0.0165145
-1 -1
NODE 906 8
2dots_tau0
0 -1 -2 14 3
907 908 
LEAF 907 9
65 classes
12 0.16689
33 0.273998
35 0.083826
63 0.475285
-1 -1
LEAF 908 9
65 classes
5 0.0168162
6 0.137893
9 0.0173815
11 0.0194216
13 0.039398
19 0.0167482
21 0.0452603
23 0.189761
30 0.0187185
33 0.0463074
35 0.0472237
39 0.160826
50 0.0148806
52 0.174548
56 0.0177545
59 0.00935927
61 0.0277018
-1 -1
NODE 770 3
2dots_tau0
0 13 4 -5 -14
771 772 
NODE 771 4
2dots_tau0
0 1 13 -2 -14
835 836 
NODE 835 5
2dots_tau0
0 5 2 6 -11
867 868 
NODE 867 6
2dots_tau0
0 -5 -1 -7 6
883 884 
NODE 883 7
2dots_tau0
0 9 -15 -4 6
891 892 
NODE 891 8
2dots_tau0
0 -10 4 8 -7
895 896 
LEAF 895 9
65 classes
6 0.318673
30 0.681327
-1 -1
LEAF 896 9
65 classes
4 0.0461034
9 0.0387423
11 0.0432896
13 0.351264
30 0.083445
33 0.0344055
40 0.180798
44 0.0423939
49 0.0411637
53 0.0289049
56 0.0395737
61 0.0205819
62 0.019494
63 0.0298404
-1 -1
NODE 892 8
2dots_tau0
0 0 -6 14 -8
893 894 
LEAF 893 9
65 classes
0 0.0716391
3 0.0779337
4 0.558785
6 0.137972
9 0.0782612
37 0.0754096
-1 -1
LEAF 894 9
65 classes
4 0.0535541
9 0.585045
11 0.0502856
13 0.153012
30 0.0484653
50 0.0385282
59 0.0484653
62 0.0226445
-1 -1
NODE 884 7
2dots_tau0
0 -14 -7 -6 10
885 886 
NODE 885 8
2dots_tau0
0 -2 12 -13 6
889 890 
LEAF 889 9
65 classes
4 0.459411
9 0.0241287
11 0.0269607
13 0.0273459
16 0.0218351
30 0.0129924
35 0.144221
40 0.0225201
44 0.0264029
53 0.0720079
56 0.098586
59 0.0129924
61 0.0384551
62 0.0121409
-1 -1
LEAF 890 9
65 classes
0 0.083604
3 0.0606333
5 0.029454
6 0.107343
9 0.121776
35 0.0330853
40 0.0568289
49 0.0161734
53 0.158996
55 0.166185
56 0.0932921
59 0.0491789
63 0.0234488
-1 -1
NODE 886 8
2dots_tau0
0 7 5 1 0
887 888 
LEAF 887 9
65 classes
0 0.0242104
1 0.0132242
4 0.133763
5 0.00639706
9 0.0991813
11 0.0221645
12 0.00715308
13 0.0074937
23 0.0072187
27 0.00626963
30 0.0249225
33 0.00587193
35 0.00718574
37 0.0127423
39 0.00339887
40 0.117254
44 0.0253235
45 0.013114
50 0.175482
52 0.17928
53 0.00986631
54 0.0172932
56 0.0405239
61 0.0140507
62 0.0266161
-1 -1
LEAF 888 9
65 classes
9 0.200172
35 0.163154
44 0.109519
48 0.188304
54 0.261763
63 0.0770888
-1 -1
NODE 868 6
2dots_tau0
0 13 12 -13 7
869 870 
NODE 869 7
2dots_tau0
0 7 -15 -9 -5
877 878 
NODE 877 8
2dots_tau0
0 -2 -10 7 -12
881 882 
LEAF 881 9
65 classes
59 1
-1 -1
LEAF 882 9
65 classes
2 0.220789
3 0.00311934
4 0.0857351
5 0.0333364
7 0.00505439
9 0.0125298
11 0.0455014
16 0.0850406
17 0.00281329
19 0.00603662
23 0.00341983
27 0.00594042
30 0.197344
32 0.00832056
33 0.0055636
35 0.00170211
37 0.0362197
40 0.0526251
44 0.02228
45 0.0341698
48 0.0147336
49 0.00166411
50 0.00536347
51 0.0036635
52 0.037748
53 0.0233706
54 0.0136543
56 0.00319967
59 0.0016867
61 0.0249617
63 0.00241269
-1 -1
NODE 878 8
2dots_tau0
0 -11 6 -15 7
879 880 
LEAF 879 9
65 classes
1 0.0725083
4 0.17257
5 0.491052
11 0.0810187
45 0.143808
59 0.0390429
-1 -1
LEAF 880 9
65 classes
1 0.111437
4 0.066305
9 0.0557185
11 0.0622583
27 0.0528327
48 0.0524151
52 0.279768
53 0.0831411
56 0.0569142
59 0.120009
61 0.0592009
-1 -1
NODE 870 7
2dots_tau0
0 13 0 -15 -12
871 872 
NODE 871 8
2dots_tau0
0 -15 1 9 14
875 876 
LEAF 875 9
65 classes
0 0.0307102
1 0.15097
2 0.0307102
5 0.129832
9 0.0167745
16 0.10626
19 0.0161633
23 0.0183134
27 0.0318113
33 0.148967
35 0.0182298
37 0.0161633
40 0.156562
45 0.0332694
53 0.0625756
54 0.0146239
59 0.0180648
-1 -1
LEAF 876 9
65 classes
1 0.189029
2 0.019226
9 0.0840127
16 0.0190067
19 0.0404758
27 0.0597461
30 0.0339282
33 0.0559562
35 0.0228254
37 0.121427
40 0.0980148
44 0.0114914
45 0.0833126
48 0.0197579
50 0.0179811
52 0.0210918
53 0.0313402
61 0.0446318
62 0.0105682
63 0.0161772
-1 -1
NODE 872 8
2dots_tau0
0 -15 -11 -12 0
873 874 
LEAF 873 9
65 classes
1 0.154552
2 0.176843
5 0.186907
16 0.244756
35 0.0419901
40 0.0721241
48 0.0363471
53 0.0864811
-1 -1
LEAF 874 9
65 classes
1 0.142918
2 0.0872165
3 0.0474399
5 0.36872
16 0.0862216
28 0.0446384
40 0.177853
47 0.0449926
-1 -1
NODE 836 5
2dots_tau0
0 5 -11 9 13
837 838 
NODE 837 6
2dots_tau0
0 -4 10 15 -7
853 854 
NODE 853 7
2dots_tau0
0 9 -11 0 -8
861 862 
NODE 861 8
2dots_tau0
0 0 -6 -12 7
865 866 
LEAF 865 9
65 classes
0 0.154215
5 0.325982
21 0.087737
35 0.091543
40 0.157238
51 0.0985155
62 0.0847692
-1 -1
LEAF 866 9
65 classes
0 0.360672
1 0.151543
3 0.0603635
5 0.0879688
19 0.0292042
40 0.0848641
54 0.132114
56 0.061918
61 0.0161014
62 0.0152504
-1 -1
NODE 862 8
2dots_tau0
0 11 3 4 -3
863 864 
LEAF 863 9
65 classes
0 0.448596
5 0.284475
19 0.0944412
33 0.087041
54 0.0854468
-1 -1
LEAF 864 9
65 classes
0 0.66056
27 0.171061
40 0.168378
-1 -1
NODE 854 7
2dots_tau0
0 6 4 -15 -10
855 856 
NODE 855 8
2dots_tau0
0 7 -2 12 -13
859 860 
LEAF 859 9
65 classes
0 0.0780376
1 0.0170502
3 0.0169789
4 0.0202898
5 0.0989745
6 0.0150295
9 0.0511507
11 0.0381029
15 0.0134369
17 0.015313
19 0.0492869
21 0.00887955
40 0.0159135
41 0.0555884
42 0.0185719
44 0.0373145
49 0.0362317
55 0.0558434
56 0.278658
59 0.00918089
61 0.00905794
62 0.00857919
63 0.0525302
-1 -1
LEAF 860 9
65 classes
1 0.0220916
4 0.026289
5 0.106866
9 0.0220916
16 0.0999581
19 0.0212866
23 0.361775
30 0.0356864
33 0.0196186
37 0.0212866
40 0.0206188
42 0.0120316
49 0.0469446
51 0.0129184
52 0.0443696
54 0.0192593
55 0.0241183
59 0.0475819
61 0.0352085
-1 -1
NODE 856 8
2dots_tau0
0 1 13 2 5
857 858 
LEAF 857 9
65 classes
4 0.670511
51 0.329489
-1 -1
LEAF 858 9
65 classes
2 0.0309043
4 0.0803512
5 0.130652
19 0.0325309
21 0.0175823
23 0.4423
35 0.018345
37 0.0325309
51 0.0197423
52 0.067807
59 0.127253
-1 -1
NODE 838 6
2dots_tau0
0 -12 -1 12 13
839 840 
NODE 839 7
2dots_tau0
0 4 2 3 15
847 848 
NODE 847 8
2dots_tau0
0 12 12 -3 12
851 852 
LEAF 851 9
65 classes
0 0.339059
1 0.123467
4 0.146926
6 0.217667
17 0.110887
52 0.0619939
-1 -1
LEAF 852 9
65 classes
59 1
-1 -1
NODE 848 8
2dots_tau0
0 -13 2 -8 -6
849 850 
LEAF 849 9
65 classes
0 0.184047
1 0.201059
14 0.177889
41 0.437005
-1 -1
LEAF 850 9
65 classes
7 1
-1 -1
NODE 840 7
2dots_tau0
0 -12 4 -9 -10
841 842 
NODE 841 8
2dots_tau0
0 -15 -5 -9 3
845 846 
LEAF 845 9
65 classes
3 0.0761112
4 0.272859
17 0.0686437
37 0.147292
44 0.0418174
52 0.0767535
56 0.234213
59 0.0823103
-1 -1
LEAF 846 9
65 classes
0 0.0745134
1 0.0814012
9 0.0814012
30 0.0438314
40 0.0759745
44 0.13361
52 0.0817447
56 0.166296
59 0.131494
61 0.129733
-1 -1
NODE 842 8
2dots_tau0
0 7 -3 15 5
843 844 
LEAF 843 9
65 classes
3 0.053558
4 0.192005
6 0.0474087
37 0.103647
52 0.0540099
56 0.549371
-1 -1
LEAF 844 9
65 classes
3 0.412886
4 0.0448544
5 0.036467
37 0.0726388
44 0.0412455
49 0.0200243
51 0.044083
52 0.151407
56 0.115505
59 0.0608884
-1 -1
NODE 772 4
2dots_tau0
0 6 0 -5 -8
773 774 
NODE 773 5
2dots_tau0
0 -6 8 14 9
805 806 
NODE 805 6
2dots_tau0
0 13 0 10 -14
821 822 
NODE 821 7
2dots_tau0
0 0 15 9 8
829 830 
NODE 829 8
2dots_tau0
0 -13 2 -8 -2
833 834 
LEAF 833 9
65 classes
1 0.0694079
27 0.131626
33 0.184915
37 0.0668788
40 0.0647807
41 0.377148
53 0.0517839
63 0.0534598
-1 -1
LEAF 834 9
65 classes
27 0.12444
33 0.116546
40 0.122488
41 0.570491
62 0.0660347
-1 -1
NODE 830 8
2dots_tau0
0 -8 10 6 -11
831 832 
LEAF 831 9
65 classes
9 0.282414
12 0.15276
35 0.076729
40 0.263587
41 0.153458
62 0.0710514
-1 -1
LEAF 832 9
65 classes
1 0.0826149
17 0.0370988
27 0.039168
33 0.073367
35 0.0224456
37 0.358221
40 0.192768
41 0.134674
48 0.0388584
62 0.0207847
-1 -1
NODE 822 7
2dots_tau0
0 -10 6 -9 -11
823 824 
NODE 823 8
2dots_tau0
0 -14 -13 -2 6
827 828 
LEAF 827 9
65 classes
1 0.0479602
3 0.0477595
23 0.209441
27 0.0454762
33 0.127775
35 0.0781817
40 0.31334
41 0.104242
59 0.0258247
-1 -1
LEAF 828 9
65 classes
9 0.0496274
23 0.162541
27 0.235285
30 0.0400837
33 0.132216
40 0.185276
49 0.0395468
53 0.0555391
62 0.0998844
-1 -1
NODE 824 8
2dots_tau0
0 -4 5 -11 2
825 826 
LEAF 825 9
65 classes
3 0.187254
4 0.0745896
5 0.060642
21 0.0652863
23 0.136862
33 0.0556639
37 0.181189
48 0.0589641
51 0.0366534
62 0.0946169
63 0.0482781
-1 -1
LEAF 826 9
65 classes
15 0.0394217
23 0.0546117
27 0.0474317
35 0.0271812
40 0.0466876
41 0.543623
42 0.190703
62 0.0503397
-1 -1
NODE 806 6
2dots_tau0
0 11 -13 0 -14
807 808 
NODE 807 7
2dots_tau0
0 0 -9 9 0
815 816 
NODE 815 8
2dots_tau0
0 3 -12 -5 -6
819 820 
LEAF 819 9
65 classes
4 0.10592
18 0.077597
23 0.388697
28 0.0834014
39 0.0915074
41 0.0967304
51 0.156147
-1 -1
LEAF 820 9
65 classes
-1 -1
NODE 816 8
2dots_tau0
0 -1 -14 -6 10
817 818 
LEAF 817 9
65 classes
1 0.0212828
9 0.0212828
23 0.0929413
40 0.0397278
41 0.508843
44 0.0232887
52 0.0213726
56 0.239134
62 0.0321266
-1 -1
LEAF 818 9
65 classes
5 0.265789
35 0.149279
40 0.128204
41 0.149279
53 0.307449
-1 -1
NODE 808 7
2dots_tau0
0 6 6 3 9
809 810 
NODE 809 8
2dots_tau0
0 -5 -6 -14 13
813 814 
LEAF 813 9
65 classes
3 0.120561
21 0.0157626
39 0.0155584
40 0.0282491
41 0.690749
48 0.11389
62 0.0152295
-1 -1
LEAF 814 9
65 classes
1 0.0970999
6 0.0855918
17 0.0872067
40 0.0906266
41 0.105524
51 0.113562
53 0.0724444
56 0.198367
63 0.149578
-1 -1
NODE 810 8
2dots_tau0
0 11 -6 8 2
811 812 
LEAF 811 9
65 classes
18 0.440891
21 0.263377
51 0.295733
-1 -1
LEAF 812 9
65 classes
3 0.0977302
28 0.0919587
40 0.183196
41 0.426621
56 0.200494
-1 -1
NODE 774 5
2dots_tau0
0 -1 -11 9 2
775 776 
NODE 775 6
2dots_tau0
0 -7 -1 0 8
791 792 
NODE 791 7
2dots_tau0
0 -5 -12 9 -14
799 800 
NODE 799 8
2dots_tau0
0 -12 -14 -10 6
803 804 
LEAF 803 9
65 classes
19 1
-1 -1
LEAF 804 9
65 classes
41 1
-1 -1
NODE 800 8
2dots_tau0
0 -11 0 10 -4
801 802 
LEAF 801 9
65 classes
-1 -1
LEAF 802 9
65 classes
-1 -1
NODE 792 7
2dots_tau0
0 13 -14 8 -12
793 794 
NODE 793 8
2dots_tau0
0 -4 13 -7 -9
797 798 
LEAF 797 9
65 classes
21 0.163642
51 0.367491
53 0.468867
-1 -1
LEAF 798 9
65 classes
3 0.125104
15 0.049503
21 0.0327131
23 0.0685775
41 0.341322
51 0.0367319
52 0.252319
53 0.0937298
-1 -1
NODE 794 8
2dots_tau0
0 -12 -9 -15 5
795 796 
LEAF 795 9
65 classes
3 0.725462
52 0.182896
62 0.0916414
-1 -1
LEAF 796 9
65 classes
5 1
-1 -1
NODE 776 6
2dots_tau0
0 0 -10 15 -10
777 778 
NODE 777 7
2dots_tau0
0 -4 -13 -7 -4
785 786 
NODE 785 8
2dots_tau0
0 14 -2 -6 1
789 790 
LEAF 789 9
65 classes
19 1
-1 -1
LEAF 790 9
65 classes
1 0.25026
3 0.498425
52 0.251316
-1 -1
NODE 786 8
2dots_tau0
0 -7 -7 -10 13
787 788 
LEAF 787 9
65 classes
-1 -1
LEAF 788 9
65 classes
33 1
-1 -1
NODE 778 7
2dots_tau0
0 11 -15 -4 8
779 780 
NODE 779 8
2dots_tau0
0 -6 15 -11 7
783 784 
LEAF 783 9
65 classes
5 0.767925
51 0.232075
-1 -1
LEAF 784 9
65 classes
33 0.469307
52 0.530693
-1 -1
NODE 780 8
2dots_tau0
0 5 -2 -7 -9
781 782 
LEAF 781 9
65 classes
-1 -1
LEAF 782 9
65 classes
5 0.843511
59 0.156489
-1 -1
NODE 514 2
2dots_tau0
0 0 -2 -13 -13
515 516 
NODE 515 3
2dots_tau0
0 -4 6 11 -10
643 644 
NODE 643 4
2dots_tau0
0 4 -5 -12 -6
707 708 
NODE 707 5
2dots_tau0
0 14 5 -8 6
739 740 
NODE 739 6
2dots_tau0
0 -6 9 4 14
755 756 
NODE 755 7
2dots_tau0
0 -3 5 -12 -4
763 764 
NODE 763 8
2dots_tau0
0 5 7 13 0
767 768 
LEAF 767 9
65 classes
12 0.0958417
13 0.0376521
15 0.0872731
18 0.0579263
19 0.0213413
27 0.0105006
32 0.00588314
35 0.0300873
41 0.0361048
47 0.0209178
48 0.0416703
49 0.0117663
50 0.00948075
51 0.00647579
54 0.39583
55 0.0241803
59 0.047704
62 0.0167166
63 0.042648
-1 -1
LEAF 768 9
65 classes
3 0.0121051
9 0.012156
11 0.0271654
12 0.0657526
13 0.0275535
15 0.0574791
16 0.0770031
22 0.0244145
27 0.138316
32 0.00645785
35 0.0396317
39 0.0124973
41 0.0132106
44 0.00665084
45 0.036164
48 0.0228705
49 0.103326
50 0.0416276
51 0.0284336
52 0.0122072
54 0.158962
56 0.0124168
59 0.026182
61 0.00645785
62 0.012233
63 0.0187257
-1 -1
NODE 764 8
2dots_tau0
0 -13 14 1 2
765 766 
LEAF 765 9
65 classes
6 0.116753
15 0.313145
17 0.118956
45 0.131347
52 0.13301
54 0.11547
59 0.0713196
-1 -1
LEAF 766 9
65 classes
15 0.627026
17 0.0680545
27 0.107776
28 0.0355009
44 0.0414585
45 0.0375718
54 0.0330301
59 0.020401
63 0.029182
-1 -1
NODE 756 7
2dots_tau0
0 9 10 10 -3
757 758 
NODE 757 8
2dots_tau0
0 13 5 3 -14
761 762 
LEAF 761 9
65 classes
3 0.0083582
6 0.0258949
10 0.0551487
11 0.103163
12 0.0136201
13 0.0380497
15 0.0231511
18 0.435376
20 0.00969713
21 0.00218557
23 0.0183267
24 0.00355446
27 0.0079586
28 0.0039323
35 0.0091215
37 0.0323499
39 0.0388304
41 0.0091215
44 0.0160727
45 0.00416168
48 0.0157914
49 0.0557369
50 0.00359282
54 0.029269
55 0.00687251
56 0.00428671
59 0.0158182
62 0.0105582
-1 -1
LEAF 762 9
65 classes
3 0.014597
6 0.0516843
18 0.498385
19 0.0282485
27 0.0277983
28 0.013735
32 0.109022
35 0.00796505
37 0.0706213
41 0.0318602
49 0.00778726
51 0.00857173
54 0.0255582
62 0.0590054
63 0.0451611
-1 -1
NODE 758 8
2dots_tau0
0 15 8 13 -5
759 760 
LEAF 759 9
65 classes
6 0.0631895
11 0.208258
12 0.0155101
15 0.101689
16 0.0389228
17 0.0128763
24 0.0121432
27 0.0543782
28 0.0537359
32 0.00761659
35 0.0311619
37 0.0138147
39 0.0663285
48 0.0269742
49 0.0913991
50 0.0245484
54 0.012499
55 0.101741
56 0.0146448
59 0.01544
63 0.0331285
-1 -1
LEAF 760 9
65 classes
6 0.218833
9 0.0354652
11 0.052837
12 0.0639447
15 0.0465823
16 0.0427919
17 0.0106172
18 0.0206122
27 0.0224189
28 0.0221541
32 0.087924
35 0.0128473
37 0.0341729
41 0.0513894
47 0.011165
48 0.0222417
49 0.157007
50 0.0303623
54 0.0103061
59 0.0127311
61 0.00628029
63 0.0273162
-1 -1
NODE 740 6
2dots_tau0
0 -3 6 9 3
741 742 
NODE 741 7
2dots_tau0
0 4 -4 6 -13
749 750 
NODE 749 8
2dots_tau0
0 -14 -5 5 9
753 754 
LEAF 753 9
65 classes
15 0.073473
18 0.121917
27 0.0884018
48 0.263109
49 0.148586
51 0.0545181
54 0.0812778
59 0.0251005
63 0.143617
-1 -1
LEAF 754 9
65 classes
0 0.0203619
3 0.0110755
11 0.0186411
12 0.036096
15 0.00438252
16 0.0150972
18 0.0727209
19 0.0107168
20 0.00856647
27 0.0790948
35 0.0392826
37 0.0107168
40 0.0207611
41 0.00604347
45 0.00551467
47 0.0367645
48 0.130783
49 0.00886286
50 0.0428478
52 0.00558447
54 0.0678728
58 0.294116
59 0.00898317
62 0.0279814
63 0.0171329
-1 -1
NODE 750 8
2dots_tau0
0 -8 6 4 2
751 752 
LEAF 751 9
65 classes
15 0.0690114
18 0.0508948
19 0.0281261
27 0.304457
35 0.0475832
40 0.108975
48 0.192214
54 0.10179
59 0.0157175
62 0.0587496
63 0.0224827
-1 -1
LEAF 752 9
65 classes
18 0.329413
35 0.0684397
40 0.0587776
41 0.0684397
54 0.329413
63 0.145517
-1 -1
NODE 742 7
2dots_tau0
0 -3 9 -15 -14
743 744 
NODE 743 8
2dots_tau0
0 11 13 3 -7
747 748 
LEAF 747 9
65 classes
4 0.0323212
10 0.0396579
11 0.0910455
12 0.0293829
24 0.0230044
27 0.0772618
28 0.0254497
35 0.0590341
39 0.0139616
41 0.0590341
45 0.107737
49 0.0144291
50 0.116263
52 0.0272752
54 0.284142
-1 -1
LEAF 748 9
65 classes
1 0.0348059
12 0.0376537
19 0.0111792
27 0.40704
28 0.0217423
35 0.151303
37 0.0670754
40 0.0324855
45 0.0345159
49 0.055472
50 0.079461
54 0.0404582
63 0.0268085
-1 -1
NODE 744 8
2dots_tau0
0 -1 7 0 -13
745 746 
LEAF 745 9
65 classes
15 0.214486
24 0.230515
28 0.12751
59 0.0732747
61 0.144587
63 0.209627
-1 -1
LEAF 746 9
65 classes
5 0.0619354
19 0.0616846
27 0.182105
28 0.299923
35 0.0695712
41 0.0695712
49 0.0680183
59 0.137883
63 0.0493078
-1 -1
NODE 708 5
2dots_tau0
0 0 -5 -13 4
709 710 
NODE 709 6
2dots_tau0
0 11 8 14 13
725 726 
NODE 725 7
2dots_tau0
0 -11 -7 10 -8
733 734 
NODE 733 8
2dots_tau0
0 7 12 3 14
737 738 
LEAF 737 9
65 classes
3 0.0718178
6 0.063572
12 0.11703
15 0.0568359
18 0.251494
19 0.0347458
20 0.138871
27 0.0341921
49 0.114941
59 0.116501
-1 -1
LEAF 738 9
65 classes
0 0.0486577
6 0.0468556
12 0.345027
15 0.0418908
18 0.440237
20 0.0204709
49 0.0282389
59 0.0286222
-1 -1
NODE 734 8
2dots_tau0
0 -11 -3 -15 -6
735 736 
LEAF 735 9
65 classes
35 0.103549
41 0.621296
48 0.179267
62 0.0958871
-1 -1
LEAF 736 9
65 classes
13 1
-1 -1
NODE 726 7
2dots_tau0
0 14 8 -12 14
727 728 
NODE 727 8
2dots_tau0
0 0 14 -4 -14
731 732 
LEAF 731 9
65 classes
3 0.0354487
10 0.0259885
15 0.140269
20 0.109673
23 0.272044
48 0.0334871
49 0.170201
51 0.0416326
59 0.153344
62 0.0179117
-1 -1
LEAF 732 9
65 classes
3 0.0576098
18 0.10087
20 0.267354
41 0.062871
51 0.0338299
56 0.0590934
59 0.373812
63 0.0445591
-1 -1
NODE 728 8
2dots_tau0
0 14 1 4 15
729 730 
LEAF 729 9
65 classes
6 0.334766
15 0.299295
19 0.365939
-1 -1
LEAF 730 9
65 classes
19 0.157543
20 0.377798
49 0.0868599
63 0.377798
-1 -1
NODE 710 6
2dots_tau0
0 15 7 -8 1
711 712 
NODE 711 7
2dots_tau0
0 5 -8 -15 -2
719 720 
NODE 719 8
2dots_tau0
0 -7 -12 -4 14
723 724 
LEAF 723 9
65 classes
17 0.121654
20 0.104331
22 0.136027
48 0.127424
59 0.510563
-1 -1
LEAF 724 9
65 classes
15 0.37447
24 0.150921
30 0.0319824
41 0.064549
45 0.117802
48 0.167623
56 0.0606705
59 0.0319824
-1 -1
NODE 720 8
2dots_tau0
0 -2 -5 -7 8
721 722 
LEAF 721 9
65 classes
10 0.0294518
15 0.158962
19 0.0777433
20 0.186433
22 0.0405118
24 0.0683367
49 0.385767
59 0.0217224
63 0.0310722
-1 -1
LEAF 722 9
65 classes
10 0.0298069
15 0.225229
22 0.0410002
23 0.0445736
24 0.0691604
45 0.161951
47 0.0771194
49 0.0433797
59 0.30778
-1 -1
NODE 712 7
2dots_tau0
0 -12 7 -14 -6
713 714 
NODE 713 8
2dots_tau0
0 12 -3 5 10
717 718 
LEAF 717 9
65 classes
12 0.137545
17 0.114188
32 0.135089
45 0.504331
50 0.108848
-1 -1
LEAF 718 9
65 classes
12 0.0225367
15 0.0328349
22 0.0209201
24 0.0176444
47 0.0196749
48 0.0195971
49 0.0110671
54 0.0181614
58 0.826346
59 0.0112174
-1 -1
NODE 714 8
2dots_tau0
0 7 -8 -8 -8
715 716 
LEAF 715 9
65 classes
15 0.823081
24 0.176919
-1 -1
LEAF 716 9
65 classes
12 0.24485
15 0.178368
19 0.218085
24 0.191698
32 0.0601195
47 0.106879
-1 -1
NODE 644 4
2dots_tau0
0 0 -15 -7 9
645 646 
NODE 645 5
2dots_tau0
0 9 5 9 -15
677 678 
NODE 677 6
2dots_tau0
0 -3 0 2 15
693 694 
NODE 693 7
2dots_tau0
0 11 2 -14 3
701 702 
NODE 701 8
2dots_tau0
0 -5 -1 8 -5
705 706 
LEAF 705 9
65 classes
6 0.0243893
15 0.021805
18 0.0241212
19 0.0266603
20 0.085244
24 0.0937381
27 0.0262355
32 0.0440966
35 0.240552
42 0.0452066
44 0.0302763
47 0.104525
49 0.0881933
51 0.0485388
55 0.0453103
59 0.0297968
63 0.021311
-1 -1
LEAF 706 9
65 classes
2 0.0259737
5 0.00392169
6 0.035731
10 0.00295931
12 0.00438517
15 0.0319449
16 0.0073364
17 0.178385
18 0.00706767
19 0.00781163
20 0.0718089
21 0.0358873
24 0.0274658
27 0.00384357
28 0.00759635
32 0.00646029
35 0.0594701
37 0.0117174
39 0.0229203
42 0.0529832
47 0.011485
48 0.00762638
49 0.120592
51 0.00237036
54 0.042406
55 0.1394
58 0.0535965
59 0.00436532
63 0.0124885
-1 -1
NODE 702 8
2dots_tau0
0 8 -5 5 4
703 704 
LEAF 703 9
65 classes
17 0.563536
19 0.201534
51 0.122307
59 0.112622
-1 -1
LEAF 704 9
65 classes
5 0.05198
6 0.236798
10 0.0392242
19 0.0517696
20 0.0413822
24 0.227528
28 0.100686
33 0.047713
49 0.0285426
55 0.0586564
59 0.11572
-1 -1
NODE 694 7
2dots_tau0
0 -6 1 10 1
695 696 
NODE 695 8
2dots_tau0
0 -15 2 -11 -12
699 700 
LEAF 699 9
65 classes
6 0.248922
24 0.558081
37 0.0907003
41 0.102297
-1 -1
LEAF 700 9
65 classes
22 0.250575
24 0.211339
41 0.27117
49 0.132559
59 0.134358
-1 -1
NODE 696 8
2dots_tau0
0 13 1 1 9
697 698 
LEAF 697 9
65 classes
2 0.00880074
5 0.00930159
6 0.00423739
10 0.00701899
11 0.0268567
12 0.00520044
15 0.018942
16 0.0348014
17 0.0345387
18 0.00838166
20 0.0629438
21 0.0801118
24 0.0203576
27 0.0136745
28 0.00450432
32 0.00510757
35 0.0104484
37 0.134327
39 0.108726
44 0.0105204
47 0.0272404
48 0.0180885
49 0.00766136
51 0.00562209
54 0.0796257
55 0.0787222
58 0.127122
61 0.0434144
63 0.00370258
-1 -1
LEAF 698 9
65 classes
5 0.00932027
6 0.0297213
10 0.137145
15 0.003796
16 0.0435891
17 0.0173041
18 0.0125977
20 0.166951
24 0.224383
27 0.0137019
28 0.00902672
32 0.00767674
35 0.00261734
37 0.190292
47 0.0227459
48 0.0090624
49 0.0435015
54 0.0461917
55 0.00525869
61 0.00511783
-1 -1
NODE 678 6
2dots_tau0
0 9 -4 4 -9
679 680 
NODE 679 7
2dots_tau0
0 11 15 15 -14
687 688 
NODE 687 8
2dots_tau0
0 0 -10 -8 -10
691 692 
LEAF 691 9
65 classes
17 0.00971941
18 0.00943459
21 0.0507238
24 0.018332
27 0.0615692
32 0.356451
35 0.0940874
37 0.187699
39 0.0834442
44 0.0236841
49 0.0229968
51 0.00632836
55 0.0295372
61 0.0459936
-1 -1
LEAF 692 9
65 classes
5 0.0659647
17 0.0612352
18 0.0594408
20 0.315094
35 0.259341
48 0.128279
55 0.0372186
59 0.0734268
-1 -1
NODE 688 8
2dots_tau0
0 -7 -10 4 0
689 690 
LEAF 689 9
65 classes
1 0.0199995
21 0.0104155
24 0.0169391
30 0.010769
35 0.065204
39 0.0205611
42 0.206952
44 0.0437691
51 0.0233901
58 0.528877
61 0.0531238
-1 -1
LEAF 690 9
65 classes
5 0.00903062
15 0.00735607
16 0.00844689
21 0.0704863
24 0.0158116
28 0.0043731
30 0.0326696
32 0.156202
35 0.002536
39 0.0959626
42 0.0177926
44 0.0434093
45 0.0138846
46 0.370256
48 0.00439038
49 0.0520672
51 0.0109166
54 0.00813749
55 0.0382144
61 0.0272733
63 0.0107841
-1 -1
NODE 680 7
2dots_tau0
0 -7 -5 -7 -9
681 682 
NODE 681 8
2dots_tau0
0 1 -11 -4 11
685 686 
LEAF 685 9
65 classes
2 0.0463029
15 0.00442927
16 0.0712052
21 0.00585401
32 0.0627019
37 0.0704021
39 0.00288907
46 0.624232
49 0.0358297
55 0.0674956
63 0.00865787
-1 -1
LEAF 686 9
65 classes
5 0.106622
16 0.398921
24 0.0933419
27 0.104498
30 0.0593418
32 0.117094
35 0.0598837
44 0.0602967
-1 -1
NODE 682 8
2dots_tau0
0 14 -11 -1 3
683 684 
LEAF 683 9
65 classes
16 0.321189
20 0.0390535
22 0.101836
44 0.0277414
45 0.0502813
48 0.0476977
49 0.107746
55 0.304456
-1 -1
LEAF 684 9
65 classes
2 0.0210622
5 0.0222609
12 0.0497834
15 0.0906651
16 0.124932
18 0.0200592
20 0.0886112
24 0.155905
27 0.0436348
32 0.0244472
35 0.0125027
37 0.0443415
49 0.0122236
55 0.20096
63 0.0886112
-1 -1
NODE 646 5
2dots_tau0
0 1 1 -7 8
647 648 
NODE 647 6
2dots_tau0
0 -5 1 -2 3
663 664 
NODE 663 7
2dots_tau0
0 -6 -15 -3 0
671 672 
NODE 671 8
2dots_tau0
0 4 15 9 -7
675 676 
LEAF 675 9
65 classes
15 0.0370032
17 0.126509
20 0.28932
24 0.159074
28 0.131988
44 0.0256896
47 0.0886902
54 0.040934
59 0.0758482
61 0.0249441
-1 -1
LEAF 676 9
65 classes
5 0.0467512
6 0.085191
15 0.456985
17 0.0867984
20 0.148877
28 0.0452787
55 0.0527559
59 0.0260199
61 0.0513428
-1 -1
NODE 672 8
2dots_tau0
0 -8 1 -10 -4
673 674 
LEAF 673 9
65 classes
9 0.0523697
15 0.0412715
18 0.0228278
21 0.0272735
30 0.0281991
32 0.500785
35 0.0284566
44 0.143264
51 0.015312
59 0.0845972
61 0.0556428
-1 -1
LEAF 674 9
65 classes
15 0.0341625
19 0.0417695
21 0.0225756
44 0.5455
45 0.0429878
49 0.0230292
51 0.025349
55 0.023663
59 0.0233418
61 0.184233
63 0.0333886
-1 -1
NODE 664 7
2dots_tau0
0 -4 7 -5 -7
665 666 
NODE 665 8
2dots_tau0
0 3 -12 -15 10
669 670 
LEAF 669 9
65 classes
1 0.00587202
2 0.0161255
11 0.00656122
12 0.0571721
13 0.00665496
16 0.191298
21 0.0183485
27 0.0167037
28 0.0220085
30 0.116989
32 0.12478
35 0.0701961
37 0.0396064
39 0.0513136
44 0.0224892
49 0.0155976
54 0.174053
55 0.0192322
59 0.00316186
61 0.0218366
-1 -1
LEAF 670 9
65 classes
2 0.093228
5 0.0057961
9 0.0179728
10 0.0831011
12 0.00648109
13 0.0407383
15 0.0377706
16 0.168065
19 0.0634989
28 0.0280677
30 0.0322588
32 0.00954804
35 0.00651068
37 0.00577263
44 0.108167
45 0.005941
47 0.0056581
49 0.00954804
51 0.0315296
53 0.00446972
54 0.188023
55 0.00327027
59 0.0258071
61 0.00954804
63 0.00922874
-1 -1
NODE 666 8
2dots_tau0
0 11 -12 -9 3
667 668 
LEAF 667 9
65 classes
12 0.0466736
15 0.0850016
16 0.370904
17 0.019374
18 0.0376124
20 0.0166152
30 0.0116156
35 0.0117217
37 0.0415716
39 0.0332663
49 0.0802203
51 0.0126145
54 0.0940311
55 0.0353264
59 0.0232312
61 0.0802203
-1 -1
LEAF 668 9
65 classes
6 0.0152877
15 0.560382
16 0.0470839
17 0.0623048
20 0.0534329
32 0.00921359
35 0.00942395
41 0.0188479
47 0.0491392
49 0.0921359
59 0.056032
63 0.0267164
-1 -1
NODE 648 6
2dots_tau0
0 7 -9 -5 -4
649 650 
NODE 649 7
2dots_tau0
0 -15 14 -4 -7
657 658 
NODE 657 8
2dots_tau0
0 -13 -12 5 -15
661 662 
LEAF 661 9
65 classes
19 0.0724303
28 0.211303
30 0.0404758
44 0.0411271
45 0.0745429
47 0.21298
50 0.0643535
59 0.242855
61 0.0399337
-1 -1
LEAF 662 9
65 classes
1 0.0398071
9 0.13269
10 0.184057
13 0.0451147
19 0.102284
21 0.00691035
30 0.0785935
35 0.00721012
37 0.0127856
39 0.0409248
44 0.0217795
45 0.144743
47 0.0125319
48 0.0998587
50 0.0227196
52 0.0266501
59 0.0142897
61 0.00704918
-1 -1
NODE 658 8
2dots_tau0
0 -5 2 -4 10
659 660 
LEAF 659 9
65 classes
9 0.0809247
19 0.701785
30 0.0435749
49 0.0429913
59 0.130725
-1 -1
LEAF 660 9
65 classes
1 0.0509286
9 0.220691
13 0.0192397
18 0.0147998
19 0.196292
35 0.036898
39 0.139623
40 0.0158444
45 0.252521
51 0.00992711
52 0.0340956
59 0.00914103
-1 -1
NODE 650 7
2dots_tau0
0 5 -15 -6 14
651 652 
NODE 651 8
2dots_tau0
0 -13 14 -5 5
655 656 
LEAF 655 9
65 classes
59 0.802149
61 0.197851
-1 -1
LEAF 656 9
65 classes
1 0.120956
9 0.0604781
19 0.233098
30 0.0976953
35 0.164312
39 0.0310881
41 0.065725
59 0.13026
61 0.0963869
-1 -1
NODE 652 8
2dots_tau0
0 9 -8 -9 -12
653 654 
LEAF 653 9
65 classes
1 0.0472442
9 0.0472442
12 0.102219
13 0.0535434
21 0.0492084
23 0.0515785
28 0.0442681
30 0.127196
39 0.072856
44 0.0516971
45 0.0468505
51 0.0276268
59 0.178074
61 0.100394
-1 -1
LEAF 654 9
65 classes
3 0.211728
23 0.232124
44 0.116329
45 0.210846
59 0.228973
-1 -1
NODE 516 3
2dots_tau0
0 -15 10 2 4
517 518 
NODE 517 4
2dots_tau0
0 -11 5 -13 13
581 582 
NODE 581 5
2dots_tau0
0 12 10 4 10
613 614 
NODE 613 6
2dots_tau0
0 2 -11 10 8
629 630 
NODE 629 7
2dots_tau0
0 -1 14 0 2
637 638 
NODE 637 8
2dots_tau0
0 8 -6 5 -4
641 642 
LEAF 641 9
65 classes
51 0.68474
59 0.315259
-1 -1
LEAF 642 9
65 classes
-1 -1
NODE 638 8
2dots_tau0
0 12 -6 1 -14
639 640 
LEAF 639 9
65 classes
58 0.907598
59 0.0924025
-1 -1
LEAF 640 9
65 classes
44 0.166515
51 0.177971
59 0.655513
-1 -1
NODE 630 7
2dots_tau0
0 14 -4 6 -9
631 632 
NODE 631 8
2dots_tau0
0 -3 4 -15 0
635 636 
LEAF 635 9
65 classes
30 0.111406
35 0.112423
44 0.113198
51 0.120986
52 0.207769
59 0.334217
-1 -1
LEAF 636 9
65 classes
1 0.104932
5 0.0338398
7 0.28219
17 0.0314136
19 0.0674057
42 0.0190494
44 0.076548
45 0.0346858
48 0.0658071
51 0.0204536
59 0.263675
-1 -1
NODE 632 8
2dots_tau0
0 7 -5 10 0
633 634 
LEAF 633 9
65 classes
17 0.488417
48 0.511583
-1 -1
LEAF 634 9
65 classes
51 1
-1 -1
NODE 614 6
2dots_tau0
0 -14 -15 -8 14
615 616 
NODE 615 7
2dots_tau0
0 8 6 8 15
623 624 
NODE 623 8
2dots_tau0
0 -9 10 2 6
627 628 
LEAF 627 9
65 classes
5 0.301489
7 0.0838037
19 0.100089
22 0.104313
45 0.103009
48 0.195432
59 0.111865
-1 -1
LEAF 628 9
65 classes
7 0.2497
44 0.0846684
48 0.582304
59 0.0833275
-1 -1
NODE 624 8
2dots_tau0
0 -11 11 13 -13
625 626 
LEAF 625 9
65 classes
17 1
-1 -1
LEAF 626 9
65 classes
42 1
-1 -1
NODE 616 7
2dots_tau0
0 11 -10 -9 -12
617 618 
NODE 617 8
2dots_tau0
0 -11 -15 -12 -3
621 622 
LEAF 621 9
65 classes
52 1
-1 -1
LEAF 622 9
65 classes
5 0.33008
9 0.341176
19 0.328744
-1 -1
NODE 618 8
2dots_tau0
0 5 7 9 -14
619 620 
LEAF 619 9
65 classes
5 0.642442
59 0.357558
-1 -1
LEAF 620 9
65 classes
-1 -1
NODE 582 5
2dots_tau0
0 1 14 14 -7
583 584 
NODE 583 6
2dots_tau0
0 11 7 11 2
599 600 
NODE 599 7
2dots_tau0
0 -1 0 8 7
607 608 
NODE 607 8
2dots_tau0
0 -10 -6 11 -1
611 612 
LEAF 611 9
65 classes
48 1
-1 -1
LEAF 612 9
65 classes
5 0.501014
19 0.498986
-1 -1
NODE 608 8
2dots_tau0
0 14 -1 12 -9
609 610 
LEAF 609 9
65 classes
5 0.604759
19 0.20077
40 0.194471
-1 -1
LEAF 610 9
65 classes
5 0.639296
23 0.360704
-1 -1
NODE 600 7
2dots_tau0
0 -13 -9 12 -6
601 602 
NODE 601 8
2dots_tau0
0 -8 7 -7 10
605 606 
LEAF 605 9
65 classes
5 1
-1 -1
LEAF 606 9
65 classes
-1 -1
NODE 602 8
2dots_tau0
0 2 9 -7 10
603 604 
LEAF 603 9
65 classes
37 1
-1 -1
LEAF 604 9
65 classes
56 1
-1 -1
NODE 584 6
2dots_tau0
0 3 -1 13 -7
585 586 
NODE 585 7
2dots_tau0
0 6 12 0 14
593 594 
NODE 593 8
2dots_tau0
0 -13 6 -1 -14
597 598 
LEAF 597 9
65 classes
5 0.316767
17 0.441082
48 0.154001
59 0.08815
-1 -1
LEAF 598 9
65 classes
5 0.255298
48 0.744702
-1 -1
NODE 594 8
2dots_tau0
0 9 13 -8 -2
595 596 
LEAF 595 9
65 classes
51 1
-1 -1
LEAF 596 9
65 classes
-1 -1
NODE 586 7
2dots_tau0
0 0 -9 -13 -1
587 588 
NODE 587 8
2dots_tau0
0 -3 15 -11 11
591 592 
LEAF 591 9
65 classes
23 0.200707
44 0.201168
51 0.215008
56 0.187786
61 0.195331
-1 -1
LEAF 592 9
65 classes
5 0.212869
19 0.106003
44 0.0601905
48 0.620937
-1 -1
NODE 588 8
2dots_tau0
0 -10 -1 13 -7
589 590 
LEAF 589 9
65 classes
5 0.667568
19 0.332432
-1 -1
LEAF 590 9
65 classes
5 0.110195
7 0.183783
14 0.100773
16 0.103072
44 0.0623172
51 0.133209
59 0.306651
-1 -1
NODE 518 4
2dots_tau0
0 -5 2 4 -8
519 520 
NODE 519 5
2dots_tau0
0 11 2 -3 -4
551 552 
NODE 551 6
2dots_tau0
0 -6 -7 5 10
567 568 
NODE 567 7
2dots_tau0
0 15 -14 14 -3
575 576 
NODE 575 8
2dots_tau0
0 0 -8 -1 -4
579 580 
LEAF 579 9
65 classes
7 0.173963
15 0.424826
20 0.0830405
48 0.202842
59 0.0580532
61 0.0572757
-1 -1
LEAF 580 9
65 classes
7 0.481286
42 0.108298
48 0.187061
51 0.116281
59 0.107073
-1 -1
NODE 576 8
2dots_tau0
0 -1 10 -13 -6
577 578 
LEAF 577 9
65 classes
3 0.409081
19 0.0989577
44 0.168569
51 0.0600554
52 0.103133
56 0.104904
59 0.0552999
-1 -1
LEAF 578 9
65 classes
0 0.0942977
1 0.103014
3 0.205167
15 0.24355
20 0.0793443
22 0.103449
51 0.0602393
59 0.110938
-1 -1
NODE 568 7
2dots_tau0
0 7 2 -3 -4
569 570 
NODE 569 8
2dots_tau0
0 -5 -12 -15 1
573 574 
LEAF 573 9
65 classes
1 0.185468
3 0.0461729
4 0.0275883
6 0.0408716
11 0.0259045
15 0.127893
20 0.0714261
24 0.0196358
30 0.0124834
40 0.0865516
41 0.0251948
44 0.164896
47 0.087582
51 0.0135569
53 0.0172967
59 0.0124834
62 0.0349957
-1 -1
LEAF 574 9
65 classes
1 0.160433
3 0.0399405
4 0.0238645
6 0.0353548
9 0.0601625
15 0.0316086
19 0.0386469
20 0.061785
22 0.0201388
24 0.118898
27 0.0190155
30 0.0215968
40 0.0374345
42 0.010922
44 0.0877773
45 0.0596612
48 0.0188652
49 0.106538
53 0.014962
59 0.0323952
-1 -1
NODE 570 8
2dots_tau0
0 -9 -15 12 -10
571 572 
LEAF 571 9
65 classes
1 0.480485
3 0.27911
19 0.0385814
51 0.0468285
53 0.0298734
59 0.0646806
62 0.0604415
-1 -1
LEAF 572 9
65 classes
15 0.101274
19 0.123825
44 0.492167
51 0.0751466
59 0.207588
-1 -1
NODE 552 6
2dots_tau0
0 11 -7 12 -4
553 554 
NODE 553 7
2dots_tau0
0 7 -4 -9 8
561 562 
NODE 561 8
2dots_tau0
0 -5 -9 0 -14
565 566 
LEAF 565 9
65 classes
3 0.265319
12 0.0720583
24 0.0564157
51 0.116851
59 0.0358661
62 0.402186
63 0.0513036
-1 -1
LEAF 566 9
65 classes
15 0.674937
51 0.222584
59 0.102479
-1 -1
NODE 562 8
2dots_tau0
0 -4 8 14 -3
563 564 
LEAF 563 9
65 classes
3 0.116133
15 0.0919066
18 0.0338899
24 0.0658501
49 0.0413033
58 0.513996
62 0.136921
-1 -1
LEAF 564 9
65 classes
41 0.65016
51 0.34984
-1 -1
NODE 554 7
2dots_tau0
0 9 -15 9 2
555 556 
NODE 555 8
2dots_tau0
0 -10 9 7 11
559 560 
LEAF 559 9
65 classes
15 0.672149
32 0.113275
62 0.214576
-1 -1
LEAF 560 9
65 classes
3 0.382401
15 0.0756571
18 0.0836939
51 0.168416
62 0.289832
-1 -1
NODE 556 8
2dots_tau0
0 -15 -9 -10 -6
557 558 
LEAF 557 9
65 classes
18 0.142798
24 0.138732
35 0.044502
49 0.174035
59 0.0440993
62 0.329673
63 0.126161
-1 -1
LEAF 558 9
65 classes
12 0.178765
47 0.156064
62 0.665171
-1 -1
NODE 520 5
2dots_tau0
0 0 -1 3 -6
521 522 
NODE 521 6
2dots_tau0
0 -15 5 -11 2
537 538 
NODE 537 7
2dots_tau0
0 5 -7 -1 12
545 546 
NODE 545 8
2dots_tau0
0 6 6 10 8
549 550 
LEAF 549 9
65 classes
5 0.0345612
6 0.0314891
17 0.128333
20 0.0275148
22 0.0358737
24 0.574872
42 0.0583666
48 0.06721
51 0.0417792
-1 -1
LEAF 550 9
65 classes
7 0.0890409
18 0.0962163
20 0.0850067
24 0.560862
30 0.0594277
45 0.109446
-1 -1
NODE 546 8
2dots_tau0
0 -11 1 13 -5
547 548 
LEAF 547 9
65 classes
5 0.0184243
7 0.015364
10 0.013903
11 0.0212788
15 0.0600315
19 0.0183497
20 0.117343
22 0.019124
24 0.467755
47 0.197842
49 0.0505846
-1 -1
LEAF 548 9
65 classes
10 0.0179886
15 0.0194182
18 0.0429619
20 0.284674
24 0.438257
30 0.0265353
35 0.0133888
44 0.0539245
48 0.0463581
51 0.0432258
59 0.0132676
-1 -1
NODE 538 7
2dots_tau0
0 -10 7 -13 -15
539 540 
NODE 539 8
2dots_tau0
0 8 12 1 -9
543 544 
LEAF 543 9
65 classes
5 0.0545272
19 0.0543064
20 0.47751
22 0.0565979
35 0.0306249
47 0.266145
49 0.0299413
59 0.0303477
-1 -1
LEAF 544 9
65 classes
5 0.254796
47 0.497458
48 0.247746
-1 -1
NODE 540 8
2dots_tau0
0 -5 1 -15 -5
541 542 
LEAF 541 9
65 classes
20 0.220877
35 0.155824
44 0.156899
51 0.167693
59 0.154414
62 0.144294
-1 -1
LEAF 542 9
65 classes
1 0.0270206
11 0.030192
19 0.013018
20 0.613953
24 0.0572144
32 0.00717734
35 0.0146824
42 0.014716
45 0.0267954
47 0.089318
48 0.0254186
49 0.0574187
51 0.0158007
59 0.00727477
-1 -1
NODE 522 6
2dots_tau0
0 -10 8 8 11
523 524 
NODE 523 7
2dots_tau0
0 -14 10 13 0
531 532 
NODE 531 8
2dots_tau0
0 11 3 5 -5
535 536 
LEAF 535 9
65 classes
15 0.0913121
24 0.588817
47 0.218859
54 0.101012
-1 -1
LEAF 536 9
65 classes
5 0.0456044
15 0.18574
24 0.439166
28 0.132504
33 0.0837215
41 0.0512269
55 0.0257309
63 0.0363064
-1 -1
NODE 532 8
2dots_tau0
0 13 -13 13 0
533 534 
LEAF 533 9
65 classes
12 0.186097
15 0.135567
35 0.0934733
42 0.187374
63 0.397488
-1 -1
LEAF 534 9
65 classes
9 0.156982
15 0.0618571
42 0.128244
44 0.0429445
48 0.295349
55 0.042846
59 0.211322
63 0.0604558
-1 -1
NODE 524 7
2dots_tau0
0 11 -15 1 14
525 526 
NODE 525 8
2dots_tau0
0 -11 0 5 -15
529 530 
LEAF 529 9
65 classes
6 0.442608
24 0.340225
44 0.0549444
59 0.162223
-1 -1
LEAF 530 9
65 classes
17 0.112012
24 0.264086
30 0.0335784
39 0.256443
44 0.0682375
48 0.117325
59 0.0671568
61 0.0331287
63 0.0480312
-1 -1
NODE 526 8
2dots_tau0
0 -8 13 -5 2
527 528 
LEAF 527 9
65 classes
4 0.0489149
6 0.1087
7 0.0331626
11 0.0459295
16 0.0185988
18 0.0179175
20 0.0158301
24 0.53963
37 0.0198036
39 0.0105648
47 0.0194107
56 0.0629805
59 0.0110667
63 0.0474902
-1 -1
LEAF 528 9
65 classes
4 0.132862
11 0.623767
24 0.0315213
28 0.034872
54 0.032445
59 0.0200396
61 0.0197712
62 0.0187262
63 0.0859951
-1 -1
NODE 2 1
2dots_tau0
0 0 -4 2 14
3 4 
NODE 3 2
2dots_tau0
0 9 5 -5 3
259 260 
NODE 259 3
2dots_tau0
0 14 1 9 1
387 388 
NODE 387 4
2dots_tau0
0 -9 -5 3 10
451 452 
NODE 451 5
2dots_tau0
0 -5 -2 5 -8
483 484 
NODE 483 6
2dots_tau0
0 15 -8 -13 -14
499 500 
NODE 499 7
2dots_tau0
0 15 -3 -9 -6
507 508 
NODE 507 8
2dots_tau0
0 -13 -9 -15 3
511 512 
LEAF 511 9
65 classes
7 0.155003
10 0.0350658
14 0.361217
42 0.170033
44 0.0131396
51 0.252784
61 0.0127583
-1 -1
LEAF 512 9
65 classes
7 0.205304
14 0.200131
17 0.025394
19 0.0272445
30 0.0152249
42 0.0153991
44 0.123759
51 0.115739
59 0.106574
61 0.165231
-1 -1
NODE 508 8
2dots_tau0
0 -15 2 -11 1
509 510 
LEAF 509 9
65 classes
61 1
-1 -1
LEAF 510 9
65 classes
51 1
-1 -1
NODE 500 7
2dots_tau0
0 -13 14 -3 15
501 502 
NODE 501 8
2dots_tau0
0 6 14 -13 6
505 506 
LEAF 505 9
65 classes
7 0.429024
14 0.15683
15 0.139693
19 0.170799
51 0.103654
-1 -1
LEAF 506 9
65 classes
7 0.690721
14 0.0946852
15 0.0421694
19 0.0515594
42 0.0582845
51 0.0625807
-1 -1
NODE 502 8
2dots_tau0
0 -6 -8 -5 -6
503 504 
LEAF 503 9
65 classes
7 0.325211
42 0.439072
51 0.235718
-1 -1
LEAF 504 9
65 classes
-1 -1
NODE 484 6
2dots_tau0
0 11 -5 -1 2
485 486 
NODE 485 7
2dots_tau0
0 -8 -5 0 -3
493 494 
NODE 493 8
2dots_tau0
0 -8 -12 -3 13
497 498 
LEAF 497 9
65 classes
1 0.0649992
4 0.0464095
7 0.115368
13 0.103132
14 0.0230034
17 0.0116753
27 0.0123265
42 0.02832
45 0.0386745
51 0.00760188
52 0.274149
55 0.234176
59 0.0139998
62 0.0261646
-1 -1
LEAF 498 9
65 classes
0 0.0872772
7 0.0769222
14 0.337428
22 0.0957471
45 0.0945503
55 0.104092
59 0.102679
61 0.101304
-1 -1
NODE 494 8
2dots_tau0
0 -2 -3 0 10
495 496 
LEAF 495 9
65 classes
4 0.0823749
7 0.0279237
11 0.0128912
13 0.0261508
14 0.178632
15 0.00454608
17 0.170967
19 0.0111167
22 0.121651
23 0.00629778
30 0.00621229
42 0.144517
45 0.00572048
47 0.00544808
49 0.00919363
51 0.0168663
55 0.147998
59 0.00310614
61 0.0183873
-1 -1
LEAF 496 9
65 classes
0 0.0331424
14 0.0640671
15 0.0285332
19 0.0348868
22 0.399947
23 0.237166
44 0.0198093
51 0.0846883
55 0.0592915
61 0.0384689
-1 -1
NODE 486 7
2dots_tau0
0 -14 -1 -1 8
487 488 
NODE 487 8
2dots_tau0
0 -5 -9 15 -11
491 492 
LEAF 491 9
65 classes
1 0.0702029
3 0.209727
7 0.283191
17 0.18915
22 0.0704991
51 0.123157
63 0.0540721
-1 -1
LEAF 492 9
65 classes
1 0.0197229
2 0.0180541
14 0.22685
17 0.0885671
22 0.297092
28 0.0554416
47 0.0558816
51 0.0230666
55 0.215324
-1 -1
NODE 488 8
2dots_tau0
0 8 14 -14 15
489 490 
LEAF 489 9
65 classes
22 1
-1 -1
LEAF 490 9
65 classes
22 0.547239
51 0.159331
59 0.293429
-1 -1
NODE 452 5
2dots_tau0
0 -9 13 7 -4
453 454 
NODE 453 6
2dots_tau0
0 -9 1 -4 0
469 470 
NODE 469 7
2dots_tau0
0 11 8 6 -12
477 478 
NODE 477 8
2dots_tau0
0 8 -14 1 11
481 482 
LEAF 481 9
65 classes
1 0.0936844
5 0.181276
7 0.0755827
10 0.136791
14 0.165776
44 0.153772
45 0.0929037
59 0.0504454
61 0.0497698
-1 -1
LEAF 482 9
65 classes
1 0.0671404
3 0.0334297
5 0.0974354
18 0.0877989
30 0.0180763
40 0.0313322
44 0.183671
47 0.158526
48 0.189479
51 0.0196307
59 0.0180763
61 0.0178342
63 0.0775699
-1 -1
NODE 478 8
2dots_tau0
0 -2 -14 -13 -15
479 480 
LEAF 479 9
65 classes
1 0.24968
5 0.0603901
7 0.0503592
19 0.120291
47 0.412666
51 0.0730023
59 0.0336108
-1 -1
LEAF 480 9
65 classes
2 0.134002
3 0.0728883
5 0.141628
22 0.22051
47 0.276513
48 0.0688549
51 0.0856034
-1 -1
NODE 470 7
2dots_tau0
0 8 0 -4 -8
471 472 
NODE 471 8
2dots_tau0
0 9 -4 5 1
475 476 
LEAF 475 9
65 classes
1 0.207557
10 0.0303058
14 0.073455
19 0.199994
23 0.0453197
30 0.0447045
40 0.0387439
44 0.181696
45 0.0411654
51 0.0485489
59 0.0223522
61 0.0661587
-1 -1
LEAF 476 9
65 classes
2 0.184798
5 0.195314
45 0.200197
59 0.108704
63 0.310986
-1 -1
NODE 472 8
2dots_tau0
0 -7 2 14 -6
473 474 
LEAF 473 9
65 classes
-1 -1
LEAF 474 9
65 classes
15 0.0839198
28 0.0997786
47 0.100571
48 0.100173
55 0.0581279
59 0.229355
63 0.328075
-1 -1
NODE 454 6
2dots_tau0
0 -9 8 12 -6
455 456 
NODE 455 7
2dots_tau0
0 8 12 -7 -6
463 464 
NODE 463 8
2dots_tau0
0 9 0 13 10
467 468 
LEAF 467 9
65 classes
1 0.137694
9 0.137694
28 0.12902
47 0.390132
53 0.205461
-1 -1
LEAF 468 9
65 classes
18 0.082959
28 0.0891646
47 0.629106
53 0.0709963
55 0.0519445
61 0.0758297
-1 -1
NODE 464 8
2dots_tau0
0 8 -5 12 -4
465 466 
LEAF 465 9
65 classes
20 0.588549
59 0.411451
-1 -1
LEAF 466 9
65 classes
-1 -1
NODE 456 7
2dots_tau0
0 11 12 13 -8
457 458 
NODE 457 8
2dots_tau0
0 15 -6 5 -1
461 462 
LEAF 461 9
65 classes
2 0.0976163
4 0.0253802
5 0.0206343
9 0.0213279
17 0.0383098
19 0.0205508
30 0.0344528
37 0.0205508
39 0.0109634
44 0.198374
51 0.0374156
53 0.0159124
55 0.174635
59 0.0459371
61 0.23794
-1 -1
LEAF 462 9
65 classes
2 0.0725914
5 0.268529
22 0.119454
27 0.0375971
28 0.0743061
53 0.0591654
55 0.108221
61 0.168516
63 0.0916202
-1 -1
NODE 458 8
2dots_tau0
0 7 1 7 3
459 460 
LEAF 459 9
65 classes
2 0.0282272
4 0.165129
11 0.0689116
16 0.0139526
19 0.0148564
21 0.00802963
22 0.1858
23 0.0168328
28 0.130023
30 0.0332085
32 0.00819094
40 0.0143904
44 0.0253072
49 0.0163819
51 0.0270482
53 0.0230065
55 0.143078
59 0.0166043
61 0.0491457
63 0.0118755
-1 -1
LEAF 460 9
65 classes
2 0.0821464
4 0.0711935
5 0.0578809
16 0.0812094
19 0.0288233
21 0.0311569
22 0.180237
30 0.0161071
32 0.0158914
39 0.0153766
40 0.027919
44 0.114564
45 0.029664
49 0.0158914
51 0.0699691
55 0.0979728
59 0.0322143
61 0.0317828
-1 -1
NODE 388 4
2dots_tau0
0 -12 -6 2 -15
389 390 
NODE 389 5
2dots_tau0
0 -7 6 14 9
421 422 
NODE 421 6
2dots_tau0
0 -13 10 -15 0
437 438 
NODE 437 7
2dots_tau0
0 -14 1 1 -10
445 446 
NODE 445 8
2dots_tau0
0 -1 1 -4 -10
449 450 
LEAF 449 9
65 classes
3 0.0406235
5 0.0197338
7 0.16456
15 0.0321491
19 0.0786155
20 0.0157104
22 0.143382
28 0.401357
39 0.0104849
51 0.0715652
59 0.010983
61 0.010836
-1 -1
LEAF 450 9
65 classes
7 0.665288
19 0.113511
28 0.110382
48 0.110819
-1 -1
NODE 446 8
2dots_tau0
0 15 -13 -11 -2
447 448 
LEAF 447 9
65 classes
0 0.0917574
19 0.386347
42 0.272962
48 0.0942961
52 0.100662
59 0.0539749
-1 -1
LEAF 448 9
65 classes
1 0.0521566
19 0.150768
22 0.0523766
27 0.0494552
28 0.488711
35 0.0566816
45 0.0517219
48 0.0981286
-1 -1
NODE 438 7
2dots_tau0
0 7 -7 8 -11
439 440 
NODE 439 8
2dots_tau0
0 15 5 9 6
443 444 
LEAF 443 9
65 classes
15 0.205981
22 0.262473
42 0.284696
47 0.24685
-1 -1
LEAF 444 9
65 classes
5 0.0679293
7 0.0566461
19 0.202963
22 0.141018
28 0.0657898
42 0.229436
47 0.0663119
48 0.1321
59 0.0378068
-1 -1
NODE 440 8
2dots_tau0
0 7 11 -11 0
441 442 
LEAF 441 9
65 classes
5 0.198
9 0.204655
19 0.394396
45 0.20295
-1 -1
LEAF 442 9
65 classes
3 0.0586913
5 0.0570212
14 0.0521458
15 0.0464478
19 0.397533
22 0.0591866
28 0.110451
42 0.128396
47 0.0556636
51 0.0344649
-1 -1
NODE 422 6
2dots_tau0
0 14 0 11 -14
423 424 
NODE 423 7
2dots_tau0
0 -1 -15 -15 3
431 432 
NODE 431 8
2dots_tau0
0 15 -12 -8 -8
435 436 
LEAF 435 9
65 classes
14 0.160657
22 0.0911745
28 0.255217
42 0.197788
44 0.198698
61 0.0964659
-1 -1
LEAF 436 9
65 classes
5 0.126692
13 0.0494703
14 0.0386199
16 0.0790019
17 0.0784057
19 0.0420597
22 0.0438344
28 0.286304
41 0.0474372
42 0.0237729
48 0.0821245
59 0.023504
61 0.0231892
62 0.0219635
63 0.0336206
-1 -1
NODE 432 8
2dots_tau0
0 11 1 -6 -13
433 434 
LEAF 433 9
65 classes
2 0.00783179
3 0.00851994
5 0.016555
7 0.117344
14 0.0151395
15 0.0067426
16 0.0154849
17 0.0307361
19 0.00824399
22 0.283531
27 0.00811262
28 0.448941
44 0.0187243
51 0.00500311
61 0.00909048
-1 -1
LEAF 434 9
65 classes
5 0.119476
19 0.118992
28 0.694276
42 0.0672563
-1 -1
NODE 424 7
2dots_tau0
0 -4 -13 5 11
425 426 
NODE 425 8
2dots_tau0
0 4 8 10 -1
429 430 
LEAF 429 9
65 classes
51 1
-1 -1
LEAF 430 9
65 classes
1 0.0268954
3 0.0267829
5 0.0780623
7 0.108493
14 0.0713878
22 0.0540178
28 0.151207
42 0.0292957
44 0.0294304
47 0.0762037
48 0.0253008
51 0.0314551
55 0.0293629
61 0.214323
62 0.027066
63 0.0207156
-1 -1
NODE 426 8
2dots_tau0
0 -11 3 -2 -14
427 428 
LEAF 427 9
65 classes
5 0.0594125
7 0.049544
14 0.0181109
17 0.0367685
22 0.226118
28 0.172624
44 0.0111996
47 0.0193326
51 0.0478803
59 0.0110222
61 0.347987
-1 -1
LEAF 428 9
65 classes
2 0.0491746
22 0.0539468
28 0.0503362
30 0.0289262
47 0.0507357
48 0.0505351
51 0.0314137
61 0.684932
-1 -1
NODE 390 5
2dots_tau0
0 4 3 -12 -5
391 392 
NODE 391 6
2dots_tau0
0 -3 4 3 -10
407 408 
NODE 407 7
2dots_tau0
0 -3 0 14 15
415 416 
NODE 415 8
2dots_tau0
0 0 15 14 8
419 420 
LEAF 419 9
65 classes
2 0.0798211
3 0.0868346
19 0.168044
22 0.437837
28 0.0817066
35 0.0947648
51 0.0509914
-1 -1
LEAF 420 9
65 classes
1 0.10105
3 0.100627
19 0.194735
22 0.101476
28 0.189368
32 0.0536826
42 0.0550338
44 0.0552869
48 0.0950585
49 0.0536826
-1 -1
NODE 416 8
2dots_tau0
0 9 14 -12 12
417 418 
LEAF 417 9
65 classes
17 0.0455444
18 0.0442098
22 0.0509252
28 0.0475168
30 0.027306
39 0.0521351
44 0.166473
49 0.0269403
55 0.0830454
56 0.0517994
61 0.404105
-1 -1
LEAF 418 9
65 classes
3 0.164766
19 0.15943
22 0.332313
30 0.089093
45 0.16408
55 0.090319
-1 -1
NODE 408 7
2dots_tau0
0 -13 -15 7 8
409 410 
NODE 409 8
2dots_tau0
0 -9 -5 -7 11
413 414 
LEAF 413 9
65 classes
13 0.254389
28 0.0350536
42 0.162995
47 0.0706636
53 0.027911
55 0.428844
59 0.0201439
-1 -1
LEAF 414 9
65 classes
2 0.0297914
5 0.0157434
13 0.0553269
20 0.150403
22 0.0490238
28 0.0152476
42 0.0531745
47 0.414951
48 0.0153078
49 0.0778034
53 0.0485628
54 0.0141864
55 0.0266483
59 0.00876217
63 0.0250672
-1 -1
NODE 410 8
2dots_tau0
0 -5 -15 -4 4
411 412 
LEAF 411 9
65 classes
1 0.0230107
2 0.0210636
5 0.0222624
11 0.0128557
13 0.0260788
17 0.382325
18 0.0300909
19 0.0221722
22 0.0462155
28 0.0107806
35 0.00625176
40 0.204028
42 0.0501285
47 0.0108662
48 0.0108232
49 0.0122244
50 0.0098499
54 0.0401212
55 0.0376826
59 0.00619518
61 0.00611221
63 0.00886172
-1 -1
LEAF 412 9
65 classes
0 0.0324302
1 0.0885698
2 0.194581
3 0.0352797
11 0.0197931
17 0.222728
18 0.0308859
19 0.034137
28 0.0331963
30 0.0286149
37 0.034137
40 0.0826652
44 0.00969178
48 0.0166637
53 0.0264321
54 0.0154429
55 0.0193391
59 0.00953829
61 0.0658738
-1 -1
NODE 392 6
2dots_tau0
0 -1 -15 -13 9
393 394 
NODE 393 7
2dots_tau0
0 -8 -3 -10 4
401 402 
NODE 401 8
2dots_tau0
0 2 2 9 9
405 406 
LEAF 405 9
65 classes
4 0.10531
11 0.197765
13 0.20059
17 0.158958
42 0.337377
-1 -1
LEAF 406 9
65 classes
1 0.0450958
3 0.0449071
4 0.053664
10 0.0329227
17 0.324009
20 0.104202
44 0.0493462
48 0.296955
55 0.0246165
59 0.0242823
-1 -1
NODE 402 8
2dots_tau0
0 7 4 -5 -3
403 404 
LEAF 403 9
65 classes
4 0.064914
5 0.175919
11 0.0406347
17 0.326611
22 0.0182599
28 0.0170378
37 0.0175206
47 0.137384
48 0.0171051
49 0.00965982
53 0.0271323
55 0.109183
61 0.0386393
-1 -1
LEAF 404 9
65 classes
47 1
-1 -1
NODE 394 7
2dots_tau0
0 1 -1 12 -6
395 396 
NODE 395 8
2dots_tau0
0 1 -13 11 -1
399 400 
LEAF 399 9
65 classes
5 0.391469
28 0.0631899
47 0.382149
48 0.126879
59 0.0363128
-1 -1
LEAF 400 9
65 classes
5 0.056064
17 0.260222
22 0.349158
28 0.108596
47 0.109458
48 0.0545129
59 0.0312031
61 0.0307852
-1 -1
NODE 396 8
2dots_tau0
0 0 -14 -6 11
397 398 
LEAF 397 9
65 classes
5 0.122397
17 0.719602
42 0.0229669
55 0.0230196
61 0.112015
-1 -1
LEAF 398 9
65 classes
5 0.229645
17 0.170544
20 0.0365649
47 0.134506
61 0.428739
-1 -1
NODE 260 3
2dots_tau0
0 10 -13 12 0
261 262 
NODE 261 4
2dots_tau0
0 11 12 12 6
325 326 
NODE 325 5
2dots_tau0
0 -11 11 -2 2
357 358 
NODE 357 6
2dots_tau0
0 7 -12 4 11
373 374 
NODE 373 7
2dots_tau0
0 -15 10 -12 10
381 382 
NODE 381 8
2dots_tau0
0 -12 14 13 -11
385 386 
LEAF 385 9
65 classes
0 0.112875
14 0.081824
19 0.059408
20 0.023744
21 0.0160544
30 0.0829964
42 0.0335784
47 0.291146
51 0.252374
53 0.0459993
-1 -1
LEAF 386 9
65 classes
20 0.0524527
22 0.0683877
23 0.223044
42 0.0741779
47 0.064317
49 0.108535
51 0.238937
53 0.101617
62 0.0685322
-1 -1
NODE 382 8
2dots_tau0
0 -11 3 0 -15
383 384 
LEAF 383 9
65 classes
0 0.0782346
14 0.0756171
42 0.0465469
47 0.161436
49 0.045404
51 0.549757
62 0.0430042
-1 -1
LEAF 384 9
65 classes
0 0.102306
7 0.0901682
12 0.0604537
15 0.0880782
20 0.172166
23 0.0610083
47 0.158331
49 0.118748
51 0.0653554
53 0.0833844
-1 -1
NODE 374 7
2dots_tau0
0 9 -7 -6 13
375 376 
NODE 375 8
2dots_tau0
0 -11 1 -11 3
379 380 
LEAF 379 9
65 classes
47 0.636888
59 0.363112
-1 -1
LEAF 380 9
65 classes
5 0.338148
15 0.275445
21 0.182023
51 0.204384
-1 -1
NODE 376 8
2dots_tau0
0 15 1 10 13
377 378 
LEAF 377 9
65 classes
30 0.523145
51 0.227253
53 0.144972
59 0.104629
-1 -1
LEAF 378 9
65 classes
21 0.0508407
30 0.473094
39 0.0501818
47 0.368797
51 0.0570865
-1 -1
NODE 358 6
2dots_tau0
0 -9 5 -3 13
359 360 
NODE 359 7
2dots_tau0
0 -2 -5 10 -1
367 368 
NODE 367 8
2dots_tau0
0 -9 7 9 8
371 372 
LEAF 371 9
65 classes
11 0.039081
12 0.0378375
20 0.0538786
28 0.0655453
42 0.209535
49 0.167228
51 0.327243
59 0.0188331
63 0.080818
-1 -1
LEAF 372 9
65 classes
51 1
-1 -1
NODE 368 8
2dots_tau0
0 -10 -12 13 -3
369 370 
LEAF 369 9
65 classes
22 0.235611
42 0.6389
49 0.0623213
59 0.0631673
-1 -1
LEAF 370 9
65 classes
2 0.0498728
15 0.0429368
19 0.0524977
20 0.0839283
42 0.267053
49 0.376272
51 0.127439
-1 -1
NODE 360 7
2dots_tau0
0 -8 -5 -5 15
361 362 
NODE 361 8
2dots_tau0
0 2 10 0 -9
365 366 
LEAF 365 9
65 classes
63 1
-1 -1
LEAF 366 9
65 classes
28 0.456404
49 0.258765
51 0.284832
-1 -1
NODE 362 8
2dots_tau0
0 3 7 4 -8
363 364 
LEAF 363 9
65 classes
15 0.248882
32 0.167773
59 0.340101
63 0.243244
-1 -1
LEAF 364 9
65 classes
3 0.0288134
19 0.0278802
20 0.245147
23 0.031589
28 0.0271118
35 0.0157224
42 0.0787918
44 0.0158308
49 0.169086
51 0.0338398
53 0.0431749
59 0.0155801
63 0.267433
-1 -1
NODE 326 5
2dots_tau0
0 5 -15 2 4
327 328 
NODE 327 6
2dots_tau0
0 -11 12 6 -7
343 344 
NODE 343 7
2dots_tau0
0 -4 -8 -10 3
351 352 
NODE 351 8
2dots_tau0
0 -14 -12 -3 -2
355 356 
LEAF 355 9
65 classes
3 0.311585
30 0.168482
51 0.18297
59 0.336963
-1 -1
LEAF 356 9
65 classes
14 0.516225
33 0.259075
63 0.2247
-1 -1
NODE 352 8
2dots_tau0
0 8 13 -2 6
353 354 
LEAF 353 9
65 classes
51 0.765147
59 0.234853
-1 -1
LEAF 354 9
65 classes
0 0.054391
4 0.0707083
14 0.367999
19 0.343522
30 0.0639895
51 0.0694922
62 0.0298978
-1 -1
NODE 344 7
2dots_tau0
0 -4 7 10 10
345 346 
NODE 345 8
2dots_tau0
0 -13 0 -12 -13
349 350 
LEAF 349 9
65 classes
0 0.112312
11 0.137094
19 0.118223
20 0.0945018
23 0.13395
42 0.0668217
44 0.0671289
49 0.065181
51 0.0717471
55 0.0669749
59 0.0660658
-1 -1
LEAF 350 9
65 classes
12 0.0705006
20 0.401557
42 0.319431
44 0.0356555
47 0.0615482
51 0.0762169
59 0.0350908
-1 -1
NODE 346 8
2dots_tau0
0 4 3 9 1
347 348 
LEAF 347 9
65 classes
20 0.323842
49 0.223364
59 0.452793
-1 -1
LEAF 348 9
65 classes
47 0.458366
49 0.257831
51 0.283804
-1 -1
NODE 328 6
2dots_tau0
0 5 2 12 12
329 330 
NODE 329 7
2dots_tau0
0 -3 10 -2 4
337 338 
NODE 337 8
2dots_tau0
0 -7 12 8 0
341 342 
LEAF 341 9
65 classes
0 0.186498
14 0.180259
41 0.221414
47 0.192419
59 0.21941
-1 -1
LEAF 342 9
65 classes
19 0.641509
59 0.358491
-1 -1
NODE 338 8
2dots_tau0
0 -8 -12 -14 -3
339 340 
LEAF 339 9
65 classes
15 0.422562
59 0.577438
-1 -1
LEAF 340 9
65 classes
1 0.151573
15 0.119452
19 0.146051
21 0.0789376
32 0.0805234
44 0.0829298
49 0.0805234
51 0.17727
55 0.0827396
-1 -1
NODE 330 7
2dots_tau0
0 2 -5 0 -15
331 332 
NODE 331 8
2dots_tau0
0 5 -13 7 13
335 336 
LEAF 335 9
65 classes
14 0.337881
19 0.367976
63 0.294143
-1 -1
LEAF 336 9
65 classes
15 0.422562
59 0.577438
-1 -1
NODE 332 8
2dots_tau0
0 -1 8 15 -3
333 334 
LEAF 333 9
65 classes
63 1
-1 -1
LEAF 334 9
65 classes
10 1
-1 -1
NODE 262 4
2dots_tau0
0 -12 15 8 14
263 264 
NODE 263 5
2dots_tau0
0 -15 -9 -6 5
295 296 
NODE 295 6
2dots_tau0
0 0 0 -6 6
311 312 
NODE 311 7
2dots_tau0
0 -8 -9 -14 0
319 320 
NODE 319 8
2dots_tau0
0 -5 -7 0 0
323 324 
LEAF 323 9
65 classes
10 0.850459
63 0.149541
-1 -1
LEAF 324 9
65 classes
10 0.137055
14 0.207621
15 0.11096
20 0.0361489
24 0.039751
42 0.153364
47 0.0886509
51 0.0274448
55 0.0256193
59 0.101086
63 0.0722979
-1 -1
NODE 320 8
2dots_tau0
0 15 -4 -1 13
321 322 
LEAF 321 9
65 classes
1 0.0219031
7 0.017671
14 0.251926
15 0.0345228
19 0.04221
27 0.0207687
30 0.023588
42 0.0119289
49 0.0465441
51 0.14089
55 0.0358688
59 0.318437
63 0.0337407
-1 -1
LEAF 322 9
65 classes
19 0.0818645
30 0.365982
39 0.218364
47 0.0802402
53 0.253549
-1 -1
NODE 312 7
2dots_tau0
0 -13 -8 6 -6
313 314 
NODE 313 8
2dots_tau0
0 14 0 14 12
317 318 
LEAF 317 9
65 classes
7 1
-1 -1
LEAF 318 9
65 classes
42 1
-1 -1
NODE 314 8
2dots_tau0
0 -9 -1 12 -6
315 316 
LEAF 315 9
65 classes
55 1
-1 -1
LEAF 316 9
65 classes
-1 -1
NODE 296 6
2dots_tau0
0 -14 -3 -5 2
297 298 
NODE 297 7
2dots_tau0
0 -3 0 -1 -3
305 306 
NODE 305 8
2dots_tau0
0 -9 14 -11 -15
309 310 
LEAF 309 9
65 classes
19 0.641509
59 0.358491
-1 -1
LEAF 310 9
65 classes
12 0.232013
19 0.206651
59 0.230963
63 0.330374
-1 -1
NODE 306 8
2dots_tau0
0 7 -4 14 9
307 308 
LEAF 307 9
65 classes
5 0.077574
20 0.061758
22 0.0805199
39 0.164866
47 0.530089
49 0.0851929
-1 -1
LEAF 308 9
65 classes
7 0.153608
14 0.168455
22 0.382399
42 0.051847
47 0.0899094
59 0.153782
-1 -1
NODE 298 7
2dots_tau0
0 -7 11 0 11
299 300 
NODE 299 8
2dots_tau0
0 -11 -14 -4 15
303 304 
LEAF 303 9
65 classes
0 0.107126
12 0.316508
19 0.169146
22 0.0587609
27 0.0554834
39 0.0300785
51 0.136868
59 0.12603
-1 -1
LEAF 304 9
65 classes
0 0.0406364
7 0.0716303
14 0.0392768
15 0.06997
19 0.0427752
22 0.0891601
35 0.0241221
39 0.0228196
47 0.167706
49 0.165085
51 0.0259594
53 0.0662412
55 0.0242327
59 0.0478076
63 0.102577
-1 -1
NODE 300 8
2dots_tau0
0 8 -1 -11 -8
301 302 
LEAF 301 9
65 classes
0 0.0526188
12 0.124372
16 0.0520186
27 0.0545056
35 0.0624698
41 0.12494
45 0.0570037
49 0.183226
51 0.201684
53 0.0428868
63 0.0442748
-1 -1
LEAF 302 9
65 classes
28 0.302193
41 0.350489
59 0.347317
-1 -1
NODE 264 5
2dots_tau0
0 0 -12 4 -5
265 266 
NODE 265 6
2dots_tau0
0 13 0 -10 9
281 282 
NODE 281 7
2dots_tau0
0 -2 13 -7 12
289 290 
NODE 289 8
2dots_tau0
0 1 1 14 -9
293 294 
LEAF 293 9
65 classes
22 0.18883
27 0.356594
49 0.199788
51 0.109957
63 0.14483
-1 -1
LEAF 294 9
65 classes
32 0.123698
44 0.127395
49 0.247397
59 0.50151
-1 -1
NODE 290 8
2dots_tau0
0 11 0 -9 -10
291 292 
LEAF 291 9
65 classes
15 0.177444
22 0.22611
27 0.213498
32 0.119616
51 0.263332
-1 -1
LEAF 292 9
65 classes
51 0.520612
59 0.479388
-1 -1
NODE 282 7
2dots_tau0
0 2 5 11 -4
283 284 
NODE 283 8
2dots_tau0
0 -4 -15 14 4
287 288 
LEAF 287 9
65 classes
-1 -1
LEAF 288 9
65 classes
51 0.520612
59 0.479388
-1 -1
NODE 284 8
2dots_tau0
0 9 -9 4 13
285 286 
LEAF 285 9
65 classes
-1 -1
LEAF 286 9
65 classes
28 1
-1 -1
NODE 266 6
2dots_tau0
0 -6 0 12 -2
267 268 
NODE 267 7
2dots_tau0
0 -5 -5 3 -10
275 276 
NODE 275 8
2dots_tau0
0 -7 15 13 -5
279 280 
LEAF 279 9
65 classes
-1 -1
LEAF 280 9
65 classes
51 1
-1 -1
NODE 276 8
2dots_tau0
0 -4 4 10 12
277 278 
LEAF 277 9
65 classes
27 0.500994
47 0.499006
-1 -1
LEAF 278 9
65 classes
22 0.152367
28 0.142169
47 0.57319
54 0.132275
-1 -1
NODE 268 7
2dots_tau0
0 -7 -14 9 -12
269 270 
NODE 269 8
2dots_tau0
0 14 -7 0 -8
273 274 
LEAF 273 9
65 classes
15 0.449327
16 0.128989
28 0.13356
47 0.13462
59 0.153503
-1 -1
LEAF 274 9
65 classes
22 1
-1 -1
NODE 270 8
2dots_tau0
0 -3 -5 1 15
271 272 
LEAF 271 9
65 classes
59 1
-1 -1
LEAF 272 9
65 classes
22 0.171823
32 0.181795
47 0.646382
-1 -1
NODE 4 2
2dots_tau0
0 0 -7 -12 5
5 6 
NODE 5 3
2dots_tau0
0 -6 12 -11 -13
133 134 
NODE 133 4
2dots_tau0
0 -9 9 7 0
197 198 
NODE 197 5
2dots_tau0
0 11 -6 -3 1
229 230 
NODE 229 6
2dots_tau0
0 0 -6 2 0
245 246 
NODE 245 7
2dots_tau0
0 5 14 -2 5
253 254 
NODE 253 8
2dots_tau0
0 -14 -3 -2 14
257 258 
LEAF 257 9
65 classes
42 0.118279
48 0.4086
51 0.126997
61 0.346124
-1 -1
LEAF 258 9
65 classes
1 0.0485962
3 0.120982
7 0.0196032
9 0.0242981
23 0.132637
35 0.0396093
40 0.0680348
42 0.132333
48 0.342863
51 0.0710436
-1 -1
NODE 254 8
2dots_tau0
0 8 -14 0 8
255 256 
LEAF 255 9
65 classes
3 0.477024
23 0.522976
-1 -1
LEAF 256 9
65 classes
0 0.328162
40 0.334597
48 0.337242
-1 -1
NODE 246 7
2dots_tau0
0 14 2 13 7
247 248 
NODE 247 8
2dots_tau0
0 -7 -3 -8 7
251 252 
LEAF 251 9
65 classes
42 0.180889
48 0.624889
51 0.194222
-1 -1
LEAF 252 9
65 classes
3 0.20417
14 0.0907
30 0.0551998
42 0.111663
44 0.056088
48 0.48218
-1 -1
NODE 248 8
2dots_tau0
0 -2 -11 -15 -7
249 250 
LEAF 249 9
65 classes
1 0.0457872
10 0.568267
23 0.149964
35 0.0248798
40 0.0427348
42 0.0249368
44 0.0250514
45 0.0454057
61 0.0729734
-1 -1
LEAF 250 9
65 classes
10 0.0965591
42 0.0720327
44 0.217092
48 0.24884
51 0.154684
61 0.210792
-1 -1
NODE 230 6
2dots_tau0
0 2 7 11 -5
231 232 
NODE 231 7
2dots_tau0
0 -4 0 -2 -2
239 240 
NODE 239 8
2dots_tau0
0 1 7 -10 1
243 244 
LEAF 243 9
65 classes
0 0.155189
3 0.337649
22 0.0851247
23 0.277631
40 0.0791159
63 0.0652898
-1 -1
LEAF 244 9
65 classes
0 0.133596
3 0.290669
19 0.140627
40 0.136216
59 0.0785859
62 0.220306
-1 -1
NODE 240 8
2dots_tau0
0 2 -11 7 6
241 242 
LEAF 241 9
65 classes
2 0.150926
3 0.164188
18 0.143739
19 0.317739
51 0.0964148
63 0.126993
-1 -1
LEAF 242 9
65 classes
3 0.308508
51 0.362326
61 0.329167
-1 -1
NODE 232 7
2dots_tau0
0 4 -9 -7 11
233 234 
NODE 233 8
2dots_tau0
0 0 -3 -9 -5
237 238 
LEAF 237 9
65 classes
7 0.431599
61 0.568401
-1 -1
LEAF 238 9
65 classes
15 1
-1 -1
NODE 234 8
2dots_tau0
0 9 -15 4 0
235 236 
LEAF 235 9
65 classes
1 0.0585689
3 0.174971
23 0.191826
48 0.440771
51 0.102747
61 0.0311147
-1 -1
LEAF 236 9
65 classes
21 0.278751
48 0.251757
51 0.469493
-1 -1
NODE 198 5
2dots_tau0
0 -7 -14 9 2
199 200 
NODE 199 6
2dots_tau0
0 2 -11 15 -9
215 216 
NODE 215 7
2dots_tau0
0 12 -14 15 6
223 224 
NODE 223 8
2dots_tau0
0 -13 15 12 0
227 228 
LEAF 227 9
65 classes
0 0.14264
3 0.155173
7 0.125716
19 0.150147
27 0.147754
53 0.116258
59 0.0839057
62 0.0784065
-1 -1
LEAF 228 9
65 classes
1 1
-1 -1
NODE 224 8
2dots_tau0
0 -7 -3 13 10
225 226 
LEAF 225 9
65 classes
3 0.33767
19 0.163367
27 0.321526
35 0.0921269
62 0.0853099
-1 -1
LEAF 226 9
65 classes
3 0.219872
19 0.425501
48 0.207705
51 0.0645569
53 0.0823657
-1 -1
NODE 216 7
2dots_tau0
0 -7 4 -14 12
217 218 
NODE 217 8
2dots_tau0
0 -7 -1 -9 1
221 222 
LEAF 221 9
65 classes
15 0.146583
18 0.162154
35 0.202137
42 0.2026
63 0.286525
-1 -1
LEAF 222 9
65 classes
35 0.199635
42 0.800366
-1 -1
NODE 218 8
2dots_tau0
0 -13 13 5 -9
219 220 
LEAF 219 9
65 classes
1 0.0715434
23 0.468642
42 0.350677
48 0.0673017
51 0.0418362
-1 -1
LEAF 220 9
65 classes
1 0.0871434
30 0.0469234
42 0.711904
53 0.0650161
56 0.0890134
-1 -1
NODE 200 6
2dots_tau0
0 -10 6 5 4
201 202 
NODE 201 7
2dots_tau0
0 7 5 -13 11
209 210 
NODE 209 8
2dots_tau0
0 -9 0 -7 14
213 214 
LEAF 213 9
65 classes
19 0.726984
44 0.137598
59 0.135419
-1 -1
LEAF 214 9
65 classes
3 0.18136
35 0.0494807
37 0.0877432
44 0.24911
56 0.0930153
59 0.0490329
61 0.290258
-1 -1
NODE 210 8
2dots_tau0
0 -9 -1 0 11
211 212 
LEAF 211 9
65 classes
19 0.111628
22 0.465352
28 0.108552
41 0.1259
42 0.126188
59 0.0623803
-1 -1
LEAF 212 9
65 classes
3 0.121434
10 0.089027
20 0.093925
42 0.398483
47 0.11517
53 0.181961
-1 -1
NODE 202 7
2dots_tau0
0 -5 -8 -3 1
203 204 
NODE 203 8
2dots_tau0
0 -14 -15 14 -5
207 208 
LEAF 207 9
65 classes
2 0.0794406
19 0.167243
27 0.576024
56 0.177292
-1 -1
LEAF 208 9
65 classes
1 0.0187061
10 0.0136566
21 0.00974191
23 0.306334
27 0.0354745
35 0.020329
40 0.0349181
42 0.244506
48 0.0351941
52 0.018785
53 0.0139563
56 0.248398
-1 -1
NODE 204 8
2dots_tau0
0 0 1 -6 -3
205 206 
LEAF 205 9
65 classes
1 0.0262891
2 0.0481292
5 0.00508683
9 0.173508
10 0.172734
19 0.0101325
21 0.027382
22 0.00528
23 0.00574018
27 0.0648114
28 0.00492661
30 0.0368047
32 0.00837964
37 0.0810597
39 0.018919
40 0.00981458
42 0.0114541
44 0.0287669
45 0.015642
48 0.118706
49 0.0139661
50 0.0135039
52 0.01056
53 0.0549186
55 0.00287009
59 0.00283113
61 0.0251389
62 0.00264558
-1 -1
LEAF 206 9
65 classes
9 0.236569
13 0.0446853
19 0.0379916
21 0.102669
23 0.172182
30 0.0424612
35 0.0214245
40 0.183998
51 0.0691689
52 0.0395946
53 0.0294167
62 0.0198391
-1 -1
NODE 134 4
2dots_tau0
0 -4 -15 -8 -8
135 136 
NODE 135 5
2dots_tau0
0 -3 7 1 2
167 168 
NODE 167 6
2dots_tau0
0 0 12 6 -6
183 184 
NODE 183 7
2dots_tau0
0 0 7 3 7
191 192 
NODE 191 8
2dots_tau0
0 -13 13 -12 5
195 196 
LEAF 195 9
65 classes
3 0.643746
5 0.104238
51 0.252015
-1 -1
LEAF 196 9
65 classes
-1 -1
NODE 192 8
2dots_tau0
0 13 -9 -10 11
193 194 
LEAF 193 9
65 classes
3 1
-1 -1
LEAF 194 9
65 classes
-1 -1
NODE 184 7
2dots_tau0
0 -7 -6 -6 6
185 186 
NODE 185 8
2dots_tau0
0 -14 -14 -10 2
189 190 
LEAF 189 9
65 classes
3 0.275436
30 0.446804
52 0.27776
-1 -1
LEAF 190 9
65 classes
3 1
-1 -1
NODE 186 8
2dots_tau0
0 0 -8 8 0
187 188 
LEAF 187 9
65 classes
53 1
-1 -1
LEAF 188 9
65 classes
7 0.143097
30 0.0955057
44 0.0970426
52 0.178116
53 0.396992
62 0.0892464
-1 -1
NODE 168 6
2dots_tau0
0 1 -11 8 0
169 170 
NODE 169 7
2dots_tau0
0 7 9 -4 -4
177 178 
NODE 177 8
2dots_tau0
0 14 5 15 4
181 182 
LEAF 181 9
65 classes
1 0.0819922
2 0.0750544
5 0.0793257
27 0.233237
37 0.0790046
42 0.0893095
51 0.239731
53 0.122346
-1 -1
LEAF 182 9
65 classes
2 0.114648
3 0.124722
27 0.118759
28 0.117357
37 0.120682
51 0.146479
53 0.0934438
59 0.0674402
63 0.0964679
-1 -1
NODE 178 8
2dots_tau0
0 0 8 -13 6
179 180 
LEAF 179 9
65 classes
62 0.395141
63 0.604859
-1 -1
LEAF 180 9
65 classes
4 0.264569
42 0.605421
51 0.130009
-1 -1
NODE 170 7
2dots_tau0
0 4 -14 3 1
171 172 
NODE 171 8
2dots_tau0
0 7 -3 -4 14
175 176 
LEAF 175 9
65 classes
3 0.0559183
4 0.133645
23 0.0613049
27 0.0532449
37 0.0541072
40 0.0524097
42 0.122329
44 0.122892
56 0.344149
-1 -1
LEAF 176 9
65 classes
40 0.363561
42 0.636439
-1 -1
NODE 172 8
2dots_tau0
0 -6 3 5 -8
173 174 
LEAF 173 9
65 classes
15 0.163612
21 0.10812
28 0.389062
42 0.339205
-1 -1
LEAF 174 9
65 classes
5 0.057604
14 0.0526787
21 0.0310078
28 0.278948
37 0.0573708
41 0.0647058
42 0.291843
44 0.0325761
53 0.133266
-1 -1
NODE 136 5
2dots_tau0
0 -6 8 2 -6
137 138 
NODE 137 6
2dots_tau0
0 8 6 3 -9
153 154 
NODE 153 7
2dots_tau0
0 -11 15 -2 -3
161 162 
NODE 161 8
2dots_tau0
0 -1 -4 -15 -6
165 166 
LEAF 165 9
65 classes
3 0.577385
19 0.111737
35 0.0630114
51 0.0678108
56 0.118451
61 0.0616049
-1 -1
LEAF 166 9
65 classes
3 0.158723
7 0.257185
22 0.160062
23 0.174013
44 0.0872064
56 0.16281
-1 -1
NODE 162 8
2dots_tau0
0 15 11 6 -5
163 164 
LEAF 163 9
65 classes
3 0.299407
30 0.161896
56 0.307117
63 0.23158
-1 -1
LEAF 164 9
65 classes
30 0.364029
48 0.635971
-1 -1
NODE 154 7
2dots_tau0
0 9 10 5 -7
155 156 
NODE 155 8
2dots_tau0
0 1 -10 -12 -6
159 160 
LEAF 159 9
65 classes
3 1
-1 -1
LEAF 160 9
65 classes
3 1
-1 -1
NODE 156 8
2dots_tau0
0 -8 7 -14 9
157 158 
LEAF 157 9
65 classes
-1 -1
LEAF 158 9
65 classes
15 1
-1 -1
NODE 138 6
2dots_tau0
0 0 -8 9 4
139 140 
NODE 139 7
2dots_tau0
0 14 13 -1 1
147 148 
NODE 147 8
2dots_tau0
0 11 11 -8 -14
151 152 
LEAF 151 9
65 classes
42 0.737993
53 0.155536
56 0.106472
-1 -1
LEAF 152 9
65 classes
42 0.82322
51 0.17678
-1 -1
NODE 148 8
2dots_tau0
0 -1 -10 5 -3
149 150 
LEAF 149 9
65 classes
5 1
-1 -1
LEAF 150 9
65 classes
42 1
-1 -1
NODE 140 7
2dots_tau0
0 14 0 -8 11
141 142 
NODE 141 8
2dots_tau0
0 -12 12 -1 14
145 146 
LEAF 145 9
65 classes
2 0.197429
4 0.256658
7 0.0870028
18 0.188028
19 0.10391
37 0.10391
51 0.063061
-1 -1
LEAF 146 9
65 classes
7 0.268429
19 0.106864
42 0.120803
48 0.10433
56 0.339856
59 0.0597183
-1 -1
NODE 142 8
2dots_tau0
0 3 0 -9 1
143 144 
LEAF 143 9
65 classes
-1 -1
LEAF 144 9
65 classes
-1 -1
NODE 6 3
2dots_tau0
0 -10 10 6 2
7 8 
NODE 7 4
2dots_tau0
0 1 7 -12 2
71 72 
NODE 71 5
2dots_tau0
0 0 -3 11 -15
103 104 
NODE 103 6
2dots_tau0
0 0 12 15 -1
119 120 
NODE 119 7
2dots_tau0
0 1 2 2 6
127 128 
NODE 127 8
2dots_tau0
0 4 -5 -9 0
131 132 
LEAF 131 9
65 classes
5 0.049197
10 0.63111
15 0.0400744
48 0.0956717
51 0.0297358
53 0.0758776
63 0.0783331
-1 -1
LEAF 132 9
65 classes
19 0.520624
22 0.271295
63 0.208081
-1 -1
NODE 128 8
2dots_tau0
0 -6 10 7 -11
129 130 
LEAF 129 9
65 classes
1 0.217702
10 0.317871
21 0.226753
23 0.237674
-1 -1
LEAF 130 9
65 classes
1 0.109871
10 0.641698
15 0.0432933
30 0.0295805
40 0.0512729
53 0.0819724
63 0.0423126
-1 -1
NODE 120 7
2dots_tau0
0 -11 15 1 -1
121 122 
NODE 121 8
2dots_tau0
0 -2 -13 11 -6
125 126 
LEAF 125 9
65 classes
7 1
-1 -1
LEAF 126 9
65 classes
1 0.0301428
5 0.0291625
9 0.120571
10 0.396109
14 0.0533381
39 0.0154945
40 0.0562665
45 0.298916
-1 -1
NODE 122 8
2dots_tau0
0 15 -13 -3 5
123 124 
LEAF 123 9
65 classes
59 1
-1 -1
LEAF 124 9
65 classes
2 0.508507
14 0.491493
-1 -1
NODE 104 6
2dots_tau0
0 -13 11 -12 -8
105 106 
NODE 105 7
2dots_tau0
0 12 -6 -4 13
113 114 
NODE 113 8
2dots_tau0
0 2 -9 -11 -13
117 118 
LEAF 117 9
65 classes
1 0.0175186
3 0.026168
5 0.00847445
9 0.183945
10 0.0255793
15 0.00690303
19 0.00844014
22 0.00879627
23 0.00956291
30 0.0660317
40 0.0245261
42 0.0143115
44 0.0862641
45 0.286648
50 0.014998
51 0.0204886
52 0.0615739
53 0.0653516
55 0.00478146
59 0.0094331
61 0.0325737
62 0.0176297
-1 -1
LEAF 118 9
65 classes
1 0.275125
3 0.0391392
5 0.0380254
14 0.0173871
22 0.0394695
23 0.0429095
28 0.0184139
30 0.0105817
40 0.0183417
42 0.0214056
44 0.129024
45 0.019488
51 0.0919338
52 0.0197347
53 0.146619
59 0.0317452
61 0.02088
62 0.0197765
-1 -1
NODE 114 8
2dots_tau0
0 15 0 -12 0
115 116 
LEAF 115 9
65 classes
1 0.133115
3 0.0662792
7 0.0268487
23 0.217992
40 0.0931808
45 0.0330015
48 0.0626116
52 0.133677
53 0.19863
59 0.0179194
62 0.016745
-1 -1
LEAF 116 9
65 classes
0 0.153001
7 0.269696
15 0.263445
40 0.156001
47 0.157858
-1 -1
NODE 106 7
2dots_tau0
0 7 14 3 7
107 108 
NODE 107 8
2dots_tau0
0 0 -12 -14 -15
111 112 
LEAF 111 9
65 classes
22 0.348422
44 0.18983
51 0.202889
53 0.258859
-1 -1
LEAF 112 9
65 classes
1 0.211767
7 0.17085
14 0.187363
53 0.315991
59 0.114029
-1 -1
NODE 108 8
2dots_tau0
0 -8 5 10 -6
109 110 
LEAF 109 9
65 classes
-1 -1
LEAF 110 9
65 classes
7 0.163382
14 0.179173
51 0.355265
53 0.30218
-1 -1
NODE 72 5
2dots_tau0
0 4 5 4 10
73 74 
NODE 73 6
2dots_tau0
0 -15 -14 0 -2
89 90 
NODE 89 7
2dots_tau0
0 12 -8 -4 0
97 98 
NODE 97 8
2dots_tau0
0 11 -15 -14 -4
101 102 
LEAF 101 9
65 classes
0 0.0563252
2 0.140813
7 0.0248213
14 0.489967
42 0.134046
44 0.0168328
51 0.0899543
52 0.0308957
61 0.0163444
-1 -1
LEAF 102 9
65 classes
0 0.0429654
1 0.046937
7 0.492282
14 0.290695
44 0.0256805
45 0.0465459
51 0.0548944
-1 -1
NODE 98 8
2dots_tau0
0 -10 0 3 15
99 100 
LEAF 99 9
65 classes
0 0.0395105
7 0.313405
14 0.0763772
58 0.570707
-1 -1
LEAF 100 9
65 classes
7 0.377418
51 0.273559
53 0.349023
-1 -1
NODE 90 7
2dots_tau0
0 -14 5 3 -2
91 92 
NODE 91 8
2dots_tau0
0 13 -15 -2 5
95 96 
LEAF 95 9
65 classes
1 0.0526624
9 0.105325
10 0.0384468
19 0.202974
42 0.0286811
44 0.057626
45 0.365565
51 0.0923857
59 0.0283567
61 0.0279769
-1 -1
LEAF 96 9
65 classes
5 0.493827
45 0.506173
-1 -1
NODE 92 8
2dots_tau0
0 15 2 13 -6
93 94 
LEAF 93 9
65 classes
3 0.215884
19 0.208892
45 0.214985
51 0.126772
59 0.233467
-1 -1
LEAF 94 9
65 classes
2 0.124545
19 0.1311
22 0.136632
28 0.254975
45 0.134924
59 0.073262
61 0.144562
-1 -1
NODE 74 6
2dots_tau0
0 -6 5 -1 -1
75 76 
NODE 75 7
2dots_tau0
0 15 11 -8 12
83 84 
NODE 83 8
2dots_tau0
0 -6 8 0 6
87 88 
LEAF 87 9
65 classes
1 0.0241547
5 0.0233692
7 0.487189
14 0.0213711
19 0.0465492
22 0.0485133
30 0.0260128
44 0.0132157
47 0.114064
52 0.0970266
53 0.0360428
56 0.0246731
61 0.0256644
62 0.012154
-1 -1
LEAF 88 9
65 classes
9 0.0786169
14 0.069557
19 0.0757523
22 0.0789486
42 0.0428165
44 0.0430134
52 0.55264
53 0.0586546
-1 -1
NODE 84 8
2dots_tau0
0 -2 10 0 1
85 86 
LEAF 85 9
65 classes
1 0.36129
3 0.139914
7 0.0647736
9 0.0200716
10 0.0439606
30 0.0108078
35 0.0109065
40 0.0562006
42 0.0218629
47 0.0568697
51 0.0117372
52 0.181407
62 0.020199
-1 -1
LEAF 86 9
65 classes
1 0.0634999
5 0.0204783
7 0.358613
10 0.0927177
14 0.0936368
19 0.122372
22 0.0637679
45 0.104951
47 0.0799629
-1 -1
NODE 76 7
2dots_tau0
0 -5 -13 -11 -2
77 78 
NODE 77 8
2dots_tau0
0 11 8 -1 9
81 82 
LEAF 81 9
65 classes
1 0.258232
7 0.0801293
10 0.0145019
14 0.50967
28 0.0186127
42 0.0108184
44 0.0108681
47 0.0187604
51 0.0464632
59 0.021392
61 0.0105527
-1 -1
LEAF 82 9
65 classes
10 0.0830334
14 0.201256
28 0.213141
30 0.122484
42 0.185828
51 0.133017
59 0.0612419
-1 -1
NODE 78 8
2dots_tau0
0 0 12 11 3
79 80 
LEAF 79 9
65 classes
1 0.0171422
5 0.315109
9 0.0171422
10 0.350415
14 0.0151667
22 0.0688579
28 0.0803116
30 0.0553823
35 0.00931468
42 0.009336
44 0.00937892
45 0.0169993
47 0.0161898
51 0.0100242
59 0.00923039
-1 -1
LEAF 80 9
65 classes
1 0.0976506
5 0.0429432
7 0.229185
9 0.0443866
10 0.0842529
14 0.188503
19 0.0171077
22 0.0356591
28 0.0249544
30 0.0047801
44 0.0485702
45 0.15846
47 0.00838414
51 0.0103823
59 0.0047801
-1 -1
NODE 8 4
2dots_tau0
0 -4 12 -7 9
9 10 
NODE 9 5
2dots_tau0
0 6 -9 5 9
41 42 
NODE 41 6
2dots_tau0
0 -1 11 0 7
57 58 
NODE 57 7
2dots_tau0
0 12 10 15 -11
65 66 
NODE 65 8
2dots_tau0
0 -3 2 -4 5
69 70 
LEAF 69 9
65 classes
1 0.13128
2 0.120172
14 0.0464606
22 0.0527337
27 0.0497924
40 0.17154
44 0.0143654
48 0.0493988
51 0.046061
53 0.195892
56 0.0804585
61 0.0418456
-1 -1
LEAF 70 9
65 classes
2 0.030853
7 0.0271925
9 0.06741
27 0.0639187
40 0.125832
53 0.477787
56 0.172141
61 0.0179058
62 0.0169594
-1 -1
NODE 66 8
2dots_tau0
0 -10 7 -2 1
67 68 
LEAF 67 9
65 classes
1 0.0217427
7 0.0175416
9 0.0434854
14 0.115422
22 0.0218344
40 0.0202932
42 0.0118416
44 0.035688
47 0.0410695
53 0.648872
56 0.0222093
-1 -1
LEAF 68 9
65 classes
1 0.111004
2 0.0338704
5 0.053697
9 0.0185006
14 0.0982116
19 0.0178265
22 0.0185787
30 0.0398475
40 0.0518018
42 0.0201517
44 0.0404888
48 0.0174038
51 0.0757299
53 0.317469
56 0.0755906
61 0.00982847
-1 -1
NODE 58 7
2dots_tau0
0 15 12 -7 2
59 60 
NODE 59 8
2dots_tau0
0 -9 -12 2 -10
63 64 
LEAF 63 9
65 classes
1 0.0820835
2 0.225414
3 0.0817401
7 0.0662233
14 0.145248
30 0.0441988
44 0.17964
51 0.0479997
56 0.083845
61 0.0436069
-1 -1
LEAF 64 9
65 classes
2 0.157496
9 0.143379
28 0.0537389
30 0.0617632
37 0.0276309
40 0.0535281
44 0.0784464
45 0.0568736
51 0.0167686
53 0.0855779
56 0.234329
61 0.030468
-1 -1
NODE 60 8
2dots_tau0
0 -5 -11 10 5
61 62 
LEAF 61 9
65 classes
-1 -1
LEAF 62 9
65 classes
9 0.455047
19 0.219233
27 0.0539349
40 0.0530889
44 0.0311211
45 0.0564069
53 0.0424378
56 0.0581015
59 0.0306282
-1 -1
NODE 42 6
2dots_tau0
0 -7 -3 14 -2
43 44 
NODE 43 7
2dots_tau0
0 15 -1 10 -14
51 52 
NODE 51 8
2dots_tau0
0 13 13 3 5
55 56 
LEAF 55 9
65 classes
45 0.629057
51 0.370943
-1 -1
LEAF 56 9
65 classes
-1 -1
NODE 52 8
2dots_tau0
0 -13 3 -14 -3
53 54 
LEAF 53 9
65 classes
1 0.162807
7 0.13135
19 0.156875
27 0.30875
28 0.152552
59 0.0876655
-1 -1
LEAF 54 9
65 classes
7 0.459707
27 0.540293
-1 -1
NODE 44 7
2dots_tau0
0 9 15 0 -8
45 46 
NODE 45 8
2dots_tau0
0 -14 2 -7 -6
49 50 
LEAF 49 9
65 classes
2 0.0213244
5 0.123959
7 0.0187944
9 0.151421
10 0.229597
23 0.0381491
27 0.0110445
28 0.010914
40 0.0543562
44 0.0701008
45 0.0462028
50 0.00997183
51 0.0476786
52 0.0701814
56 0.0713863
59 0.0125437
61 0.0123757
-1 -1
LEAF 50 9
65 classes
3 0.0435582
15 0.0344716
23 0.334279
27 0.0414757
30 0.376847
40 0.0408251
44 0.023932
50 0.0374475
52 0.0439258
61 0.0232375
-1 -1
NODE 46 8
2dots_tau0
0 -5 12 -6 14
47 48 
LEAF 47 9
65 classes
3 0.167877
5 0.1631
9 0.168583
48 0.158588
56 0.1722
62 0.169652
-1 -1
LEAF 48 9
65 classes
1 0.311883
3 0.103526
5 0.10058
14 0.0919803
19 0.100173
40 0.19406
48 0.0977973
-1 -1
NODE 10 5
2dots_tau0
0 -11 12 10 -7
11 12 
NODE 11 6
2dots_tau0
0 -13 9 7 -15
27 28 
NODE 27 7
2dots_tau0
0 1 -7 -7 5
35 36 
NODE 35 8
2dots_tau0
0 -5 -9 3 -10
39 40 
LEAF 39 9
65 classes
3 0.228757
7 0.555996
28 0.215248
-1 -1
LEAF 40 9
65 classes
3 0.151493
9 0.228195
22 0.0763859
24 0.257701
28 0.142547
47 0.143678
-1 -1
NODE 36 8
2dots_tau0
0 0 7 -7 -3
37 38 
LEAF 37 9
65 classes
22 0.0550584
24 0.139312
40 0.0511719
58 0.724936
59 0.0295223
-1 -1
LEAF 38 9
65 classes
7 0.351006
15 0.0489815
22 0.249661
28 0.232951
47 0.1174
-1 -1
NODE 28 7
2dots_tau0
0 -8 0 -11 9
29 30 
NODE 29 8
2dots_tau0
0 -8 -2 15 -5
33 34 
LEAF 33 9
65 classes
-1 -1
LEAF 34 9
65 classes
7 0.240142
47 0.281119
55 0.162481
61 0.316258
-1 -1
NODE 30 8
2dots_tau0
0 1 -4 -4 11
31 32 
LEAF 31 9
65 classes
5 0.306615
22 0.397823
53 0.295562
-1 -1
LEAF 32 9
65 classes
1 0.371675
47 0.351026
53 0.277299
-1 -1
NODE 12 6
2dots_tau0
0 -1 -13 2 9
13 14 
NODE 13 7
2dots_tau0
0 0 12 -8 -4
21 22 
NODE 21 8
2dots_tau0
0 5 1 10 14
25 26 
LEAF 25 9
65 classes
40 0.134051
42 0.078222
45 0.0712146
47 0.0678234
53 0.428627
56 0.220062
-1 -1
LEAF 26 9
65 classes
7 0.0498308
44 0.20276
51 0.0361182
56 0.630905
61 0.0328127
63 0.0475731
-1 -1
NODE 22 8
2dots_tau0
0 -1 -13 -14 2
23 24 
LEAF 23 9
65 classes
48 0.263623
51 0.163874
56 0.572503
-1 -1
LEAF 24 9
65 classes
7 0.0605842
14 0.664399
19 0.0723576
47 0.070922
51 0.131737
-1 -1
NODE 14 7
2dots_tau0
0 -4 5 8 11
15 16 
NODE 15 8
2dots_tau0
0 -11 -10 7 2
19 20 
LEAF 19 9
65 classes
2 0.459459
59 0.540541
-1 -1
LEAF 20 9
65 classes
9 0.137874
14 0.121985
19 0.066425
22 0.0346139
28 0.0322972
30 0.11136
47 0.0325535
53 0.462892
-1 -1
NODE 16 8
2dots_tau0
0 -5 3 -15 -1
17 18 
LEAF 17 9
65 classes
2 0.0301295
9 0.131658
19 0.0634305
30 0.106339
44 0.180084
45 0.0326403
51 0.0192473
52 0.0330534
53 0.245569
59 0.0354465
61 0.122401
-1 -1
LEAF 18 9
65 classes
1 0.0215515
7 0.139098
9 0.0646544
14 0.0762714
19 0.0207662
28 0.121163
30 0.0116046
39 0.0110783
40 0.0402294
42 0.0117374
44 0.0117914
45 0.0213719
47 0.0407083
53 0.305504
56 0.022014
59 0.0232093
61 0.0572461
-1 -1
