image_size: 32 32
class_number: 65
max_depth:  10
1023
NODE 0 0
2dots_tau0
0 6 -3 -2 -9
1 2 
NODE 1 1
2dots_tau0
0 0 -14 4 0
513 514 
NODE 513 2
2dots_tau0
0 9 14 14 9
769 770 
NODE 769 3
2dots_tau0
0 2 -13 -11 5
897 898 
NODE 897 4
2dots_tau0
0 3 -6 4 3
961 962 
NODE 961 5
2dots_tau0
0 0 -15 -4 12
993 994 
NODE 993 6
2dots_tau0
0 -2 -12 -11 1
1009 1010 
NODE 1009 7
2dots_tau0
0 -15 10 -6 -2
1017 1018 
NODE 1017 8
2dots_tau0
0 13 -6 -9 -7
1021 1022 
LEAF 1021 9
65 classes
0 0.0043086
1 0.00941375
2 0.0603204
3 0.00468718
4 0.00560118
9 0.00470687
11 0.0105186
16 0.0127784
20 0.00362536
23 0.0359709
24 0.00797321
27 0.0223155
28 0.00441038
30 0.0152068
32 0.00250053
33 0.0501598
37 0.253981
40 0.0131792
42 0.0128173
44 0.020602
46 0.149365
47 0.0222269
49 0.0825174
50 0.00402963
51 0.00550485
52 0.0283604
53 0.049164
55 0.00256935
56 0.0625024
59 0.00760341
62 0.0165785
63 0.0145014
-1 -1
LEAF 1022 9
65 classes
3 0.0243794
13 0.0277461
17 0.0439749
18 0.106716
20 0.0377131
27 0.41785
35 0.0133029
40 0.0228497
42 0.0400001
53 0.109593
62 0.0615928
63 0.0942828
-1 -1
NODE 1018 8
2dots_tau0
0 -9 -7 11 -12
1019 1020 
LEAF 1019 9
65 classes
3 0.0698256
4 0.0417208
7 0.0282853
11 0.0783489
12 0.075856
13 0.0397341
18 0.122259
27 0.0664873
33 0.0311349
35 0.114304
37 0.0675641
45 0.0347673
52 0.0704149
56 0.0358119
62 0.123487
-1 -1
LEAF 1020 9
65 classes
0 0.0109421
2 0.0492395
4 0.00711237
6 0.00526842
11 0.0333914
12 0.0193974
13 0.0406421
18 0.0364737
20 0.0230174
21 0.0466895
23 0.0261004
27 0.00566723
32 0.19686
33 0.0159232
35 0.0292289
37 0.132457
39 0.0153615
40 0.00557833
42 0.110673
45 0.00592698
47 0.00564474
48 0.00562243
49 0.019051
50 0.00511681
51 0.00349502
52 0.024008
56 0.0427353
62 0.0691689
63 0.00920695
-1 -1
NODE 1010 7
2dots_tau0
0 4 -3 5 -13
1011 1012 
NODE 1011 8
2dots_tau0
0 4 -8 -9 6
1015 1016 
LEAF 1015 9
65 classes
4 0.0293814
9 0.0246902
12 0.0267104
17 0.0221746
20 0.0380342
27 0.0234115
28 0.0231349
33 0.0219264
37 0.190325
41 0.0536646
42 0.0403406
47 0.186548
48 0.139358
49 0.0655835
51 0.014438
53 0.0736837
55 0.0134777
61 0.0131167
-1 -1
LEAF 1016 9
65 classes
21 0.163299
35 0.170383
61 0.666318
-1 -1
NODE 1012 8
2dots_tau0
0 -2 11 -10 -7
1013 1014 
LEAF 1013 9
65 classes
1 0.0256896
2 0.0470316
5 0.0248541
9 0.0513791
16 0.0232476
21 0.0133788
33 0.0684416
37 0.247535
40 0.119885
44 0.0421663
47 0.0485247
48 0.0241665
53 0.076666
54 0.022396
56 0.131204
61 0.0136476
63 0.0197868
-1 -1
LEAF 1014 9
65 classes
5 0.102292
7 0.0426506
12 0.0571906
17 0.237395
37 0.050939
42 0.201541
45 0.0524247
47 0.0499283
48 0.0994619
52 0.106177
-1 -1
NODE 994 6
2dots_tau0
0 10 5 -12 -9
995 996 
NODE 995 7
2dots_tau0
0 13 13 7 3
1003 1004 
NODE 1003 8
2dots_tau0
0 -4 7 0 -8
1007 1008 
LEAF 1007 9
65 classes
18 0.166069
30 0.0512861
39 0.04896
44 0.104223
48 0.268796
51 0.0556965
59 0.102572
61 0.202397
-1 -1
LEAF 1008 9
65 classes
2 0.0553219
30 0.0325423
37 0.0582336
39 0.0621326
42 0.0329146
48 0.284263
56 0.185198
59 0.0325423
61 0.256852
-1 -1
NODE 1004 8
2dots_tau0
0 0 -6 6 -1
1005 1006 
LEAF 1005 9
65 classes
0 0.122183
2 0.0610914
12 0.0721989
16 0.0603945
32 0.0354548
33 0.118536
37 0.19292
42 0.109042
48 0.125563
61 0.0354548
62 0.0671618
-1 -1
LEAF 1006 9
65 classes
0 0.0594074
2 0.0594074
3 0.0646273
9 0.0324494
17 0.0582865
18 0.0282892
23 0.0354264
27 0.184613
33 0.0864511
35 0.0705294
37 0.0625341
40 0.0908584
41 0.0352647
42 0.0176727
45 0.064358
52 0.0325863
61 0.0172388
-1 -1
NODE 996 7
2dots_tau0
0 -11 14 4 12
997 998 
NODE 997 8
2dots_tau0
0 11 -12 14 -3
1001 1002 
LEAF 1001 9
65 classes
2 0.080271
3 0.0873241
7 0.212242
20 0.067542
22 0.088061
42 0.382068
48 0.0824919
-1 -1
LEAF 1002 9
65 classes
42 0.788685
56 0.211315
-1 -1
NODE 998 8
2dots_tau0
0 -13 5 -14 -8
999 1000 
LEAF 999 9
65 classes
0 0.389615
2 0.077923
24 0.0720996
27 0.161434
33 0.075597
42 0.0463615
59 0.0458371
63 0.131133
-1 -1
LEAF 1000 9
65 classes
5 0.19159
7 0.0798832
18 0.0863207
42 0.269629
48 0.372578
-1 -1
NODE 962 5
2dots_tau0
0 -12 -12 -13 5
963 964 
NODE 963 6
2dots_tau0
0 14 -15 6 7
979 980 
NODE 979 7
2dots_tau0
0 0 -6 -10 9
987 988 
NODE 987 8
2dots_tau0
0 -14 -2 0 8
991 992 
LEAF 991 9
65 classes
1 0.027109
5 0.0524547
30 0.0145971
39 0.0278701
40 0.0253017
41 0.0294609
42 0.236226
44 0.014832
46 0.430129
51 0.0317048
52 0.0272233
56 0.0276907
62 0.0136404
63 0.0417601
-1 -1
LEAF 992 9
65 classes
1 0.0319856
6 0.112779
20 0.0246361
21 0.133262
23 0.03492
30 0.051669
35 0.0347606
39 0.0164418
40 0.119413
44 0.0175002
45 0.0634381
51 0.0748164
52 0.0642411
56 0.032672
61 0.0169923
62 0.0965653
63 0.0739084
-1 -1
NODE 988 8
2dots_tau0
0 11 -1 -9 -13
989 990 
LEAF 989 9
65 classes
1 0.103954
3 0.0345064
30 0.0373169
40 0.0323413
42 0.0188719
44 0.132711
45 0.0343626
48 0.032597
51 0.040526
52 0.104393
53 0.0258528
54 0.0302089
56 0.35395
61 0.0184086
-1 -1
LEAF 990 9
65 classes
3 0.0959048
5 0.0931759
7 0.466195
30 0.0518581
53 0.0718535
56 0.0983745
62 0.0484593
63 0.0741788
-1 -1
NODE 980 7
2dots_tau0
0 -15 7 -8 -10
981 982 
NODE 981 8
2dots_tau0
0 -15 13 -12 0
985 986 
LEAF 985 9
65 classes
0 0.0471187
1 0.0257371
3 0.0512588
6 0.113434
17 0.277378
24 0.0871947
33 0.0914243
40 0.0240213
44 0.0140815
53 0.019202
54 0.044875
56 0.105158
63 0.099117
-1 -1
LEAF 986 9
65 classes
13 0.134883
20 0.183336
33 0.317076
56 0.364705
-1 -1
NODE 982 8
2dots_tau0
0 6 -5 0 2
983 984 
LEAF 983 9
65 classes
1 0.0235648
3 0.0938647
4 0.0280421
5 0.0683953
6 0.010386
11 0.0131653
22 0.0473284
23 0.0128633
27 0.0111721
33 0.0313904
35 0.0064023
40 0.0109969
41 0.102437
48 0.0221677
50 0.0100871
52 0.0236642
56 0.0481409
62 0.426856
63 0.00907511
-1 -1
LEAF 984 9
65 classes
0 0.0458043
1 0.100077
5 0.048411
20 0.385408
24 0.0847624
35 0.0271898
47 0.0472584
48 0.0470716
51 0.0292607
54 0.130869
59 0.0538874
-1 -1
NODE 964 6
2dots_tau0
0 -5 -3 0 -4
965 966 
NODE 965 7
2dots_tau0
0 -14 0 -11 -11
973 974 
NODE 973 8
2dots_tau0
0 7 1 -11 4
977 978 
LEAF 977 9
65 classes
0 0.104204
1 0.065049
3 0.0161942
6 0.0860093
23 0.0355084
32 0.025918
33 0.0288837
35 0.194404
40 0.0303562
41 0.0176731
51 0.0475481
52 0.0816544
56 0.0830562
62 0.0081827
63 0.175359
-1 -1
LEAF 978 9
65 classes
0 0.297593
24 0.275353
35 0.176653
63 0.250402
-1 -1
NODE 974 8
2dots_tau0
0 6 5 5 11
975 976 
LEAF 975 9
65 classes
6 0.0741561
35 0.137138
40 0.0785183
41 0.0914254
45 0.0834257
52 0.0844817
56 0.343728
62 0.0423301
63 0.0647966
-1 -1
LEAF 976 9
65 classes
3 1
-1 -1
NODE 966 7
2dots_tau0
0 10 -8 10 -9
967 968 
NODE 967 8
2dots_tau0
0 5 10 14 -8
971 972 
LEAF 971 9
65 classes
0 0.0196107
1 0.0856936
2 0.0196107
5 0.0621801
6 0.056653
17 0.115444
24 0.0181451
27 0.142197
33 0.190253
35 0.011641
40 0.0199952
44 0.0117213
45 0.0212449
48 0.0201532
53 0.0159836
54 0.0747073
56 0.0437663
61 0.0113812
62 0.0431186
63 0.0165009
-1 -1
LEAF 972 9
65 classes
1 0.126533
5 0.061209
21 0.0549139
22 0.0211778
23 0.0460471
30 0.0340665
33 0.0561843
35 0.0114592
39 0.0108405
42 0.0114854
44 0.103844
49 0.078424
51 0.012332
53 0.015734
54 0.0735404
56 0.172331
59 0.0113555
61 0.0448137
62 0.0212226
63 0.0324863
-1 -1
NODE 968 8
2dots_tau0
0 -5 14 -3 -15
969 970 
LEAF 969 9
65 classes
0 0.0365905
1 0.0399728
2 0.0365905
5 0.0773458
17 0.1077
21 0.0208174
22 0.0401415
27 0.075805
33 0.106495
37 0.0385163
39 0.0205476
45 0.0396397
49 0.0637067
53 0.0894689
54 0.0696962
61 0.106178
63 0.0307881
-1 -1
LEAF 970 9
65 classes
1 0.0870772
17 0.0782052
18 0.0759135
24 0.0737522
27 0.0825673
35 0.0473159
40 0.0812721
48 0.0819146
49 0.0462598
51 0.0509199
52 0.0874446
54 0.0759135
62 0.131444
-1 -1
NODE 898 4
2dots_tau0
0 3 -3 -2 7
899 900 
NODE 899 5
2dots_tau0
0 1 -10 -7 7
931 932 
NODE 931 6
2dots_tau0
0 -12 9 -10 12
947 948 
NODE 947 7
2dots_tau0
0 -13 0 7 8
955 956 
NODE 955 8
2dots_tau0
0 1 13 -14 -13
959 960 
LEAF 959 9
65 classes
1 0.401757
42 0.218806
47 0.379437
-1 -1
LEAF 960 9
65 classes
19 0.141975
22 0.147965
23 0.160861
42 0.401233
52 0.147965
-1 -1
NODE 956 8
2dots_tau0
0 11 -9 1 5
957 958 
LEAF 957 9
65 classes
7 0.147704
42 0.0997087
44 0.200334
51 0.107058
54 0.159607
56 0.187007
59 0.0985807
-1 -1
LEAF 958 9
65 classes
5 0.193485
35 0.10867
40 0.186656
48 0.188131
59 0.323058
-1 -1
NODE 948 7
2dots_tau0
0 4 -10 -14 10
949 950 
NODE 949 8
2dots_tau0
0 8 -8 -13 -9
953 954 
LEAF 953 9
65 classes
35 0.108791
41 0.217581
47 0.567266
61 0.106362
-1 -1
LEAF 954 9
65 classes
20 1
-1 -1
NODE 950 8
2dots_tau0
0 2 3 -14 -10
951 952 
LEAF 951 9
65 classes
59 0.40324
61 0.59676
-1 -1
LEAF 952 9
65 classes
7 0.277937
22 0.345955
42 0.187623
44 0.188486
-1 -1
NODE 932 6
2dots_tau0
0 -7 10 -5 1
933 934 
NODE 933 7
2dots_tau0
0 0 15 6 2
941 942 
NODE 941 8
2dots_tau0
0 13 13 9 -2
945 946 
LEAF 945 9
65 classes
1 0.33001
7 0.133122
14 0.291979
28 0.154611
44 0.0902785
-1 -1
LEAF 946 9
65 classes
1 0.166434
7 0.268551
14 0.294508
35 0.135655
42 0.0906436
61 0.044209
-1 -1
NODE 942 8
2dots_tau0
0 0 14 -8 -14
943 944 
LEAF 943 9
65 classes
0 0.135919
7 0.239586
9 0.148483
22 0.14911
44 0.0812391
51 0.086828
59 0.0799525
61 0.0788817
-1 -1
LEAF 944 9
65 classes
7 0.54085
14 0.136875
19 0.0496888
35 0.0840626
41 0.0560417
53 0.0769475
59 0.0555345
-1 -1
NODE 934 7
2dots_tau0
0 12 5 -1 -5
935 936 
NODE 935 8
2dots_tau0
0 4 4 -11 -9
939 940 
LEAF 939 9
65 classes
41 0.321572
51 0.519097
59 0.159331
-1 -1
LEAF 940 9
65 classes
-1 -1
NODE 936 8
2dots_tau0
0 2 14 8 15
937 938 
LEAF 937 9
65 classes
41 0.671664
61 0.328336
-1 -1
LEAF 938 9
65 classes
35 0.366136
48 0.633864
-1 -1
NODE 900 5
2dots_tau0
0 -2 -15 0 -1
901 902 
NODE 901 6
2dots_tau0
0 -14 -6 5 7
917 918 
NODE 917 7
2dots_tau0
0 -5 -1 -12 8
925 926 
NODE 925 8
2dots_tau0
0 14 13 -12 -2
929 930 
LEAF 929 9
65 classes
61 1
-1 -1
LEAF 930 9
65 classes
7 1
-1 -1
NODE 926 8
2dots_tau0
0 3 0 0 6
927 928 
LEAF 927 9
65 classes
1 0.302969
7 0.366644
42 0.247506
44 0.0828812
-1 -1
LEAF 928 9
65 classes
1 0.331493
14 0.293292
44 0.181369
51 0.193846
-1 -1
NODE 918 7
2dots_tau0
0 10 12 11 -10
919 920 
NODE 919 8
2dots_tau0
0 -5 11 8 11
923 924 
LEAF 923 9
65 classes
0 0.376162
40 0.383538
51 0.2403
-1 -1
LEAF 924 9
65 classes
1 0.136415
14 0.0603474
20 0.0525354
23 0.0744653
35 0.0370626
40 0.0636605
44 0.223909
52 0.136991
56 0.0696714
61 0.144941
-1 -1
NODE 920 8
2dots_tau0
0 5 -1 -7 -5
921 922 
LEAF 921 9
65 classes
1 0.134174
9 0.134174
30 0.0722476
40 0.125229
44 0.220231
53 0.100105
61 0.21384
-1 -1
LEAF 922 9
65 classes
1 0.287494
5 0.556288
35 0.156218
-1 -1
NODE 902 6
2dots_tau0
0 12 -13 5 -2
903 904 
NODE 903 7
2dots_tau0
0 0 15 0 1
911 912 
NODE 911 8
2dots_tau0
0 15 -9 -12 11
915 916 
LEAF 915 9
65 classes
1 0.510668
9 0.0567409
20 0.0437034
44 0.155222
45 0.0562681
48 0.0533768
51 0.0331802
59 0.0305528
61 0.0602872
-1 -1
LEAF 916 9
65 classes
1 0.591126
7 0.0953817
20 0.0910602
48 0.222432
-1 -1
NODE 912 8
2dots_tau0
0 -4 9 -15 -5
913 914 
LEAF 913 9
65 classes
1 0.0698443
21 0.00909351
35 0.0379519
44 0.0859807
45 0.0519467
48 0.0328517
58 0.461748
59 0.00940211
61 0.241181
-1 -1
LEAF 914 9
65 classes
1 0.0679198
5 0.065711
7 0.328778
24 0.0575263
44 0.111482
51 0.0794344
59 0.0365722
61 0.252577
-1 -1
NODE 904 7
2dots_tau0
0 -4 11 8 11
905 906 
NODE 905 8
2dots_tau0
0 -15 13 -1 7
909 910 
LEAF 909 9
65 classes
7 1
-1 -1
LEAF 910 9
65 classes
1 0.35968
35 0.0488607
40 0.0839254
48 0.507533
-1 -1
NODE 906 8
2dots_tau0
0 10 2 1 -12
907 908 
LEAF 907 9
65 classes
1 0.733887
3 0.038464
7 0.0623248
9 0.0386257
20 0.0297505
22 0.0387886
39 0.0198551
45 0.0383038
-1 -1
LEAF 908 9
65 classes
22 0.210658
48 0.789342
-1 -1
NODE 770 3
2dots_tau0
0 6 14 -8 8
771 772 
NODE 771 4
2dots_tau0
0 -10 0 -7 -11
835 836 
NODE 835 5
2dots_tau0
0 2 3 5 0
867 868 
NODE 867 6
2dots_tau0
0 15 14 -4 7
883 884 
NODE 883 7
2dots_tau0
0 -3 8 12 -13
891 892 
NODE 891 8
2dots_tau0
0 -11 3 -14 -14
895 896 
LEAF 895 9
65 classes
4 0.0653695
5 0.0531459
7 0.221592
23 0.059972
45 0.108949
48 0.0516755
52 0.110328
54 0.0957795
56 0.0561112
59 0.147895
61 0.0291828
-1 -1
LEAF 896 9
65 classes
4 0.0825604
7 0.111946
18 0.0604838
21 0.0361315
22 0.0696712
39 0.10699
40 0.129507
48 0.0652651
51 0.0811405
59 0.149431
63 0.106874
-1 -1
NODE 892 8
2dots_tau0
0 -7 -6 -7 -2
893 894 
LEAF 893 9
65 classes
5 0.0174833
7 0.0437379
16 0.0490597
17 0.0649192
20 0.0417563
21 0.0564669
22 0.0181472
24 0.0153057
30 0.0194611
39 0.0185784
44 0.0395485
46 0.286726
51 0.15851
52 0.072589
55 0.0394578
59 0.0486527
61 0.00960022
-1 -1
LEAF 894 9
65 classes
1 0.0497466
2 0.0637522
5 0.0770061
7 0.00802691
9 0.029848
13 0.0112759
16 0.00900356
17 0.0178712
21 0.119174
30 0.107147
32 0.0211423
39 0.061372
40 0.0464302
44 0.0653224
45 0.0394656
48 0.00935944
49 0.0105712
51 0.122179
52 0.0499565
55 0.0108621
56 0.0203256
59 0.016072
61 0.0264279
63 0.00766323
-1 -1
NODE 884 7
2dots_tau0
0 1 -5 -2 1
885 886 
NODE 885 8
2dots_tau0
0 -3 -9 -7 10
889 890 
LEAF 889 9
65 classes
12 0.60487
23 0.152605
24 0.118391
33 0.124134
-1 -1
LEAF 890 9
65 classes
12 0.258943
44 0.130959
48 0.225168
49 0.127159
59 0.257771
-1 -1
NODE 886 8
2dots_tau0
0 14 9 -7 13
887 888 
LEAF 887 9
65 classes
1 0.206343
5 0.0665442
9 0.068781
14 0.0608545
21 0.0716406
23 0.0750911
33 0.0610816
39 0.0707122
40 0.0641956
45 0.0682078
51 0.0804416
52 0.0690712
59 0.0370359
-1 -1
LEAF 888 9
65 classes
1 0.382087
24 0.323619
63 0.294294
-1 -1
NODE 868 6
2dots_tau0
0 3 -12 10 10
869 870 
NODE 869 7
2dots_tau0
0 10 11 -6 3
877 878 
NODE 877 8
2dots_tau0
0 10 0 -12 -5
881 882 
LEAF 881 9
65 classes
2 0.103532
4 0.044864
5 0.0182374
9 0.0377008
12 0.0203927
15 0.0148556
18 0.0164337
21 0.00981707
22 0.01893
23 0.0411596
27 0.0178741
28 0.035326
30 0.101502
40 0.0175937
46 0.299093
49 0.0300429
52 0.0378599
56 0.134785
-1 -1
LEAF 882 9
65 classes
2 0.316588
5 0.066921
16 0.0625953
20 0.0532769
22 0.0694623
42 0.0753435
47 0.195983
63 0.159831
-1 -1
NODE 878 8
2dots_tau0
0 -9 11 7 2
879 880 
LEAF 879 9
65 classes
49 1
-1 -1
LEAF 880 9
65 classes
1 0.0614471
21 0.0320009
23 0.134169
27 0.0582645
30 0.132347
33 0.272843
40 0.114701
49 0.0652875
56 0.0627657
59 0.0661737
-1 -1
NODE 870 7
2dots_tau0
0 10 6 -7 11
871 872 
NODE 871 8
2dots_tau0
0 10 1 8 15
875 876 
LEAF 875 9
65 classes
1 0.026713
4 0.0317884
5 0.0646106
6 0.0353205
7 0.0538787
9 0.0934953
11 0.0149241
12 0.0288986
17 0.107961
21 0.0417353
30 0.22295
37 0.0257396
39 0.0137315
44 0.0584614
48 0.0125646
51 0.0234313
56 0.122788
59 0.00719195
61 0.00709563
62 0.00672059
-1 -1
LEAF 876 9
65 classes
1 0.137591
2 0.041983
4 0.0545778
7 0.0370019
11 0.0512468
17 0.0411908
21 0.143312
39 0.094303
48 0.0862891
51 0.0268196
52 0.138172
59 0.0987834
61 0.0487302
-1 -1
NODE 872 8
2dots_tau0
0 -5 -10 -4 -8
873 874 
LEAF 873 9
65 classes
5 0.179389
7 0.149592
42 0.201966
48 0.174425
51 0.108427
52 0.186201
-1 -1
LEAF 874 9
65 classes
5 0.196251
42 0.22095
45 0.201157
48 0.381642
-1 -1
NODE 836 5
2dots_tau0
0 -7 -10 9 -6
837 838 
NODE 837 6
2dots_tau0
0 6 2 -3 9
853 854 
NODE 853 7
2dots_tau0
0 8 -9 -2 11
861 862 
NODE 861 8
2dots_tau0
0 -5 1 -12 10
865 866 
LEAF 865 9
65 classes
3 0.140364
6 0.0496992
13 0.127798
18 0.049153
21 0.0293627
30 0.0303592
39 0.0144911
52 0.113239
58 0.372744
59 0.0151796
62 0.0141847
63 0.0434265
-1 -1
LEAF 866 9
65 classes
3 0.0352994
4 0.0421828
13 0.0803482
14 0.0313627
17 0.0636722
19 0.0341561
21 0.0184608
45 0.0703047
52 0.53396
56 0.0724169
62 0.0178363
-1 -1
NODE 862 8
2dots_tau0
0 0 -11 -8 14
863 864 
LEAF 863 9
65 classes
3 0.142119
4 0.113222
6 0.083868
7 0.0383803
12 0.0514645
18 0.165893
20 0.0366414
27 0.0451083
35 0.0516995
51 0.0278186
62 0.023937
63 0.219848
-1 -1
LEAF 864 9
65 classes
7 0.121578
14 0.133329
23 0.329042
35 0.0818849
44 0.164899
51 0.0881219
59 0.0811439
-1 -1
NODE 854 7
2dots_tau0
0 -12 -15 0 -1
855 856 
NODE 855 8
2dots_tau0
0 -5 5 14 -12
859 860 
LEAF 859 9
65 classes
20 0.5
63 0.5
-1 -1
LEAF 860 9
65 classes
7 0.0769285
14 0.168728
20 0.0734431
44 0.0521699
51 0.55759
53 0.0711408
-1 -1
NODE 856 8
2dots_tau0
0 14 -8 9 6
857 858 
LEAF 857 9
65 classes
35 0.668684
59 0.331316
-1 -1
LEAF 858 9
65 classes
18 0.336571
20 0.297359
27 0.366071
-1 -1
NODE 838 6
2dots_tau0
0 0 9 -14 0
839 840 
NODE 839 7
2dots_tau0
0 8 -14 -6 -1
847 848 
NODE 847 8
2dots_tau0
0 -1 10 1 -1
851 852 
LEAF 851 9
65 classes
1 0.0887846
3 0.029471
4 0.0352179
9 0.0197299
12 0.0853767
13 0.0447211
20 0.0227948
21 0.123301
23 0.02154
24 0.0250661
30 0.0743666
33 0.0175213
35 0.0160812
37 0.0095055
39 0.121703
42 0.0107454
44 0.043179
45 0.00978275
48 0.0185602
50 0.0253366
51 0.0288435
52 0.0495329
54 0.00860022
56 0.0503833
62 0.0198551
-1 -1
LEAF 852 9
65 classes
1 0.020501
2 0.0250218
4 0.0813208
11 0.137444
13 0.0851932
16 0.0185523
17 0.00613742
18 0.00595757
20 0.00526348
21 0.224211
23 0.00746063
27 0.0194392
30 0.0183984
32 0.00363039
37 0.0329234
39 0.105383
42 0.0148871
44 0.0299111
45 0.0338837
50 0.0117008
51 0.0119883
52 0.00686252
54 0.0297878
56 0.020941
61 0.0326735
63 0.010527
-1 -1
NODE 848 8
2dots_tau0
0 -15 -6 8 1
849 850 
LEAF 849 9
65 classes
3 0.461008
15 0.182419
20 0.178286
63 0.178286
-1 -1
LEAF 850 9
65 classes
4 0.136967
6 0.101457
11 0.214346
12 0.207526
21 0.0199806
23 0.0418859
27 0.036379
32 0.020382
35 0.062542
39 0.059165
44 0.0209911
56 0.0783788
-1 -1
NODE 840 7
2dots_tau0
0 1 7 2 14
841 842 
NODE 841 8
2dots_tau0
0 -1 13 3 -6
845 846 
LEAF 845 9
65 classes
14 0.464143
56 0.535857
-1 -1
LEAF 846 9
65 classes
1 0.0193752
2 0.106414
4 0.138339
6 0.0170789
11 0.108246
13 0.351336
17 0.104407
21 0.0201807
23 0.0634581
39 0.0298788
42 0.0211043
59 0.0104328
62 0.00974903
-1 -1
NODE 842 8
2dots_tau0
0 -14 -2 -11 -8
843 844 
LEAF 843 9
65 classes
1 0.0325833
2 0.0596526
4 0.426516
11 0.0728154
14 0.0864851
17 0.0292635
18 0.028406
44 0.0178272
47 0.0615463
51 0.0190536
52 0.0327208
56 0.13313
-1 -1
LEAF 844 9
65 classes
3 0.0332917
4 0.318268
11 0.0747109
13 0.227335
14 0.147894
17 0.0300253
28 0.0313256
39 0.0343702
42 0.0182076
48 0.0314494
51 0.0195497
52 0.0335726
-1 -1
NODE 772 4
2dots_tau0
0 -9 -1 -2 0
773 774 
NODE 773 5
2dots_tau0
0 -12 -4 -10 0
805 806 
NODE 805 6
2dots_tau0
0 1 2 -2 12
821 822 
NODE 821 7
2dots_tau0
0 -2 11 2 -4
829 830 
NODE 829 8
2dots_tau0
0 9 7 -8 8
833 834 
LEAF 833 9
65 classes
1 0.0880416
5 0.170357
7 0.0710302
14 0.623164
59 0.047407
-1 -1
LEAF 834 9
65 classes
5 0.0974323
7 0.243746
14 0.0891017
15 0.0793654
23 0.219893
24 0.170593
45 0.0998681
-1 -1
NODE 830 8
2dots_tau0
0 -2 -4 -10 -13
831 832 
LEAF 831 9
65 classes
5 0.14656
7 0.061108
14 0.134029
17 0.272103
19 0.0729832
40 0.0706935
59 0.0815695
61 0.160954
-1 -1
LEAF 832 9
65 classes
4 0.0203382
5 0.281096
7 0.110309
13 0.0968483
14 0.0907278
17 0.122796
19 0.0164681
20 0.0131639
22 0.034326
23 0.0559766
30 0.0184056
45 0.0169485
47 0.0161414
48 0.0160776
51 0.00999418
52 0.034326
53 0.0127512
54 0.0148997
59 0.0184056
-1 -1
NODE 822 7
2dots_tau0
0 -11 -14 5 8
823 824 
NODE 823 8
2dots_tau0
0 -2 -8 8 -15
827 828 
LEAF 827 9
65 classes
7 0.374558
17 0.625442
-1 -1
LEAF 828 9
65 classes
4 0.0537888
5 0.0437307
7 0.036467
13 0.0512274
14 0.23995
17 0.0405953
23 0.39478
52 0.0907828
59 0.0486777
-1 -1
NODE 824 8
2dots_tau0
0 -9 12 14 -4
825 826 
LEAF 825 9
65 classes
0 0.191531
5 0.202431
40 0.0976431
42 0.113954
47 0.197611
48 0.19683
-1 -1
LEAF 826 9
65 classes
23 0.4646
30 0.0763822
42 0.154512
59 0.229147
61 0.0753592
-1 -1
NODE 806 6
2dots_tau0
0 3 13 4 11
807 808 
NODE 807 7
2dots_tau0
0 -12 13 3 1
815 816 
NODE 815 8
2dots_tau0
0 -15 -15 13 -13
819 820 
LEAF 819 9
65 classes
1 0.0277204
3 0.0276044
5 0.0804568
7 0.380192
14 0.220733
19 0.0267104
22 0.0556747
23 0.0605271
30 0.0149264
40 0.0776171
52 0.0278374
-1 -1
LEAF 820 9
65 classes
0 0.0717311
7 0.252883
14 0.0693312
22 0.157385
35 0.0425801
47 0.0740083
56 0.0800433
59 0.168779
61 0.0832594
-1 -1
NODE 816 8
2dots_tau0
0 -9 -15 10 -8
817 818 
LEAF 817 9
65 classes
5 0.567932
13 0.0950418
22 0.168428
40 0.0782697
55 0.045777
61 0.0445508
-1 -1
LEAF 818 9
65 classes
0 0.0410833
12 0.048553
23 0.195994
30 0.0241666
35 0.170711
44 0.0736666
52 0.135211
55 0.0244992
61 0.286116
-1 -1
NODE 808 7
2dots_tau0
0 7 10 0 12
809 810 
NODE 809 8
2dots_tau0
0 1 8 -12 12
813 814 
LEAF 813 9
65 classes
5 0.0994995
13 0.116557
23 0.0374264
35 0.149022
40 0.0319959
47 0.0323768
48 0.128995
49 0.018212
52 0.275408
59 0.0922959
61 0.018212
-1 -1
LEAF 814 9
65 classes
0 0.0541754
1 0.0591832
3 0.0589356
7 0.143244
14 0.104726
40 0.165713
47 0.167686
52 0.118866
59 0.127472
-1 -1
NODE 810 8
2dots_tau0
0 -7 -8 10 14
811 812 
LEAF 811 9
65 classes
0 0.10071
19 0.106011
23 0.120113
35 0.358694
40 0.20537
45 0.109103
-1 -1
LEAF 812 9
65 classes
0 0.272667
5 0.0960614
12 0.107414
40 0.370684
52 0.0997094
59 0.0534641
-1 -1
NODE 774 5
2dots_tau0
0 7 7 -7 1
775 776 
NODE 775 6
2dots_tau0
0 12 -6 -12 8
791 792 
NODE 791 7
2dots_tau0
0 6 13 14 8
799 800 
NODE 799 8
2dots_tau0
0 11 -15 -3 13
803 804 
LEAF 803 9
65 classes
20 0.278974
30 0.292544
33 0.160826
40 0.169025
42 0.0986304
-1 -1
LEAF 804 9
65 classes
1 0.117028
12 0.379808
19 0.112763
20 0.0901378
24 0.198239
54 0.102024
-1 -1
NODE 800 8
2dots_tau0
0 -1 -7 -4 7
801 802 
LEAF 801 9
65 classes
4 0.0301894
11 0.00944894
12 0.0091483
13 0.431277
14 0.00748188
15 0.00666432
17 0.0759481
19 0.00814828
21 0.013212
22 0.00849209
23 0.0553934
24 0.00716237
30 0.0318742
35 0.00919007
39 0.00869385
40 0.0236779
42 0.142772
44 0.00462672
49 0.0314473
51 0.00494503
54 0.00737225
56 0.00863788
59 0.0136604
61 0.0179699
63 0.0325668
-1 -1
LEAF 802 9
65 classes
1 0.154452
7 0.0166145
12 0.0334178
14 0.0819917
15 0.0243441
21 0.0214498
23 0.0899318
30 0.0720777
33 0.0274326
35 0.0391655
39 0.0158789
40 0.134545
44 0.0281683
45 0.132743
49 0.0218807
51 0.0541911
56 0.0105178
59 0.0332666
63 0.00793088
-1 -1
NODE 792 7
2dots_tau0
0 -13 9 -11 8
793 794 
NODE 793 8
2dots_tau0
0 2 15 14 10
797 798 
LEAF 797 9
65 classes
35 0.121631
54 0.585431
59 0.12053
63 0.172408
-1 -1
LEAF 798 9
65 classes
1 0.169261
7 0.019508
13 0.0822124
14 0.106968
35 0.0262779
40 0.135409
42 0.0263381
47 0.0228368
48 0.113733
51 0.0282794
54 0.168641
59 0.0260401
63 0.0744967
-1 -1
NODE 794 8
2dots_tau0
0 6 1 -4 6
795 796 
LEAF 795 9
65 classes
12 0.0661281
13 0.069277
14 0.162247
42 0.0665821
47 0.0577309
49 0.0324736
54 0.31974
59 0.131658
63 0.094163
-1 -1
LEAF 796 9
65 classes
12 0.144605
14 0.236528
35 0.145265
48 0.251487
51 0.0781647
59 0.14395
-1 -1
NODE 776 6
2dots_tau0
0 4 0 7 -6
777 778 
NODE 777 7
2dots_tau0
0 2 -8 6 3
785 786 
NODE 785 8
2dots_tau0
0 -15 15 4 -5
789 790 
LEAF 789 9
65 classes
14 0.602071
51 0.397929
-1 -1
LEAF 790 9
65 classes
13 0.169648
21 0.0779563
35 0.081338
42 0.244572
59 0.0806019
63 0.345884
-1 -1
NODE 786 8
2dots_tau0
0 10 11 -4 14
787 788 
LEAF 787 9
65 classes
21 0.0965057
35 0.604152
59 0.299342
-1 -1
LEAF 788 9
65 classes
35 0.666159
42 0.333841
-1 -1
NODE 778 7
2dots_tau0
0 -2 0 14 15
779 780 
NODE 779 8
2dots_tau0
0 1 12 -4 -2
783 784 
LEAF 783 9
65 classes
0 0.0776028
15 0.400862
24 0.143607
33 0.0752863
35 0.138197
51 0.0991485
63 0.0652969
-1 -1
LEAF 784 9
65 classes
0 0.0584004
10 0.046577
11 0.142574
13 0.0723052
15 0.251392
35 0.104001
42 0.0694924
59 0.206119
63 0.0491395
-1 -1
NODE 780 8
2dots_tau0
0 -7 2 1 0
781 782 
LEAF 781 9
65 classes
13 0.0991457
23 0.477536
59 0.376843
61 0.0464745
-1 -1
LEAF 782 9
65 classes
13 0.212445
21 0.195245
40 0.0874774
44 0.0512799
55 0.0511623
59 0.302806
61 0.0995837
-1 -1
NODE 514 2
2dots_tau0
0 -2 0 -14 8
515 516 
NODE 515 3
2dots_tau0
0 8 13 -4 7
643 644 
NODE 643 4
2dots_tau0
0 -10 2 -14 14
707 708 
NODE 707 5
2dots_tau0
0 -13 0 7 2
739 740 
NODE 739 6
2dots_tau0
0 -15 -15 0 5
755 756 
NODE 755 7
2dots_tau0
0 11 -13 0 -7
763 764 
NODE 763 8
2dots_tau0
0 0 0 -4 15
767 768 
LEAF 767 9
65 classes
1 0.0559351
3 0.0557011
19 0.053897
22 0.112342
23 0.0610668
28 0.209647
35 0.030394
40 0.0522061
42 0.060927
44 0.0306036
51 0.0981269
55 0.0305334
59 0.120476
62 0.0281449
-1 -1
LEAF 768 9
65 classes
23 0.118529
30 0.0584602
35 0.412959
40 0.101331
42 0.118258
51 0.190463
-1 -1
NODE 764 8
2dots_tau0
0 -12 9 -4 -14
765 766 
LEAF 765 9
65 classes
5 0.0401787
19 0.0400161
22 0.333636
28 0.272393
47 0.313777
-1 -1
LEAF 766 9
65 classes
22 0.505976
28 0.236056
59 0.067826
62 0.190142
-1 -1
NODE 756 7
2dots_tau0
0 -15 8 5 -1
757 758 
NODE 757 8
2dots_tau0
0 -13 -14 -7 -7
761 762 
LEAF 761 9
65 classes
20 0.446293
30 0.104
51 0.112944
54 0.336763
-1 -1
LEAF 762 9
65 classes
20 0.217386
30 0.101316
39 0.0483603
44 0.205892
51 0.275071
59 0.151974
-1 -1
NODE 758 8
2dots_tau0
0 -3 -11 -7 5
759 760 
LEAF 759 9
65 classes
20 0.442715
37 0.100699
41 0.397507
51 0.030556
55 0.0285236
-1 -1
LEAF 760 9
65 classes
0 0.0431446
19 0.0227077
28 0.0662456
30 0.0634479
35 0.0384164
37 0.0454153
39 0.012114
40 0.0659858
45 0.14022
49 0.0625982
51 0.0137808
52 0.118329
54 0.225995
59 0.0634479
63 0.0181514
-1 -1
NODE 740 6
2dots_tau0
0 -5 -15 3 -11
741 742 
NODE 741 7
2dots_tau0
0 -4 3 15 -9
749 750 
NODE 749 8
2dots_tau0
0 -3 -1 11 -4
753 754 
LEAF 753 9
65 classes
1 0.0224914
4 0.0267647
6 0.0198257
15 0.017725
18 0.117647
20 0.103941
24 0.0190496
35 0.0488853
41 0.122213
48 0.0634736
49 0.0477941
56 0.045948
58 0.297386
59 0.0242215
62 0.022634
-1 -1
LEAF 754 9
65 classes
0 0.0132463
1 0.0144708
3 0.0144102
4 0.275523
11 0.0646769
15 0.0798288
20 0.0780204
22 0.0145318
28 0.0135592
35 0.0943573
40 0.0270121
41 0.235893
49 0.0230628
56 0.0295626
62 0.0218438
-1 -1
NODE 750 8
2dots_tau0
0 -14 0 7 1
751 752 
LEAF 751 9
65 classes
20 0.808905
23 0.191095
-1 -1
LEAF 752 9
65 classes
4 0.00835987
6 0.0061925
9 0.0140502
11 0.0156993
13 0.00796178
15 0.10519
16 0.00635732
19 0.0203074
20 0.156917
21 0.00731717
22 0.00705474
24 0.0119002
28 0.0394955
30 0.0378275
35 0.0458075
37 0.00676913
39 0.0288894
41 0.0305383
42 0.00382603
44 0.0153745
45 0.0278662
47 0.0132696
48 0.00660859
49 0.0223925
51 0.0123241
52 0.0705474
55 0.00766961
56 0.0215276
58 0.185775
59 0.015131
61 0.0410529
-1 -1
NODE 742 7
2dots_tau0
0 11 4 10 4
743 744 
NODE 743 8
2dots_tau0
0 -12 -13 -5 14
747 748 
LEAF 747 9
65 classes
0 0.0049179
2 0.0049179
4 0.095899
6 0.00473575
9 0.02149
11 0.0960491
13 0.0487106
15 0.0084679
16 0.0145854
17 0.00965021
19 0.00517673
20 0.0620705
21 0.0139896
22 0.032371
23 0.0175961
24 0.00910073
28 0.0100681
30 0.0144644
37 0.0155302
39 0.0386634
40 0.015043
41 0.0408702
46 0.255731
49 0.00570827
51 0.00314165
52 0.00539516
55 0.0439904
56 0.0219511
58 0.0710363
59 0.00867864
-1 -1
LEAF 748 9
65 classes
4 0.0594337
9 0.0249721
11 0.097661
12 0.0303922
13 0.00707544
16 0.0112992
18 0.00544264
19 0.0180467
21 0.0747798
22 0.00626938
23 0.00340789
27 0.00591969
30 0.104211
32 0.101157
35 0.00339233
37 0.0150389
39 0.187736
40 0.00291342
41 0.00678467
44 0.00341573
45 0.0650056
48 0.00293645
49 0.00165831
50 0.0374133
51 0.00182536
52 0.0626938
54 0.00544264
56 0.044639
61 0.00663322
63 0.00240428
-1 -1
NODE 744 8
2dots_tau0
0 4 -5 7 -12
745 746 
LEAF 745 9
65 classes
4 0.0290058
6 0.0128915
9 0.0341245
11 0.152519
12 0.0843805
13 0.00552492
15 0.0153673
16 0.0264692
17 0.00437823
19 0.00939459
20 0.0563219
22 0.00979099
24 0.00412894
27 0.0184898
28 0.00913569
32 0.0181286
35 0.00794679
37 0.0375784
39 0.0175413
41 0.0741701
45 0.0531773
46 0.0773488
47 0.0368328
48 0.0137577
49 0.0284878
50 0.0125205
52 0.0440594
54 0.0382494
55 0.00798325
56 0.0497954
59 0.0104998
-1 -1
LEAF 746 9
65 classes
2 0.0363642
3 0.00439548
4 0.0157578
6 0.00389082
9 0.0220698
11 0.0443882
12 0.00477509
13 0.0150074
15 0.00347855
18 0.00384806
19 0.0680499
20 0.0339974
21 0.0275848
23 0.0048189
24 0.00373851
27 0.0167414
30 0.0356512
32 0.079727
33 0.00391985
37 0.00425312
39 0.0567236
40 0.0164788
41 0.0671566
42 0.0144236
44 0.00724497
45 0.0437717
46 0.210104
48 0.00830451
49 0.00234491
50 0.0151154
52 0.0132977
54 0.0153922
55 0.00240945
56 0.00901734
58 0.0583623
61 0.0140695
62 0.0133258
-1 -1
NODE 708 5
2dots_tau0
0 15 15 3 0
709 710 
NODE 709 6
2dots_tau0
0 -1 5 -14 1
725 726 
NODE 725 7
2dots_tau0
0 11 -4 12 7
733 734 
NODE 733 8
2dots_tau0
0 5 -1 -7 -2
737 738 
LEAF 737 9
65 classes
2 0.0858544
4 0.019696
6 0.189665
9 0.00551709
10 0.00402781
11 0.0184939
13 0.0250108
16 0.0649044
18 0.00480977
20 0.00424941
21 0.0660843
24 0.0327098
27 0.00523134
28 0.00516955
30 0.0178244
32 0.0117238
37 0.0106321
39 0.102096
40 0.00514928
41 0.00599574
44 0.0603709
45 0.0109422
48 0.01038
49 0.0293095
50 0.0566791
52 0.00554036
55 0.0210813
56 0.0338129
59 0.00297074
61 0.0674119
62 0.0166562
-1 -1
LEAF 738 9
65 classes
18 0.0979984
23 0.122723
30 0.242114
35 0.0610812
48 0.105745
49 0.119436
51 0.131467
61 0.119436
-1 -1
NODE 734 8
2dots_tau0
0 -8 -4 -8 -4
735 736 
LEAF 735 9
65 classes
1 0.00572512
2 0.0524069
4 0.0340645
6 0.0126165
10 0.094043
11 0.0319854
13 0.0681289
14 0.0126634
15 0.0157915
16 0.00518091
18 0.0773625
20 0.0198434
21 0.0790117
22 0.00287464
23 0.0156259
24 0.0145471
30 0.0508655
35 0.00311091
37 0.00551651
39 0.130961
40 0.00801517
42 0.00155901
44 0.0469855
45 0.00283871
49 0.0121659
50 0.00490136
51 0.0167393
52 0.00287464
54 0.0324424
55 0.0390648
59 0.00308276
61 0.0912441
62 0.00576143
-1 -1
LEAF 736 9
65 classes
-1 -1
NODE 726 7
2dots_tau0
0 -2 0 13 -9
727 728 
NODE 727 8
2dots_tau0
0 4 -7 -15 3
731 732 
LEAF 731 9
65 classes
2 0.0905556
6 0.0581344
16 0.0298409
17 0.296157
22 0.0331146
28 0.278084
55 0.180003
61 0.0175182
62 0.0165923
-1 -1
LEAF 732 9
65 classes
5 0.124009
6 0.0753238
10 0.0311924
17 0.0383725
19 0.0411689
20 0.065817
22 0.42906
28 0.120103
51 0.0749537
-1 -1
NODE 728 8
2dots_tau0
0 14 5 -12 14
729 730 
LEAF 729 9
65 classes
2 0.0177794
4 0.0693398
6 0.0342419
9 0.0194229
14 0.120292
17 0.209328
30 0.041834
44 0.0106268
51 0.102221
55 0.127229
56 0.0198397
59 0.062751
61 0.165095
-1 -1
LEAF 730 9
65 classes
2 0.19236
14 0.0371848
17 0.113238
28 0.0787614
42 0.45779
53 0.0313564
61 0.0893099
-1 -1
NODE 710 6
2dots_tau0
0 1 11 -11 8
711 712 
NODE 711 7
2dots_tau0
0 -11 -3 -5 12
719 720 
NODE 719 8
2dots_tau0
0 -15 1 12 -11
723 724 
LEAF 723 9
65 classes
5 0.00886161
6 0.177626
15 0.036092
16 0.00828881
17 0.0246788
18 0.0479111
19 0.00882574
20 0.134043
22 0.0275944
24 0.147399
28 0.145903
37 0.0176515
41 0.0398166
47 0.0519037
49 0.0924535
55 0.0049999
56 0.00935604
59 0.00493203
62 0.00460879
63 0.00705488
-1 -1
LEAF 724 9
65 classes
4 0.0222902
6 0.0330226
13 0.0424576
16 0.152557
24 0.158649
28 0.0526541
30 0.0403443
37 0.0180488
41 0.244277
42 0.0102015
47 0.0176907
49 0.079608
54 0.0326597
55 0.0511244
59 0.0100861
61 0.019902
63 0.0144273
-1 -1
NODE 720 8
2dots_tau0
0 -1 -2 15 13
721 722 
LEAF 721 9
65 classes
1 0.00346906
2 0.0508084
5 0.00335625
9 0.00693813
10 0.0101305
11 0.0620197
12 0.0037529
16 0.204055
18 0.00604862
20 0.00534393
22 0.0104511
27 0.0361833
28 0.0357559
30 0.0205475
32 0.235896
33 0.00308074
35 0.0150801
37 0.0869092
39 0.00178323
40 0.00647559
41 0.0150801
44 0.00379603
47 0.00327634
48 0.00979016
49 0.0368588
50 0.00593984
51 0.00202859
53 0.0025882
54 0.0574619
55 0.00378733
56 0.00354351
61 0.00184294
62 0.0192009
63 0.0267197
-1 -1
LEAF 722 9
65 classes
2 0.142081
4 0.0492546
6 0.0182424
9 0.0103476
11 0.115621
12 0.0223885
13 0.082091
16 0.084276
18 0.00902099
20 0.00797
21 0.00538891
27 0.0196234
30 0.00557179
32 0.0219887
37 0.0398823
40 0.00965777
42 0.0450843
47 0.00977274
49 0.0384802
50 0.132881
52 0.0103913
53 0.0231605
54 0.0541259
55 0.00564846
56 0.0211393
61 0.00549717
62 0.0104132
-1 -1
NODE 712 7
2dots_tau0
0 -11 -8 -12 0
713 714 
NODE 713 8
2dots_tau0
0 12 -15 4 -5
717 718 
LEAF 717 9
65 classes
14 0.056875
15 0.0506602
17 0.1732
28 0.0602337
42 0.21006
44 0.0703419
47 0.0607118
48 0.0604718
51 0.0751812
54 0.112083
55 0.0701806
-1 -1
LEAF 718 9
65 classes
6 0.132432
13 0.0243242
15 0.152228
17 0.096379
20 0.0330621
22 0.0215531
28 0.140774
41 0.0699738
47 0.0608106
48 0.0201901
49 0.0570099
51 0.0125506
54 0.0935547
55 0.0351474
56 0.0219231
59 0.0115568
63 0.016531
-1 -1
NODE 714 8
2dots_tau0
0 -2 -3 12 10
715 716 
LEAF 715 9
65 classes
2 0.0201749
6 0.0485693
15 0.0347383
17 0.0197943
22 0.30986
28 0.320098
41 0.011976
47 0.0832616
48 0.0207331
49 0.0292717
55 0.0421082
63 0.0594148
-1 -1
LEAF 716 9
65 classes
2 0.0549019
6 0.264343
13 0.0339869
17 0.134665
22 0.12046
28 0.0280994
44 0.0328149
45 0.0892157
47 0.0566449
48 0.0282105
54 0.0261438
55 0.0982191
59 0.0322953
-1 -1
NODE 644 4
2dots_tau0
0 -15 -8 7 -10
645 646 
NODE 645 5
2dots_tau0
0 -3 1 -1 -3
677 678 
NODE 677 6
2dots_tau0
0 6 -11 -12 -10
693 694 
NODE 693 7
2dots_tau0
0 12 -4 10 14
701 702 
NODE 701 8
2dots_tau0
0 -1 15 1 0
705 706 
LEAF 705 9
65 classes
35 0.125486
40 0.0538853
45 0.0572531
58 0.763375
-1 -1
LEAF 706 9
65 classes
0 0.0308982
9 0.0337544
15 0.0665028
20 0.0129993
22 0.0508452
35 0.00917071
40 0.015752
51 0.0197384
58 0.669462
59 0.0908772
-1 -1
NODE 702 8
2dots_tau0
0 -1 15 7 -5
703 704 
LEAF 703 9
65 classes
10 0.180316
13 0.279919
35 0.134208
54 0.215322
63 0.190236
-1 -1
LEAF 704 9
65 classes
0 0.331357
59 0.389832
63 0.278812
-1 -1
NODE 694 7
2dots_tau0
0 4 -12 10 2
695 696 
NODE 695 8
2dots_tau0
0 3 -14 -6 -14
699 700 
LEAF 699 9
65 classes
15 0.334792
22 0.142204
27 0.201409
32 0.0376143
35 0.0769461
59 0.1525
63 0.0545347
-1 -1
LEAF 700 9
65 classes
20 0.12477
32 0.0860579
35 0.0880227
48 0.152387
59 0.174452
63 0.37431
-1 -1
NODE 696 8
2dots_tau0
0 8 9 -6 -6
697 698 
LEAF 697 9
65 classes
6 0.014932
9 0.0338794
10 0.012367
11 0.0567838
12 0.0183257
13 0.0191983
14 0.1199
15 0.080099
19 0.0326449
20 0.104379
22 0.136089
27 0.0160624
28 0.0158726
35 0.0828421
40 0.0632416
44 0.00926816
45 0.0503956
49 0.0719938
51 0.00990578
52 0.0170112
53 0.0126384
59 0.00912138
63 0.0130474
-1 -1
LEAF 698 9
65 classes
12 0.0773793
14 0.0632842
28 0.0670214
40 0.267034
41 0.155465
51 0.292786
59 0.0770291
-1 -1
NODE 678 6
2dots_tau0
0 10 11 -4 6
679 680 
NODE 679 7
2dots_tau0
0 11 14 4 -14
687 688 
NODE 687 8
2dots_tau0
0 -12 -3 12 -14
691 692 
LEAF 691 9
65 classes
12 0.109075
15 0.158917
16 0.182483
17 0.0905527
20 0.0776585
22 0.101251
49 0.0535635
51 0.117919
59 0.108581
-1 -1
LEAF 692 9
65 classes
6 0.451765
49 0.272269
59 0.275965
-1 -1
NODE 688 8
2dots_tau0
0 6 7 -2 -12
689 690 
LEAF 689 9
65 classes
11 0.104268
15 0.661858
17 0.0838076
49 0.0495737
59 0.100493
-1 -1
LEAF 690 9
65 classes
15 0.410162
42 0.188968
63 0.40087
-1 -1
NODE 680 7
2dots_tau0
0 -8 -1 11 12
681 682 
NODE 681 8
2dots_tau0
0 -2 0 -13 -10
685 686 
LEAF 685 9
65 classes
0 0.0243352
12 0.115039
15 0.104754
19 0.025616
24 0.045033
27 0.0756232
35 0.0288911
40 0.0248123
45 0.0263631
49 0.0282462
51 0.0310916
58 0.351508
59 0.0572592
63 0.0614286
-1 -1
LEAF 686 9
65 classes
0 0.0839845
12 0.496272
40 0.171263
41 0.0997076
42 0.0499679
59 0.0988053
-1 -1
NODE 682 8
2dots_tau0
0 11 8 5 11
683 684 
LEAF 683 9
65 classes
11 0.0720132
12 0.139444
15 0.0507908
16 0.174967
22 0.194162
28 0.181167
42 0.0351002
49 0.0684768
61 0.0342384
63 0.0496402
-1 -1
LEAF 684 9
65 classes
12 0.14029
15 0.0681318
16 0.078235
20 0.0332942
22 0.173635
28 0.121511
35 0.0234884
48 0.0406636
49 0.137784
59 0.116379
63 0.0665883
-1 -1
NODE 646 5
2dots_tau0
0 11 -8 -8 4
647 648 
NODE 647 6
2dots_tau0
0 13 9 6 -3
663 664 
NODE 663 7
2dots_tau0
0 -4 8 8 -14
671 672 
NODE 671 8
2dots_tau0
0 -15 1 0 4
675 676 
LEAF 675 9
65 classes
10 0.277133
37 0.365771
48 0.357096
-1 -1
LEAF 676 9
65 classes
3 0.022943
4 0.0274169
11 0.0257435
12 0.0747733
13 0.0261113
15 0.0181569
18 0.0200856
30 0.0372175
35 0.212825
37 0.0887996
39 0.0236863
45 0.182779
48 0.0216734
49 0.0244793
50 0.0197244
54 0.100428
56 0.0235338
59 0.0496233
-1 -1
NODE 672 8
2dots_tau0
0 11 7 -8 -3
673 674 
LEAF 673 9
65 classes
2 0.0230999
14 0.022327
15 0.0198873
19 0.0243157
20 0.0388736
21 0.0525687
30 0.339704
32 0.0670309
35 0.12341
37 0.0243157
39 0.0129719
44 0.0138068
45 0.0250249
49 0.0670309
50 0.0216042
51 0.0147567
55 0.0551006
59 0.0407645
61 0.0134062
-1 -1
LEAF 674 9
65 classes
19 0.644604
49 0.355396
-1 -1
NODE 664 7
2dots_tau0
0 9 10 15 -5
665 666 
NODE 665 8
2dots_tau0
0 -5 12 -10 -4
669 670 
LEAF 669 9
65 classes
2 0.0281134
6 0.00902405
11 0.0114389
12 0.0664498
13 0.0232047
16 0.00926423
19 0.029593
20 0.00788509
24 0.00867079
27 0.0388286
32 0.304562
33 0.0181828
35 0.0278138
37 0.0690504
40 0.00955488
41 0.0445022
45 0.0203041
49 0.0108772
50 0.0262931
53 0.00763791
54 0.0267747
55 0.0279414
59 0.00551243
62 0.113325
63 0.0551956
-1 -1
LEAF 670 9
65 classes
6 0.104814
12 0.064318
19 0.114575
35 0.0323058
40 0.11098
41 0.129223
42 0.0323798
47 0.0561506
51 0.208599
54 0.0518313
55 0.064908
62 0.0299153
-1 -1
NODE 666 8
2dots_tau0
0 -3 1 4 7
667 668 
LEAF 667 9
65 classes
2 0.0400761
6 0.00771836
12 0.0189451
13 0.0099236
14 0.00774705
15 0.0207016
16 0.134704
19 0.0168741
20 0.12814
22 0.00879307
28 0.0328182
30 0.00471483
32 0.0883821
33 0.0311038
35 0.00475789
42 0.176445
49 0.102337
51 0.0256014
53 0.0130656
54 0.0381677
55 0.0525769
59 0.00942967
63 0.0269768
-1 -1
LEAF 668 9
65 classes
0 0.057552
1 0.015718
2 0.038368
5 0.0101379
9 0.015718
11 0.00585427
12 0.323076
13 0.0534411
15 0.016516
16 0.033189
19 0.09592
27 0.00496797
30 0.00564235
32 0.00556679
33 0.0232642
35 0.0170816
37 0.00504842
40 0.00489004
42 0.0256811
45 0.0363697
47 0.00494825
49 0.0723682
50 0.0269128
53 0.00781793
54 0.036541
62 0.0210902
63 0.0363192
-1 -1
NODE 648 6
2dots_tau0
0 4 -2 -1 6
649 650 
NODE 649 7
2dots_tau0
0 -4 0 12 -2
657 658 
NODE 657 8
2dots_tau0
0 9 -12 -11 -15
661 662 
LEAF 661 9
65 classes
0 0.076633
12 0.271699
19 0.201666
27 0.0793808
35 0.0909798
41 0.0454899
49 0.0222373
62 0.147434
63 0.0644809
-1 -1
LEAF 662 9
65 classes
12 0.203012
18 0.0408999
19 0.0452051
27 0.133454
35 0.127462
62 0.377697
63 0.0722697
-1 -1
NODE 658 8
2dots_tau0
0 -3 7 12 2
659 660 
LEAF 659 9
65 classes
0 0.0785595
11 0.0479471
12 0.324951
19 0.0413471
27 0.0813763
35 0.0932669
37 0.0413471
47 0.0810534
54 0.187046
59 0.0231057
-1 -1
LEAF 660 9
65 classes
9 0.0520783
11 0.0581908
12 0.169018
16 0.0942558
19 0.100361
35 0.0282982
45 0.103289
49 0.0276666
50 0.17834
52 0.052298
54 0.136205
-1 -1
NODE 650 7
2dots_tau0
0 -13 13 6 -8
651 652 
NODE 651 8
2dots_tau0
0 8 -7 -10 14
655 656 
LEAF 655 9
65 classes
35 0.502273
59 0.497727
-1 -1
LEAF 656 9
65 classes
15 0.177133
35 0.122133
45 0.222892
55 0.122693
59 0.242055
62 0.113095
-1 -1
NODE 652 8
2dots_tau0
0 0 13 -1 -4
653 654 
LEAF 653 9
65 classes
0 0.138835
6 0.0267385
9 0.0303336
11 0.135576
12 0.0328155
15 0.0956213
18 0.0264447
27 0.0862877
35 0.0824133
41 0.0659306
45 0.150404
50 0.0259691
52 0.0609232
54 0.0264447
62 0.015263
-1 -1
LEAF 654 9
65 classes
0 0.291683
12 0.123113
27 0.0431631
33 0.0202126
35 0.0989401
37 0.0219311
40 0.021243
41 0.024735
45 0.0677121
51 0.0133095
54 0.0198424
59 0.0612779
63 0.192837
-1 -1
NODE 516 3
2dots_tau0
0 -1 -13 -1 9
517 518 
NODE 517 4
2dots_tau0
0 3 4 -15 7
581 582 
NODE 581 5
2dots_tau0
0 11 10 -7 11
613 614 
NODE 613 6
2dots_tau0
0 8 5 -1 -8
629 630 
NODE 629 7
2dots_tau0
0 11 -10 -3 -6
637 638 
NODE 637 8
2dots_tau0
0 -14 3 9 4
641 642 
LEAF 641 9
65 classes
2 0.0519417
5 0.0548977
16 0.154048
19 0.0546754
20 0.043705
24 0.0480599
28 0.0531686
44 0.0620912
53 0.16934
55 0.216821
59 0.0611079
61 0.0301447
-1 -1
LEAF 642 9
65 classes
2 0.00449084
3 0.00488543
4 0.0992475
6 0.0518941
9 0.00490596
10 0.010745
11 0.0274089
13 0.0166803
15 0.027064
17 0.0352488
19 0.0047272
20 0.124697
24 0.0872597
27 0.00930373
28 0.0183877
30 0.00264167
37 0.0283632
41 0.0373211
42 0.00801568
47 0.023167
49 0.0130315
53 0.0585639
54 0.0213849
55 0.182106
56 0.0801798
59 0.00264167
61 0.0156377
-1 -1
NODE 638 8
2dots_tau0
0 5 -6 -6 -5
639 640 
LEAF 639 9
65 classes
4 0.127735
6 0.425783
15 0.070494
17 0.0321346
24 0.0151524
27 0.0848174
41 0.17498
49 0.0190082
53 0.0133474
56 0.0365479
-1 -1
LEAF 640 9
65 classes
6 0.425012
15 0.211099
24 0.226875
35 0.0291104
47 0.0505967
49 0.0284606
59 0.028847
-1 -1
NODE 630 7
2dots_tau0
0 -9 10 -10 13
631 632 
NODE 631 8
2dots_tau0
0 11 5 -4 -10
635 636 
LEAF 635 9
65 classes
16 0.212798
44 0.0428858
49 0.124924
53 0.116961
55 0.342299
56 0.160131
-1 -1
LEAF 636 9
65 classes
6 0.101963
13 0.393287
28 0.108386
32 0.0614511
41 0.125708
49 0.122902
53 0.0863013
-1 -1
NODE 632 8
2dots_tau0
0 0 -15 10 15
633 634 
LEAF 633 9
65 classes
6 0.0573457
16 0.058872
40 0.121438
53 0.194148
55 0.568196
-1 -1
LEAF 634 9
65 classes
4 0.123284
6 0.410948
15 0.0816453
16 0.0937524
53 0.0772943
55 0.0282762
56 0.158735
62 0.0260644
-1 -1
NODE 614 6
2dots_tau0
0 -6 0 0 -3
615 616 
NODE 615 7
2dots_tau0
0 10 0 8 9
623 624 
NODE 623 8
2dots_tau0
0 -13 -15 6 1
627 628 
LEAF 627 9
65 classes
-1 -1
LEAF 628 9
65 classes
5 0.0288585
15 0.141043
17 0.0535787
20 0.0918988
22 0.0299544
24 0.025264
28 0.0279495
40 0.0278399
41 0.0972491
42 0.0162453
47 0.0563427
48 0.02806
53 0.267054
55 0.0325651
59 0.0160615
62 0.0600354
-1 -1
NODE 624 8
2dots_tau0
0 -8 5 -1 -3
625 626 
LEAF 625 9
65 classes
9 0.0802321
24 0.407727
27 0.0760766
41 0.435964
-1 -1
LEAF 626 9
65 classes
41 1
-1 -1
NODE 616 7
2dots_tau0
0 -11 7 7 14
617 618 
NODE 617 8
2dots_tau0
0 12 9 -2 -7
621 622 
LEAF 621 9
65 classes
10 0.0289813
15 0.250276
20 0.0917272
22 0.0398646
28 0.297572
42 0.0432398
47 0.0749834
55 0.173356
-1 -1
LEAF 622 9
65 classes
15 0.54027
42 0.0414853
47 0.143881
53 0.0284155
55 0.187112
59 0.020508
62 0.0383278
-1 -1
NODE 618 8
2dots_tau0
0 7 14 9 -6
619 620 
LEAF 619 9
65 classes
6 0.116451
10 0.144671
19 0.0636476
27 0.125267
28 0.247574
33 0.0586602
41 0.14357
53 0.049282
63 0.0508768
-1 -1
LEAF 620 9
65 classes
6 0.105782
28 0.112445
53 0.716266
55 0.0655071
-1 -1
NODE 582 5
2dots_tau0
0 9 0 9 -15
583 584 
NODE 583 6
2dots_tau0
0 5 1 -6 13
599 600 
NODE 599 7
2dots_tau0
0 8 -11 -8 2
607 608 
NODE 607 8
2dots_tau0
0 4 -7 -14 -11
611 612 
LEAF 611 9
65 classes
1 0.01016
5 0.00982956
9 0.0203199
10 0.192852
11 0.0113524
17 0.155122
19 0.00978976
20 0.0156509
24 0.00860524
27 0.00963375
28 0.0666398
42 0.0166
47 0.182315
48 0.0191152
51 0.0118824
53 0.0151603
55 0.0942826
56 0.145292
61 0.00539748
-1 -1
LEAF 612 9
65 classes
3 0.0295071
4 0.035261
7 0.0239058
14 0.0262164
17 0.425793
22 0.0595123
28 0.0832937
42 0.0484133
51 0.207927
53 0.0442144
59 0.0159552
-1 -1
NODE 608 8
2dots_tau0
0 -6 5 -2 -4
609 610 
LEAF 609 9
65 classes
0 0.0172703
5 0.0182532
7 0.0456639
10 0.0275477
17 0.0847223
22 0.322088
28 0.247496
47 0.106911
51 0.0220653
55 0.0308964
56 0.0770863
-1 -1
LEAF 610 9
65 classes
7 0.0986103
10 0.0446166
17 0.109774
19 0.17666
22 0.0613714
28 0.286319
47 0.115437
51 0.107211
-1 -1
NODE 600 7
2dots_tau0
0 -7 -5 7 -14
601 602 
NODE 601 8
2dots_tau0
0 -5 0 -10 -11
605 606 
LEAF 605 9
65 classes
7 0.305538
19 0.121638
27 0.1197
28 0.118286
47 0.119225
51 0.147639
59 0.0679742
-1 -1
LEAF 606 9
65 classes
7 0.407601
14 0.0893994
22 0.126838
27 0.0239526
28 0.284037
47 0.0238576
51 0.0443153
-1 -1
NODE 602 8
2dots_tau0
0 4 0 -14 -12
603 604 
LEAF 603 9
65 classes
9 0.0492942
10 0.665774
14 0.0218067
17 0.0221359
19 0.023749
20 0.0189838
22 0.0495022
28 0.0230945
42 0.0268467
47 0.0465556
51 0.0144128
52 0.0247511
61 0.0130938
-1 -1
LEAF 604 9
65 classes
5 0.0835695
7 0.0696885
14 0.305697
17 0.0775777
22 0.173486
28 0.0809374
42 0.0940874
51 0.0505113
53 0.0644455
-1 -1
NODE 584 6
2dots_tau0
0 15 2 13 13
585 586 
NODE 585 7
2dots_tau0
0 11 12 0 -1
593 594 
NODE 593 8
2dots_tau0
0 -7 5 8 -10
597 598 
LEAF 597 9
65 classes
7 0.27392
14 0.450593
55 0.0926678
59 0.18282
-1 -1
LEAF 598 9
65 classes
4 0.0856041
5 0.0695968
7 0.0580367
17 0.258427
19 0.0693151
47 0.0679398
55 0.274876
59 0.116205
-1 -1
NODE 594 8
2dots_tau0
0 -11 1 -10 13
595 596 
LEAF 595 9
65 classes
14 0.226477
22 0.257056
48 0.2408
59 0.275667
-1 -1
LEAF 596 9
65 classes
7 0.0422068
14 0.277718
17 0.0469849
22 0.210144
42 0.056984
47 0.0494088
48 0.098427
51 0.122369
53 0.0390314
55 0.0285574
59 0.0281697
-1 -1
NODE 586 7
2dots_tau0
0 10 14 -1 1
587 588 
NODE 587 8
2dots_tau0
0 0 3 7 -4
591 592 
LEAF 591 9
65 classes
51 0.796703
53 0.203297
-1 -1
LEAF 592 9
65 classes
7 0.0382553
14 0.125858
17 0.0425861
19 0.0456895
22 0.142852
30 0.0255324
42 0.180772
47 0.179132
51 0.0831841
53 0.0353771
61 0.100762
-1 -1
NODE 588 8
2dots_tau0
0 -4 14 9 -8
589 590 
LEAF 589 9
65 classes
47 0.617602
51 0.382398
-1 -1
LEAF 590 9
65 classes
20 0.0623244
22 0.406292
47 0.152843
51 0.37854
-1 -1
NODE 518 4
2dots_tau0
0 -6 0 -5 14
519 520 
NODE 519 5
2dots_tau0
0 -5 -1 -6 1
551 552 
NODE 551 6
2dots_tau0
0 -4 1 -6 4
567 568 
NODE 567 7
2dots_tau0
0 -10 4 -14 -6
575 576 
NODE 575 8
2dots_tau0
0 9 -12 2 -2
579 580 
LEAF 579 9
65 classes
9 0.325175
19 0.104442
30 0.291824
40 0.0337218
45 0.0716589
51 0.126768
53 0.0269563
59 0.0194549
-1 -1
LEAF 580 9
65 classes
0 0.0802256
9 0.131462
13 0.0496635
19 0.042224
20 0.337519
27 0.0415511
30 0.0235958
41 0.0476225
49 0.0698393
51 0.0256249
53 0.0326938
59 0.117979
-1 -1
NODE 576 8
2dots_tau0
0 -15 4 -1 -11
577 578 
LEAF 577 9
65 classes
9 0.0416615
14 0.0737208
15 0.0328326
16 0.113104
19 0.0401435
20 0.192533
21 0.0216968
30 0.0897326
32 0.0221327
49 0.0221327
51 0.170536
55 0.0227419
59 0.157032
-1 -1
LEAF 578 9
65 classes
6 0.830827
59 0.169173
-1 -1
NODE 568 7
2dots_tau0
0 12 -12 0 12
569 570 
NODE 569 8
2dots_tau0
0 4 -8 4 -5
573 574 
LEAF 573 9
65 classes
19 0.218251
30 0.243928
40 0.211404
48 0.106538
54 0.0987326
59 0.0609819
61 0.0601652
-1 -1
LEAF 574 9
65 classes
6 0.0994607
9 0.225667
15 0.177844
40 0.105311
45 0.111893
54 0.0983678
59 0.121513
61 0.0599429
-1 -1
NODE 570 8
2dots_tau0
0 -2 14 5 -10
571 572 
LEAF 571 9
65 classes
6 0.0446839
9 0.0506918
30 0.0272956
35 0.0275449
39 0.0521151
40 0.0473124
58 0.670259
59 0.0545912
62 0.0255067
-1 -1
LEAF 572 9
65 classes
0 0.0633465
3 0.0344562
6 0.0305001
7 0.0558308
9 0.069202
19 0.0333402
20 0.0266506
24 0.0293062
27 0.0328089
40 0.290648
41 0.0376029
47 0.0653575
48 0.0325496
54 0.18099
62 0.0174102
-1 -1
NODE 552 6
2dots_tau0
0 -5 -5 6 9
553 554 
NODE 553 7
2dots_tau0
0 -13 -12 -12 -10
561 562 
NODE 561 8
2dots_tau0
0 11 12 10 -4
565 566 
LEAF 565 9
65 classes
0 0.045245
7 0.079754
22 0.148908
41 0.107431
44 0.081129
51 0.0289035
55 0.26981
59 0.186303
61 0.0525166
-1 -1
LEAF 566 9
65 classes
0 0.199895
3 0.0362431
6 0.0320819
7 0.117452
14 0.161006
15 0.11473
19 0.105208
22 0.036549
24 0.061652
28 0.0341028
41 0.039553
47 0.0343735
53 0.027154
-1 -1
NODE 562 8
2dots_tau0
0 -14 12 7 6
563 564 
LEAF 563 9
65 classes
7 0.237947
19 0.227351
22 0.118472
44 0.0322733
47 0.22284
51 0.0344936
59 0.0952867
61 0.0313368
-1 -1
LEAF 564 9
65 classes
0 0.186586
5 0.0986023
15 0.240955
19 0.0982031
22 0.102347
41 0.110759
55 0.111267
62 0.0512815
-1 -1
NODE 554 7
2dots_tau0
0 9 9 -1 -5
555 556 
NODE 555 8
2dots_tau0
0 1 12 -15 15
559 560 
LEAF 559 9
65 classes
0 0.0711739
1 0.0388765
3 0.0193569
5 0.0376122
6 0.0799608
9 0.0518353
13 0.00734334
19 0.0936498
20 0.0499062
22 0.026027
23 0.0212216
24 0.0603669
27 0.0122877
28 0.024285
30 0.0244224
40 0.0846643
41 0.00704155
44 0.00709012
45 0.00642542
47 0.055075
48 0.0426668
49 0.0240953
50 0.0277356
51 0.00378894
52 0.00650675
53 0.00483417
54 0.00564872
58 0.0856722
59 0.0104667
61 0.00344219
62 0.00652051
-1 -1
LEAF 560 9
65 classes
0 0.109977
1 0.0514897
3 0.0170914
5 0.0581177
6 0.00756453
7 0.110775
9 0.0858161
14 0.0303706
15 0.033815
16 0.00776587
17 0.00770726
19 0.115765
22 0.0861782
28 0.0643283
30 0.0462087
40 0.016019
41 0.00932613
45 0.0340404
51 0.00501824
53 0.00640258
55 0.051529
59 0.0231043
62 0.0215901
-1 -1
NODE 556 8
2dots_tau0
0 3 0 -15 1
557 558 
LEAF 557 9
65 classes
6 0.194803
15 0.0348324
18 0.0385325
19 0.0425886
22 0.0443855
27 0.0419099
28 0.248489
41 0.0480337
47 0.0417435
49 0.0704422
51 0.0516922
55 0.096508
59 0.0237995
62 0.0222397
-1 -1
LEAF 558 9
65 classes
0 0.155386
9 0.169749
19 0.408911
40 0.0792164
51 0.0496319
59 0.137105
-1 -1
NODE 520 5
2dots_tau0
0 -3 -6 7 10
521 522 
NODE 521 6
2dots_tau0
0 10 2 2 8
537 538 
NODE 537 7
2dots_tau0
0 5 -6 -2 -14
545 546 
NODE 545 8
2dots_tau0
0 4 -10 5 8
549 550 
LEAF 549 9
65 classes
7 0.0722514
19 0.0431461
20 0.0344889
22 0.0449666
30 0.024111
42 0.0487738
51 0.130922
53 0.60134
-1 -1
LEAF 550 9
65 classes
3 0.185464
7 0.150257
15 0.0733873
19 0.224322
40 0.0434568
45 0.0461729
51 0.0272272
53 0.104215
59 0.0752137
62 0.0702843
-1 -1
NODE 546 8
2dots_tau0
0 2 6 -3 -7
547 548 
LEAF 547 9
65 classes
45 0.663394
62 0.336606
-1 -1
LEAF 548 9
65 classes
15 0.411
42 0.284032
51 0.304968
-1 -1
NODE 538 7
2dots_tau0
0 0 4 -10 9
539 540 
NODE 539 8
2dots_tau0
0 -8 12 -8 -3
543 544 
LEAF 543 9
65 classes
0 0.247201
9 0.0900173
27 0.256065
41 0.097827
44 0.0985017
51 0.0526391
53 0.0671602
62 0.0905882
-1 -1
LEAF 544 9
65 classes
0 0.487777
41 0.434322
51 0.0779005
-1 -1
NODE 540 8
2dots_tau0
0 10 1 6 14
541 542 
LEAF 541 9
65 classes
0 0.55889
35 0.110587
44 0.11135
59 0.219173
-1 -1
LEAF 542 9
65 classes
21 0.0488646
39 0.289388
47 0.0886156
51 0.219471
59 0.353661
-1 -1
NODE 522 6
2dots_tau0
0 9 5 1 10
523 524 
NODE 523 7
2dots_tau0
0 -12 15 0 -1
531 532 
NODE 531 8
2dots_tau0
0 15 1 6 8
535 536 
LEAF 535 9
65 classes
0 0.0027676
1 0.0332577
2 0.0055352
3 0.0331185
4 0.00719575
5 0.0117004
7 0.060981
9 0.187452
13 0.0239858
14 0.04815
19 0.0436989
21 0.00314913
22 0.00910855
27 0.00286683
28 0.00849892
30 0.021164
40 0.0338624
44 0.016542
45 0.137919
48 0.00568834
50 0.0854172
51 0.001768
52 0.0910855
53 0.081206
54 0.00263581
56 0.0123532
59 0.004884
61 0.0224867
62 0.0015213
-1 -1
LEAF 536 9
65 classes
0 0.0217029
1 0.0414908
2 0.0162772
3 0.0354147
4 0.0141069
5 0.011469
9 0.195599
10 0.00432726
13 0.0470229
14 0.00524419
17 0.00532335
19 0.0628241
23 0.00647104
27 0.0449621
28 0.0166617
30 0.0127664
39 0.00304684
40 0.0719174
44 0.00324296
45 0.0822901
47 0.00559796
48 0.00557584
50 0.0761162
52 0.0178568
53 0.0928665
54 0.0206694
56 0.0302723
61 0.022042
62 0.0268418
-1 -1
NODE 532 8
2dots_tau0
0 15 11 8 13
533 534 
LEAF 533 9
65 classes
1 0.0208992
2 0.181743
4 0.0994802
5 0.0101098
7 0.00843053
9 0.052248
14 0.0369815
15 0.00823512
19 0.0100688
22 0.0209874
27 0.00990839
30 0.0225068
35 0.00567809
40 0.0292589
44 0.0628898
45 0.0310876
47 0.00986907
48 0.0294902
50 0.00894606
52 0.115431
54 0.182198
56 0.0213477
61 0.0222054
-1 -1
LEAF 534 9
65 classes
0 0.00721497
1 0.0078819
2 0.0793646
4 0.0562767
9 0.0236457
11 0.017614
16 0.00713267
19 0.0151894
20 0.00607085
22 0.00791515
27 0.0523157
28 0.0295416
30 0.0169764
35 0.0128486
37 0.0303788
40 0.0735644
41 0.00856571
42 0.00429266
44 0.021562
45 0.0781621
47 0.0297761
50 0.0134956
52 0.0791515
54 0.267985
56 0.0241531
59 0.0042441
61 0.016749
62 0.00793189
-1 -1
NODE 524 7
2dots_tau0
0 5 4 -5 1
525 526 
NODE 525 8
2dots_tau0
0 -14 -5 5 10
529 530 
LEAF 529 9
65 classes
0 0.0104981
2 0.115479
5 0.0443823
9 0.0114685
10 0.117218
14 0.0101469
15 0.00903811
16 0.134919
22 0.207304
28 0.118207
35 0.0311588
42 0.018738
44 0.00627473
47 0.0541569
48 0.0863086
59 0.0247014
-1 -1
LEAF 530 9
65 classes
0 0.00607227
2 0.0425059
3 0.0110097
4 0.00789395
5 0.0320892
9 0.0530686
10 0.213088
12 0.00239211
13 0.00250602
15 0.00174259
16 0.068034
19 0.00426124
21 0.00230312
23 0.00241405
24 0.00561847
27 0.0335467
28 0.0041438
33 0.00196367
35 0.00240303
37 0.00426124
40 0.0288929
42 0.00240853
44 0.0084686
45 0.00877105
47 0.0167068
48 0.0395217
50 0.219592
52 0.00888208
53 0.112181
54 0.0385541
55 0.00120703
56 0.00451728
59 0.00119064
62 0.00778825
-1 -1
NODE 526 8
2dots_tau0
0 -3 8 6 13
527 528 
LEAF 527 9
65 classes
47 0.153742
50 0.0929091
53 0.607258
59 0.14609
-1 -1
LEAF 528 9
65 classes
7 0.0191317
15 0.0186882
22 0.0476274
42 0.02583
47 0.223962
48 0.0669231
49 0.0125979
50 0.0406032
51 0.0138669
53 0.530769
-1 -1
NODE 2 1
2dots_tau0
0 0 3 14 -13
3 4 
NODE 3 2
2dots_tau0
0 4 -13 0 -5
259 260 
NODE 259 3
2dots_tau0
0 12 -6 -2 10
387 388 
NODE 387 4
2dots_tau0
0 -15 10 -9 0
451 452 
NODE 451 5
2dots_tau0
0 1 -11 15 -14
483 484 
NODE 483 6
2dots_tau0
0 15 11 -9 -10
499 500 
NODE 499 7
2dots_tau0
0 -11 -3 -13 -11
507 508 
NODE 507 8
2dots_tau0
0 0 -11 10 -8
511 512 
LEAF 511 9
65 classes
3 0.128031
5 0.062194
7 0.0518635
17 0.0577348
22 0.0645558
27 0.24382
33 0.285443
51 0.0375915
59 0.0346148
61 0.0341512
-1 -1
LEAF 512 9
65 classes
0 0.0574969
3 0.125098
7 0.0506753
17 0.28206
22 0.0630768
23 0.0685743
27 0.0595586
35 0.0341306
37 0.0605231
39 0.0968631
49 0.0333688
55 0.0685743
-1 -1
NODE 508 8
2dots_tau0
0 -12 -7 12 7
509 510 
LEAF 509 9
65 classes
5 0.236648
18 0.142162
35 0.132912
49 0.0433151
51 0.0476785
56 0.083284
63 0.314
-1 -1
LEAF 510 9
65 classes
1 0.018356
2 0.0168028
3 0.109675
5 0.0532771
6 0.0161805
7 0.0148092
17 0.42863
18 0.0160027
20 0.0141383
23 0.02004
27 0.0174053
33 0.0163012
35 0.0698198
42 0.00999709
47 0.0173362
55 0.0901801
56 0.0187499
59 0.009884
63 0.0424148
-1 -1
NODE 500 7
2dots_tau0
0 7 -6 0 -4
501 502 
NODE 501 8
2dots_tau0
0 -5 -7 -15 6
505 506 
LEAF 505 9
65 classes
3 0.0425398
4 0.050835
13 0.0484143
33 0.265556
35 0.278548
41 0.0464247
48 0.0401858
52 0.0857975
62 0.0429895
63 0.0987088
-1 -1
LEAF 506 9
65 classes
1 0.239574
19 0.115422
24 0.0507282
33 0.531889
59 0.0322503
62 0.0301366
-1 -1
NODE 502 8
2dots_tau0
0 4 0 11 -4
503 504 
LEAF 503 9
65 classes
32 0.191413
41 0.195783
49 0.191413
51 0.421391
-1 -1
LEAF 504 9
65 classes
19 0.329866
33 0.152009
35 0.0930103
51 0.0500473
61 0.0454671
63 0.3296
-1 -1
NODE 484 6
2dots_tau0
0 4 12 -6 -13
485 486 
NODE 485 7
2dots_tau0
0 -1 10 -3 -11
493 494 
NODE 493 8
2dots_tau0
0 9 -6 15 9
497 498 
LEAF 497 9
65 classes
15 0.0748535
24 0.925147
-1 -1
LEAF 498 9
65 classes
20 0.0768302
24 0.675887
33 0.0885841
39 0.0512754
59 0.107423
-1 -1
NODE 494 8
2dots_tau0
0 14 -14 -1 7
495 496 
LEAF 495 9
65 classes
17 0.0667177
24 0.786485
33 0.0659708
55 0.0608263
59 0.0200002
-1 -1
LEAF 496 9
65 classes
24 0.767083
33 0.178732
59 0.0541856
-1 -1
NODE 486 7
2dots_tau0
0 2 15 -6 8
487 488 
NODE 487 8
2dots_tau0
0 0 -2 14 -5
491 492 
LEAF 491 9
65 classes
55 1
-1 -1
LEAF 492 9
65 classes
51 1
-1 -1
NODE 488 8
2dots_tau0
0 9 -12 -8 2
489 490 
LEAF 489 9
65 classes
55 0.503417
59 0.496583
-1 -1
LEAF 490 9
65 classes
-1 -1
NODE 452 5
2dots_tau0
0 -8 14 4 9
453 454 
NODE 453 6
2dots_tau0
0 5 2 -1 -2
469 470 
NODE 469 7
2dots_tau0
0 0 -5 -13 7
477 478 
NODE 477 8
2dots_tau0
0 11 1 -12 -13
481 482 
LEAF 481 9
65 classes
12 0.243244
21 0.117098
35 0.122177
39 0.231161
62 0.113137
63 0.173183
-1 -1
LEAF 482 9
65 classes
5 1
-1 -1
NODE 478 8
2dots_tau0
0 3 -6 5 -4
479 480 
LEAF 479 9
65 classes
12 0.533898
47 0.466102
-1 -1
LEAF 480 9
65 classes
5 0.376995
7 0.104792
28 0.121707
35 0.141158
47 0.122673
56 0.132676
-1 -1
NODE 470 7
2dots_tau0
0 6 3 -8 6
471 472 
NODE 471 8
2dots_tau0
0 -9 -1 11 8
475 476 
LEAF 475 9
65 classes
12 0.501667
35 0.251979
49 0.246354
-1 -1
LEAF 476 9
65 classes
27 0.465957
41 0.534043
-1 -1
NODE 472 8
2dots_tau0
0 -4 7 5 -2
473 474 
LEAF 473 9
65 classes
1 0.165009
5 0.159643
19 0.158997
27 0.156463
41 0.179325
44 0.180562
-1 -1
LEAF 474 9
65 classes
5 0.395384
27 0.387508
61 0.217108
-1 -1
NODE 454 6
2dots_tau0
0 -1 -2 8 -15
455 456 
NODE 455 7
2dots_tau0
0 -7 -9 -11 -9
463 464 
NODE 463 8
2dots_tau0
0 -8 -2 1 12
467 468 
LEAF 467 9
65 classes
18 0.074988
19 0.0828814
27 0.326243
33 0.152774
35 0.186956
59 0.0463161
62 0.129842
-1 -1
LEAF 468 9
65 classes
27 0.344406
33 0.0806397
35 0.197365
41 0.0986824
50 0.233217
62 0.0456902
-1 -1
NODE 464 8
2dots_tau0
0 -4 0 -13 13
465 466 
LEAF 465 9
65 classes
3 0.200723
19 0.582667
32 0.107082
35 0.109527
-1 -1
LEAF 466 9
65 classes
5 0.474939
20 0.126035
27 0.155159
47 0.154544
55 0.0893233
-1 -1
NODE 456 7
2dots_tau0
0 4 0 -5 -1
457 458 
NODE 457 8
2dots_tau0
0 -8 13 -1 11
461 462 
LEAF 461 9
65 classes
5 0.158329
24 0.138608
35 0.0444622
37 0.078844
39 0.0420615
47 0.231839
50 0.140104
52 0.0821707
56 0.0835814
-1 -1
LEAF 462 9
65 classes
3 0.382727
5 0.0619727
21 0.100078
27 0.0607382
33 0.0568854
35 0.243646
37 0.0617218
62 0.032231
-1 -1
NODE 458 8
2dots_tau0
0 -9 -12 -7 1
459 460 
LEAF 459 9
65 classes
3 0.50823
19 0.49177
-1 -1
LEAF 460 9
65 classes
6 0.120923
21 0.0714426
35 0.298167
40 0.256073
59 0.147734
63 0.105661
-1 -1
NODE 388 4
2dots_tau0
0 -4 -8 -4 -9
389 390 
NODE 389 5
2dots_tau0
0 0 -15 8 6
421 422 
NODE 421 6
2dots_tau0
0 13 6 1 -2
437 438 
NODE 437 7
2dots_tau0
0 11 7 3 -2
445 446 
NODE 445 8
2dots_tau0
0 3 -4 -6 -6
449 450 
LEAF 449 9
65 classes
3 0.202167
5 0.294622
15 0.119995
18 0.0884944
24 0.0429875
33 0.135218
48 0.047745
51 0.0296793
63 0.0390922
-1 -1
LEAF 450 9
65 classes
3 0.583117
15 0.230737
23 0.0799111
27 0.0694049
62 0.0368301
-1 -1
NODE 446 8
2dots_tau0
0 5 -11 13 -15
447 448 
LEAF 447 9
65 classes
0 0.689906
3 0.125088
33 0.111552
51 0.0734544
-1 -1
LEAF 448 9
65 classes
15 0.678723
53 0.321277
-1 -1
NODE 438 7
2dots_tau0
0 -5 3 -6 10
439 440 
NODE 439 8
2dots_tau0
0 5 6 -8 12
443 444 
LEAF 443 9
65 classes
0 0.289472
2 0.072368
5 0.050991
15 0.0623036
18 0.0918959
27 0.124938
33 0.117013
41 0.0286388
63 0.162379
-1 -1
LEAF 444 9
65 classes
0 0.356386
15 0.245458
18 0.0678831
24 0.0659505
41 0.0846214
49 0.0413663
62 0.0783598
63 0.0599744
-1 -1
NODE 440 8
2dots_tau0
0 -14 12 11 -7
441 442 
LEAF 441 9
65 classes
0 0.228187
3 0.0354625
5 0.0689067
15 0.196453
18 0.0620918
19 0.0686278
24 0.15081
33 0.0316251
41 0.038701
51 0.0832976
62 0.0358373
-1 -1
LEAF 442 9
65 classes
0 0.327938
5 0.0693201
15 0.169398
19 0.0690395
27 0.0679393
33 0.127259
35 0.0778665
62 0.0360523
63 0.0551869
-1 -1
NODE 422 6
2dots_tau0
0 5 -14 9 -9
423 424 
NODE 423 7
2dots_tau0
0 -11 -1 -12 -11
431 432 
NODE 431 8
2dots_tau0
0 6 15 -11 13
435 436 
LEAF 435 9
65 classes
0 0.0402874
1 0.0440115
18 0.345321
23 0.192197
33 0.117254
35 0.0239149
41 0.143489
49 0.0935244
-1 -1
LEAF 436 9
65 classes
0 0.187556
5 0.264307
19 0.131618
33 0.363915
63 0.0526047
-1 -1
NODE 432 8
2dots_tau0
0 2 -13 -7 8
433 434 
LEAF 433 9
65 classes
3 0.0432032
5 0.0839477
6 0.152971
18 0.208024
24 0.293966
27 0.0205689
32 0.0115241
33 0.0385282
47 0.0409745
49 0.0230481
50 0.0371423
51 0.012685
63 0.0334161
-1 -1
LEAF 434 9
65 classes
5 0.130091
18 0.117225
23 0.1468
40 0.125499
47 0.126993
49 0.285735
62 0.0676581
-1 -1
NODE 424 7
2dots_tau0
0 10 9 13 4
425 426 
NODE 425 8
2dots_tau0
0 7 13 5 -11
429 430 
LEAF 429 9
65 classes
1 0.130727
3 0.0433935
18 0.0759784
19 0.041988
20 0.0335633
24 0.110723
33 0.386979
35 0.0710346
40 0.0406708
47 0.0411549
55 0.0237868
-1 -1
LEAF 430 9
65 classes
0 0.0617315
15 0.0531464
24 0.0571182
33 0.598888
35 0.0732886
63 0.155827
-1 -1
NODE 426 8
2dots_tau0
0 -4 7 0 5
427 428 
LEAF 427 9
65 classes
1 0.213265
3 0.212373
18 0.185923
33 0.189392
40 0.199047
-1 -1
LEAF 428 9
65 classes
18 0.128869
24 0.626002
33 0.131274
63 0.113855
-1 -1
NODE 390 5
2dots_tau0
0 13 -3 2 3
391 392 
NODE 391 6
2dots_tau0
0 -10 -1 -3 -15
407 408 
NODE 407 7
2dots_tau0
0 8 1 -9 6
415 416 
NODE 415 8
2dots_tau0
0 2 -10 6 14
419 420 
LEAF 419 9
65 classes
33 1
-1 -1
LEAF 420 9
65 classes
-1 -1
NODE 416 8
2dots_tau0
0 -14 -3 -9 -13
417 418 
LEAF 417 9
65 classes
1 0.65
30 0.35
-1 -1
LEAF 418 9
65 classes
1 0.275663
27 0.261385
40 0.257285
53 0.205667
-1 -1
NODE 408 7
2dots_tau0
0 13 14 -9 3
409 410 
NODE 409 8
2dots_tau0
0 -9 -3 -15 0
413 414 
LEAF 413 9
65 classes
3 0.370502
22 0.186814
27 0.176394
33 0.165205
35 0.101084
-1 -1
LEAF 414 9
65 classes
1 0.188484
5 0.547064
18 0.16432
49 0.100132
-1 -1
NODE 410 8
2dots_tau0
0 13 5 -11 -2
411 412 
LEAF 411 9
65 classes
3 0.265381
27 0.442214
33 0.118332
40 0.124365
53 0.049707
-1 -1
LEAF 412 9
65 classes
1 0.517241
40 0.482759
-1 -1
NODE 392 6
2dots_tau0
0 -5 8 -15 10
393 394 
NODE 393 7
2dots_tau0
0 -1 -4 10 5
401 402 
NODE 401 8
2dots_tau0
0 5 -4 -14 1
405 406 
LEAF 405 9
65 classes
0 0.190528
3 0.181361
11 0.0290712
12 0.0562924
15 0.0615116
18 0.0226819
19 0.100278
27 0.07401
32 0.0138218
33 0.0231051
35 0.0424121
62 0.10473
63 0.100197
-1 -1
LEAF 406 9
65 classes
15 0.664665
19 0.221637
47 0.072413
59 0.0412853
-1 -1
NODE 402 8
2dots_tau0
0 0 15 7 0
403 404 
LEAF 403 9
65 classes
0 0.0343809
1 0.0751179
3 0.112205
15 0.325594
18 0.0654874
24 0.127246
33 0.0667092
40 0.035055
41 0.081635
49 0.0199532
52 0.0377174
62 0.0188986
-1 -1
LEAF 404 9
65 classes
2 0.0760735
3 0.248273
15 0.0654937
18 0.0724509
24 0.140777
33 0.0738026
35 0.180631
47 0.0784885
63 0.06401
-1 -1
NODE 394 7
2dots_tau0
0 -6 9 -5 9
395 396 
NODE 395 8
2dots_tau0
0 -8 -5 13 15
399 400 
LEAF 399 9
65 classes
6 0.0325229
15 0.0290768
18 0.0321655
22 0.0370514
24 0.437497
33 0.0327656
41 0.12029
47 0.243922
48 0.0347083
-1 -1
LEAF 400 9
65 classes
3 0.0601567
5 0.175335
15 0.166626
18 0.0789969
22 0.0606643
24 0.127913
33 0.0268236
35 0.0164126
47 0.25674
52 0.0303321
-1 -1
NODE 396 8
2dots_tau0
0 -14 3 -9 7
397 398 
LEAF 397 9
65 classes
3 0.391299
5 0.0200087
6 0.0911506
15 0.0977907
18 0.0540894
19 0.0199277
24 0.157648
47 0.136726
53 0.0154299
63 0.0159292
-1 -1
LEAF 398 9
65 classes
1 0.346154
47 0.653846
-1 -1
NODE 260 3
2dots_tau0
0 0 -14 9 14
261 262 
NODE 261 4
2dots_tau0
0 6 -2 -12 -13
325 326 
NODE 325 5
2dots_tau0
0 -10 8 4 9
357 358 
NODE 357 6
2dots_tau0
0 -6 -8 3 15
373 374 
NODE 373 7
2dots_tau0
0 5 -13 -4 -15
381 382 
NODE 381 8
2dots_tau0
0 -8 -4 8 10
385 386 
LEAF 385 9
65 classes
12 0.167398
48 0.145563
49 0.328817
59 0.0833202
62 0.155719
63 0.119183
-1 -1
LEAF 386 9
65 classes
49 0.196227
55 0.604883
59 0.198891
-1 -1
NODE 382 8
2dots_tau0
0 8 13 7 8
383 384 
LEAF 383 9
65 classes
0 0.119678
28 0.122505
35 0.0710417
49 0.277824
55 0.0713676
59 0.0703988
62 0.0657849
63 0.2014
-1 -1
LEAF 384 9
65 classes
0 0.0318145
3 0.0346099
4 0.0413588
33 0.0308648
46 0.551451
48 0.0326947
49 0.258492
59 0.0187144
-1 -1
NODE 374 7
2dots_tau0
0 8 12 -6 -14
375 376 
NODE 375 8
2dots_tau0
0 14 11 -8 -10
379 380 
LEAF 379 9
65 classes
0 0.0724184
20 0.0304673
22 0.0794464
28 0.0370646
35 0.0214941
37 0.0762299
41 0.128964
48 0.0744221
49 0.0840571
51 0.0462624
54 0.0689699
55 0.107963
62 0.0199036
63 0.152337
-1 -1
LEAF 380 9
65 classes
47 0.59206
49 0.166517
63 0.241423
-1 -1
NODE 376 8
2dots_tau0
0 -12 15 0 -3
377 378 
LEAF 377 9
65 classes
33 0.449692
41 0.550308
-1 -1
LEAF 378 9
65 classes
0 0.165868
15 0.1428
49 0.0962626
54 0.315939
63 0.27913
-1 -1
NODE 358 6
2dots_tau0
0 -7 -12 7 -1
359 360 
NODE 359 7
2dots_tau0
0 -5 -10 -1 4
367 368 
NODE 367 8
2dots_tau0
0 2 2 -7 14
371 372 
LEAF 371 9
65 classes
0 0.142066
13 0.0879457
16 0.0702228
18 0.0676505
27 0.22074
35 0.0421657
50 0.0664338
51 0.0453774
62 0.0780913
63 0.179307
-1 -1
LEAF 372 9
65 classes
0 0.526188
3 0.0954037
19 0.0923137
35 0.0520582
40 0.0894176
62 0.144618
-1 -1
NODE 368 8
2dots_tau0
0 4 0 4 10
369 370 
LEAF 369 9
65 classes
12 0.21488
18 0.173163
63 0.611956
-1 -1
LEAF 370 9
65 classes
12 0.0792191
18 0.191519
20 0.056402
27 0.486046
59 0.0394303
62 0.147384
-1 -1
NODE 360 7
2dots_tau0
0 4 -13 0 2
361 362 
NODE 361 8
2dots_tau0
0 -3 13 -6 3
365 366 
LEAF 365 9
65 classes
0 0.447996
12 0.0294139
16 0.147629
27 0.0515622
33 0.120729
37 0.0523972
41 0.0295482
50 0.0232772
62 0.0136809
63 0.0837676
-1 -1
LEAF 366 9
65 classes
0 0.0585704
6 0.112802
12 0.207659
27 0.182012
33 0.056822
35 0.0695356
49 0.0339917
62 0.0321951
63 0.246413
-1 -1
NODE 362 8
2dots_tau0
0 5 -12 -2 0
363 364 
LEAF 363 9
65 classes
0 0.302395
6 0.0415993
27 0.0447483
33 0.293368
41 0.0512868
50 0.121207
63 0.145396
-1 -1
LEAF 364 9
65 classes
0 0.0486188
2 0.0121547
5 0.0128464
6 0.023409
12 0.129282
15 0.0941788
18 0.0231518
27 0.0377716
33 0.0117919
35 0.0432907
37 0.0255888
41 0.0865814
49 0.0423244
54 0.0810313
55 0.130468
59 0.00714982
62 0.0267249
63 0.163636
-1 -1
NODE 326 5
2dots_tau0
0 -12 -2 -12 14
327 328 
NODE 327 6
2dots_tau0
0 11 -4 -2 13
343 344 
NODE 343 7
2dots_tau0
0 -9 8 -3 3
351 352 
NODE 351 8
2dots_tau0
0 -7 7 13 8
355 356 
LEAF 355 9
65 classes
12 0.131309
35 0.0659541
40 0.113286
41 0.263816
42 0.066105
47 0.114634
48 0.114181
59 0.130714
-1 -1
LEAF 356 9
65 classes
35 0.505643
49 0.494357
-1 -1
NODE 352 8
2dots_tau0
0 6 8 6 6
353 354 
LEAF 353 9
65 classes
41 0.65016
51 0.34984
-1 -1
LEAF 354 9
65 classes
0 0.107379
3 0.116814
16 0.106154
32 0.124637
40 0.109485
41 0.127482
44 0.0641807
59 0.0631643
63 0.180703
-1 -1
NODE 344 7
2dots_tau0
0 -11 -15 -8 -9
345 346 
NODE 345 8
2dots_tau0
0 -5 13 -13 -1
349 350 
LEAF 349 9
65 classes
3 0.123621
18 0.108225
40 0.115865
41 0.269822
63 0.382466
-1 -1
LEAF 350 9
65 classes
3 0.223408
6 0.0494394
15 0.0884017
18 0.342273
22 0.0563234
28 0.0525537
35 0.0609527
44 0.0306866
48 0.0527615
63 0.0431995
-1 -1
NODE 346 8
2dots_tau0
0 -4 8 9 -14
347 348 
LEAF 347 9
65 classes
3 0.151298
15 0.119736
18 0.264911
59 0.0818107
62 0.382244
-1 -1
LEAF 348 9
65 classes
20 1
-1 -1
NODE 328 6
2dots_tau0
0 10 -12 4 -4
329 330 
NODE 329 7
2dots_tau0
0 -4 8 13 -5
337 338 
NODE 337 8
2dots_tau0
0 -11 14 -15 -10
341 342 
LEAF 341 9
65 classes
3 0.0956624
15 0.0757063
18 0.0837484
30 0.103454
40 0.35864
41 0.208797
63 0.0739913
-1 -1
LEAF 342 9
65 classes
3 0.100182
18 0.263117
33 0.178684
40 0.0938965
59 0.0541711
63 0.30995
-1 -1
NODE 338 8
2dots_tau0
0 -8 -12 4 -10
339 340 
LEAF 339 9
65 classes
14 0.352008
18 0.173425
59 0.321347
63 0.15322
-1 -1
LEAF 340 9
65 classes
5 0.073937
7 0.061656
14 0.135231
17 0.0686359
30 0.205752
33 0.339338
37 0.0736377
44 0.0418127
-1 -1
NODE 330 7
2dots_tau0
0 2 -12 -15 -9
331 332 
NODE 331 8
2dots_tau0
0 14 9 11 10
335 336 
LEAF 335 9
65 classes
6 0.0754318
14 0.0378561
18 0.149206
27 0.0811417
30 0.0460782
51 0.0500407
63 0.560246
-1 -1
LEAF 336 9
65 classes
5 0.119961
6 0.109298
18 0.540486
41 0.134751
63 0.0955033
-1 -1
NODE 332 8
2dots_tau0
0 6 -15 15 2
333 334 
LEAF 333 9
65 classes
0 0.0737878
5 0.0779871
6 0.0710549
12 0.0872038
19 0.0776714
21 0.0839599
22 0.0809487
30 0.217023
44 0.0441031
63 0.18626
-1 -1
LEAF 334 9
65 classes
6 0.0453255
12 0.16688
18 0.268964
22 0.0516366
30 0.11075
63 0.356443
-1 -1
NODE 262 4
2dots_tau0
0 11 4 -11 -7
263 264 
NODE 263 5
2dots_tau0
0 6 11 -6 12
295 296 
NODE 295 6
2dots_tau0
0 -14 -1 10 -12
311 312 
NODE 311 7
2dots_tau0
0 0 -1 14 -15
319 320 
NODE 319 8
2dots_tau0
0 14 -12 4 -2
323 324 
LEAF 323 9
65 classes
0 0.134875
7 0.237745
18 0.128452
20 0.113487
41 0.160125
47 0.139156
51 0.0861606
-1 -1
LEAF 324 9
65 classes
1 0.00691694
3 0.03444
5 0.026768
6 0.0487772
7 0.0223218
10 0.0504979
12 0.00748287
15 0.0109022
18 0.41005
19 0.0533192
27 0.0721456
28 0.0194437
35 0.00375852
37 0.0133298
41 0.00751703
48 0.00650684
49 0.154334
51 0.0121344
54 0.00603015
55 0.00755152
59 0.0037245
61 0.0220477
-1 -1
NODE 320 8
2dots_tau0
0 -6 1 -10 -14
321 322 
LEAF 321 9
65 classes
5 0.469828
23 0.530172
-1 -1
LEAF 322 9
65 classes
20 1
-1 -1
NODE 312 7
2dots_tau0
0 2 -11 4 -1
313 314 
NODE 313 8
2dots_tau0
0 -13 4 0 7
317 318 
LEAF 317 9
65 classes
17 0.166984
28 0.174216
32 0.0987742
48 0.349809
51 0.108724
55 0.101493
-1 -1
LEAF 318 9
65 classes
3 0.014978
6 0.0132583
10 0.0219616
16 0.068056
23 0.0492626
32 0.015981
33 0.0667863
35 0.0163459
37 0.260872
40 0.0280764
48 0.0282984
54 0.0131126
55 0.057473
59 0.00809897
61 0.00799051
62 0.317863
63 0.0115849
-1 -1
NODE 314 8
2dots_tau0
0 -5 -11 -13 15
315 316 
LEAF 315 9
65 classes
0 0.0383719
1 0.125757
3 0.0417435
10 0.0306034
18 0.0730894
20 0.0322871
32 0.445389
35 0.0227779
37 0.0403915
39 0.021548
40 0.0391243
41 0.0455557
61 0.0222694
62 0.0210924
-1 -1
LEAF 316 9
65 classes
10 0.38168
17 0.0213427
18 0.0207172
21 0.0123759
23 0.0778322
32 0.0252491
35 0.0129128
37 0.022898
39 0.0122156
48 0.022355
50 0.0203446
54 0.124303
55 0.220524
61 0.0252491
-1 -1
NODE 296 6
2dots_tau0
0 1 12 1 1
297 298 
NODE 297 7
2dots_tau0
0 -10 -5 -7 13
305 306 
NODE 305 8
2dots_tau0
0 3 -6 -11 -9
309 310 
LEAF 309 9
65 classes
10 0.148798
12 0.220491
35 0.110749
59 0.109747
62 0.410216
-1 -1
LEAF 310 9
65 classes
3 0.339233
40 0.317948
62 0.342819
-1 -1
NODE 306 8
2dots_tau0
0 8 -13 13 1
307 308 
LEAF 307 9
65 classes
0 0.0786356
1 0.0859044
3 0.085545
19 0.0827743
40 0.240532
48 0.0808113
62 0.345797
-1 -1
LEAF 308 9
65 classes
0 0.0307058
1 0.0670883
3 0.133615
10 0.0244893
23 0.109865
27 0.0636136
35 0.0911359
40 0.125231
44 0.0183529
48 0.0631107
51 0.0196155
62 0.253177
-1 -1
NODE 298 7
2dots_tau0
0 10 11 4 6
299 300 
NODE 299 8
2dots_tau0
0 -12 4 -14 7
303 304 
LEAF 303 9
65 classes
5 0.211909
7 0.17671
15 0.172614
32 0.116361
48 0.206046
49 0.116361
-1 -1
LEAF 304 9
65 classes
7 0.351123
27 0.103169
35 0.0591218
55 0.118786
59 0.0585868
61 0.0578021
63 0.251411
-1 -1
NODE 300 8
2dots_tau0
0 0 3 5 -1
301 302 
LEAF 301 9
65 classes
5 0.14879
15 0.3636
20 0.118454
35 0.250701
63 0.118454
-1 -1
LEAF 302 9
65 classes
12 0.300924
15 0.438433
28 0.260643
-1 -1
NODE 264 5
2dots_tau0
0 8 -9 14 9
265 266 
NODE 265 6
2dots_tau0
0 13 -10 -8 12
281 282 
NODE 281 7
2dots_tau0
0 1 12 -4 -1
289 290 
NODE 289 8
2dots_tau0
0 -11 -12 -2 -7
293 294 
LEAF 293 9
65 classes
5 0.278692
19 0.277564
63 0.443743
-1 -1
LEAF 294 9
65 classes
6 0.15061
18 0.595819
35 0.0928416
48 0.16073
-1 -1
NODE 290 8
2dots_tau0
0 7 0 -15 -13
291 292 
LEAF 291 9
65 classes
-1 -1
LEAF 292 9
65 classes
63 1
-1 -1
NODE 282 7
2dots_tau0
0 -1 -2 0 2
283 284 
NODE 283 8
2dots_tau0
0 1 -10 -1 -6
287 288 
LEAF 287 9
65 classes
5 0.473765
35 0.266087
49 0.260148
-1 -1
LEAF 288 9
65 classes
1 0.0995492
30 0.536034
39 0.153516
59 0.16081
62 0.0500903
-1 -1
NODE 284 8
2dots_tau0
0 2 10 11 -11
285 286 
LEAF 285 9
65 classes
1 0.13773
5 0.133251
18 0.120073
19 0.265424
35 0.0748398
47 0.130079
62 0.138604
-1 -1
LEAF 286 9
65 classes
5 0.358157
19 0.356707
63 0.285135
-1 -1
NODE 266 6
2dots_tau0
0 9 10 -9 -9
267 268 
NODE 267 7
2dots_tau0
0 7 -13 -3 -1
275 276 
NODE 275 8
2dots_tau0
0 -2 6 0 -10
279 280 
LEAF 279 9
65 classes
1 0.842697
40 0.157303
-1 -1
LEAF 280 9
65 classes
18 0.380292
28 0.204369
37 0.210161
48 0.205177
-1 -1
NODE 276 8
2dots_tau0
0 3 15 -7 -13
277 278 
LEAF 277 9
65 classes
1 0.0300248
3 0.0896976
12 0.0324814
18 0.392632
19 0.0578616
27 0.0569395
40 0.0280232
48 0.0282447
49 0.0319014
51 0.0526726
53 0.022401
59 0.0161672
62 0.0453229
63 0.11563
-1 -1
LEAF 278 9
65 classes
3 0.160693
15 0.127171
23 0.176173
59 0.0868905
62 0.324783
63 0.12429
-1 -1
NODE 268 7
2dots_tau0
0 5 13 -15 15
269 270 
NODE 269 8
2dots_tau0
0 4 -3 -3 1
273 274 
LEAF 273 9
65 classes
3 0.735033
59 0.264967
-1 -1
LEAF 274 9
65 classes
3 0.487404
19 0.0393015
62 0.410463
63 0.0628315
-1 -1
NODE 270 8
2dots_tau0
0 -6 6 5 -13
271 272 
LEAF 271 9
65 classes
3 0.0973688
7 0.473312
18 0.0852423
22 0.0981905
27 0.0927138
39 0.100523
59 0.0526497
-1 -1
LEAF 272 9
65 classes
7 0.22288
18 0.240841
22 0.277424
28 0.258856
-1 -1
NODE 4 2
2dots_tau0
0 -15 10 7 11
5 6 
NODE 5 3
2dots_tau0
0 4 4 5 12
133 134 
NODE 133 4
2dots_tau0
0 -2 -13 -3 3
197 198 
NODE 197 5
2dots_tau0
0 11 0 -6 14
229 230 
NODE 229 6
2dots_tau0
0 12 6 -12 0
245 246 
NODE 245 7
2dots_tau0
0 -8 -13 -13 13
253 254 
NODE 253 8
2dots_tau0
0 9 -2 -5 11
257 258 
LEAF 257 9
65 classes
1 0.00962168
4 0.0228996
10 0.0421465
14 0.0595901
21 0.0100217
23 0.0630264
39 0.00494592
42 0.120524
44 0.0105286
45 0.0095415
46 0.305328
48 0.00905123
49 0.0255576
50 0.00823727
51 0.106902
52 0.0193246
58 0.12722
59 0.00518091
61 0.0306691
62 0.00968271
-1 -1
LEAF 258 9
65 classes
7 0.0978863
42 0.198237
51 0.638546
59 0.0653314
-1 -1
NODE 254 8
2dots_tau0
0 -5 0 11 8
255 256 
LEAF 255 9
65 classes
35 0.0961551
42 0.19275
49 0.611057
51 0.0517395
55 0.0482981
-1 -1
LEAF 256 9
65 classes
2 0.0131603
5 0.0834553
7 0.0231978
14 0.01272
16 0.0130101
17 0.193679
23 0.0784786
35 0.00781203
42 0.109619
48 0.0811463
49 0.0152753
51 0.0756634
55 0.0863265
56 0.0146853
59 0.0619307
61 0.12984
-1 -1
NODE 246 7
2dots_tau0
0 15 14 7 -1
247 248 
NODE 247 8
2dots_tau0
0 -15 -7 14 7
251 252 
LEAF 251 9
65 classes
7 0.272276
42 0.551405
44 0.0461617
52 0.0847271
59 0.0454306
-1 -1
LEAF 252 9
65 classes
10 0.211802
21 0.302178
42 0.158004
51 0.16965
55 0.158366
-1 -1
NODE 248 8
2dots_tau0
0 5 -5 -8 -15
249 250 
LEAF 249 9
65 classes
4 0.0514745
5 0.0418492
42 0.0235581
48 0.0813826
49 0.229797
58 0.571939
-1 -1
LEAF 250 9
65 classes
1 0.163692
10 0.0682885
13 0.0265024
19 0.0225324
23 0.0765896
33 0.0207668
42 0.229243
58 0.309195
59 0.0125917
62 0.0705985
-1 -1
NODE 230 6
2dots_tau0
0 12 -8 6 6
231 232 
NODE 231 7
2dots_tau0
0 1 -8 -9 0
239 240 
NODE 239 8
2dots_tau0
0 -4 12 -4 -1
243 244 
LEAF 243 9
65 classes
0 0.0779013
14 0.677654
19 0.0410007
23 0.0464549
42 0.0231743
47 0.0401872
49 0.0226053
51 0.0248825
55 0.0232274
59 0.0229121
-1 -1
LEAF 244 9
65 classes
14 0.350589
42 0.215809
44 0.433602
-1 -1
NODE 240 8
2dots_tau0
0 -13 12 -5 -5
241 242 
LEAF 241 9
65 classes
3 0.0877661
7 0.0711054
14 0.623824
19 0.169847
59 0.0474572
-1 -1
LEAF 242 9
65 classes
42 0.502844
59 0.497156
-1 -1
NODE 232 7
2dots_tau0
0 3 6 -5 -2
233 234 
NODE 233 8
2dots_tau0
0 -4 14 -12 3
237 238 
LEAF 237 9
65 classes
0 0.0980414
2 0.294124
33 0.19023
48 0.302262
59 0.115343
-1 -1
LEAF 238 9
65 classes
0 0.175925
5 0.557812
24 0.162778
59 0.103485
-1 -1
NODE 234 8
2dots_tau0
0 4 6 2 -12
235 236 
LEAF 235 9
65 classes
59 1
-1 -1
LEAF 236 9
65 classes
0 0.267704
3 0.291227
19 0.281794
42 0.159275
-1 -1
NODE 198 5
2dots_tau0
0 0 7 3 15
199 200 
NODE 199 6
2dots_tau0
0 -11 -11 -9 -6
215 216 
NODE 215 7
2dots_tau0
0 13 15 11 0
223 224 
NODE 223 8
2dots_tau0
0 2 -9 -8 1
227 228 
LEAF 227 9
65 classes
5 0.076219
7 0.0635589
14 0.557617
19 0.0759104
51 0.184274
59 0.0424205
-1 -1
LEAF 228 9
65 classes
7 0.0940034
44 0.382497
51 0.272541
59 0.250959
-1 -1
NODE 224 8
2dots_tau0
0 7 0 1 11
225 226 
LEAF 225 9
65 classes
7 0.067863
11 0.0939887
14 0.148845
19 0.243153
22 0.168942
42 0.137434
51 0.0491882
59 0.0905864
-1 -1
LEAF 226 9
65 classes
5 0.248727
7 0.414826
59 0.138432
63 0.198016
-1 -1
NODE 216 7
2dots_tau0
0 7 0 6 8
217 218 
NODE 217 8
2dots_tau0
0 -14 13 9 9
221 222 
LEAF 221 9
65 classes
0 0.0727071
12 0.0859266
14 0.351373
16 0.0718778
19 0.153068
35 0.0431595
44 0.0434571
51 0.0928936
59 0.0855378
-1 -1
LEAF 222 9
65 classes
0 0.166918
16 0.165014
19 0.175704
35 0.099084
44 0.199535
49 0.0968723
61 0.0968723
-1 -1
NODE 218 8
2dots_tau0
0 -4 -13 -8 3
219 220 
LEAF 219 9
65 classes
35 1
-1 -1
LEAF 220 9
65 classes
0 0.0594112
16 0.0587335
44 0.355101
51 0.0379531
59 0.454321
61 0.0344797
-1 -1
NODE 200 6
2dots_tau0
0 10 1 -7 13
201 202 
NODE 201 7
2dots_tau0
0 14 -7 -5 -14
209 210 
NODE 209 8
2dots_tau0
0 -14 3 13 14
213 214 
LEAF 213 9
65 classes
7 0.185368
16 0.207922
22 0.230732
42 0.250268
44 0.125709
-1 -1
LEAF 214 9
65 classes
42 0.0312558
44 0.784987
59 0.0618044
61 0.121953
-1 -1
NODE 210 8
2dots_tau0
0 -9 14 -15 -14
211 212 
LEAF 211 9
65 classes
-1 -1
LEAF 212 9
65 classes
14 1
-1 -1
NODE 202 7
2dots_tau0
0 13 10 4 6
203 204 
NODE 203 8
2dots_tau0
0 -10 -13 -1 13
207 208 
LEAF 207 9
65 classes
7 0.418019
51 0.302987
59 0.278995
-1 -1
LEAF 208 9
65 classes
44 1
-1 -1
NODE 204 8
2dots_tau0
0 -2 3 0 4
205 206 
LEAF 205 9
65 classes
-1 -1
LEAF 206 9
65 classes
-1 -1
NODE 134 4
2dots_tau0
0 -4 0 0 0
135 136 
NODE 135 5
2dots_tau0
0 -15 13 15 13
167 168 
NODE 167 6
2dots_tau0
0 -11 -9 15 0
183 184 
NODE 183 7
2dots_tau0
0 -15 7 13 4
191 192 
NODE 191 8
2dots_tau0
0 8 1 0 7
195 196 
LEAF 195 9
65 classes
28 0.463002
41 0.536998
-1 -1
LEAF 196 9
65 classes
-1 -1
NODE 192 8
2dots_tau0
0 -2 13 1 12
193 194 
LEAF 193 9
65 classes
-1 -1
LEAF 194 9
65 classes
-1 -1
NODE 184 7
2dots_tau0
0 -13 12 -14 -6
185 186 
NODE 185 8
2dots_tau0
0 9 -4 14 2
189 190 
LEAF 189 9
65 classes
7 0.528388
28 0.30684
62 0.164772
-1 -1
LEAF 190 9
65 classes
0 0.195986
3 0.213207
41 0.232677
51 0.2504
62 0.10773
-1 -1
NODE 186 8
2dots_tau0
0 6 10 -10 -8
187 188 
LEAF 187 9
65 classes
44 1
-1 -1
LEAF 188 9
65 classes
42 1
-1 -1
NODE 168 6
2dots_tau0
0 -4 0 1 9
169 170 
NODE 169 7
2dots_tau0
0 -10 -4 -2 -9
177 178 
NODE 177 8
2dots_tau0
0 0 3 7 -14
181 182 
LEAF 181 9
65 classes
-1 -1
LEAF 182 9
65 classes
7 0.530263
14 0.290758
42 0.178979
-1 -1
NODE 178 8
2dots_tau0
0 -6 11 0 5
179 180 
LEAF 179 9
65 classes
5 0.471812
42 0.265596
59 0.262592
-1 -1
LEAF 180 9
65 classes
59 1
-1 -1
NODE 170 7
2dots_tau0
0 -13 4 9 2
171 172 
NODE 171 8
2dots_tau0
0 -7 13 -7 -11
175 176 
LEAF 175 9
65 classes
-1 -1
LEAF 176 9
65 classes
-1 -1
NODE 172 8
2dots_tau0
0 12 -8 -2 -8
173 174 
LEAF 173 9
65 classes
23 0.669697
30 0.330303
-1 -1
LEAF 174 9
65 classes
23 1
-1 -1
NODE 136 5
2dots_tau0
0 -9 -10 2 3
137 138 
NODE 137 6
2dots_tau0
0 11 0 2 4
153 154 
NODE 153 7
2dots_tau0
0 -9 8 -6 10
161 162 
NODE 161 8
2dots_tau0
0 -15 15 0 5
165 166 
LEAF 165 9
65 classes
5 0.0235213
7 0.156915
11 0.0271655
14 0.516245
19 0.0234261
30 0.0523642
42 0.0132408
44 0.0133017
47 0.160729
59 0.0130911
-1 -1
LEAF 166 9
65 classes
7 0.439019
11 0.304015
47 0.256965
-1 -1
NODE 162 8
2dots_tau0
0 -4 -7 -1 3
163 164 
LEAF 163 9
65 classes
7 0.0452586
14 0.397064
23 0.0612444
28 0.0525641
42 0.305521
48 0.105544
51 0.0328041
-1 -1
LEAF 164 9
65 classes
7 0.199059
14 0.436597
42 0.033594
44 0.067497
47 0.0582563
51 0.0721405
59 0.132856
-1 -1
NODE 154 7
2dots_tau0
0 5 -1 6 4
155 156 
NODE 155 8
2dots_tau0
0 8 -9 -6 -14
159 160 
LEAF 159 9
65 classes
11 0.541935
47 0.458065
-1 -1
LEAF 160 9
65 classes
7 0.326834
30 0.436272
51 0.236894
-1 -1
NODE 156 8
2dots_tau0
0 5 -13 4 -11
157 158 
LEAF 157 9
65 classes
30 1
-1 -1
LEAF 158 9
65 classes
30 1
-1 -1
NODE 138 6
2dots_tau0
0 -5 13 -9 9
139 140 
NODE 139 7
2dots_tau0
0 5 0 13 -4
147 148 
NODE 147 8
2dots_tau0
0 -3 -3 13 -2
151 152 
LEAF 151 9
65 classes
16 1
-1 -1
LEAF 152 9
65 classes
2 0.174992
16 0.172996
23 0.208706
24 0.161914
48 0.179834
49 0.101558
-1 -1
NODE 148 8
2dots_tau0
0 12 -4 -6 0
149 150 
LEAF 149 9
65 classes
2 0.0434677
16 0.0429719
30 0.0255693
44 0.337749
48 0.312693
51 0.111072
59 0.0255693
61 0.100907
-1 -1
LEAF 150 9
65 classes
-1 -1
NODE 140 7
2dots_tau0
0 1 -2 1 -4
141 142 
NODE 141 8
2dots_tau0
0 -13 -14 0 6
145 146 
LEAF 145 9
65 classes
1 0.0910682
7 0.293888
19 0.0877499
24 0.0771325
44 0.149477
51 0.106507
59 0.0490367
61 0.14514
-1 -1
LEAF 146 9
65 classes
19 0.129649
22 0.0675596
44 0.552125
59 0.0362254
61 0.214441
-1 -1
NODE 142 8
2dots_tau0
0 10 11 -13 4
143 144 
LEAF 143 9
65 classes
22 0.28126
44 0.306476
48 0.263473
61 0.148791
-1 -1
LEAF 144 9
65 classes
14 0.210715
15 0.18769
22 0.239166
28 0.223159
51 0.139269
-1 -1
NODE 6 3
2dots_tau0
0 -8 4 5 5
7 8 
NODE 7 4
2dots_tau0
0 3 -1 6 15
71 72 
NODE 71 5
2dots_tau0
0 -13 5 15 -8
103 104 
NODE 103 6
2dots_tau0
0 1 -9 -9 -12
119 120 
NODE 119 7
2dots_tau0
0 11 -8 -13 3
127 128 
NODE 127 8
2dots_tau0
0 0 7 -2 13
131 132 
LEAF 131 9
65 classes
3 0.646972
35 0.353028
-1 -1
LEAF 132 9
65 classes
20 0.213962
47 0.524717
48 0.261321
-1 -1
NODE 128 8
2dots_tau0
0 -11 -4 9 -5
129 130 
LEAF 129 9
65 classes
0 0.477912
1 0.522088
-1 -1
LEAF 130 9
65 classes
3 0.260062
47 0.739938
-1 -1
NODE 120 7
2dots_tau0
0 12 -6 1 -15
121 122 
NODE 121 8
2dots_tau0
0 -6 5 -3 2
125 126 
LEAF 125 9
65 classes
41 0.522876
45 0.477124
-1 -1
LEAF 126 9
65 classes
59 1
-1 -1
NODE 122 8
2dots_tau0
0 -3 -10 -1 0
123 124 
LEAF 123 9
65 classes
12 0.5186
52 0.4814
-1 -1
LEAF 124 9
65 classes
35 1
-1 -1
NODE 104 6
2dots_tau0
0 -3 3 -12 -8
105 106 
NODE 105 7
2dots_tau0
0 -15 -8 14 13
113 114 
NODE 113 8
2dots_tau0
0 -11 -9 12 12
117 118 
LEAF 117 9
65 classes
21 0.168578
27 0.306933
35 0.175891
59 0.348598
-1 -1
LEAF 118 9
65 classes
19 0.164525
23 0.186412
35 0.278341
44 0.18684
59 0.183881
-1 -1
NODE 114 8
2dots_tau0
0 -7 6 -6 -11
115 116 
LEAF 115 9
65 classes
3 0.0369236
12 0.0401125
14 0.0328057
15 0.029221
27 0.175792
32 0.0196981
35 0.0402956
44 0.344875
49 0.137887
51 0.0433648
59 0.039931
61 0.0590943
-1 -1
LEAF 116 9
65 classes
0 0.0662401
10 0.105659
17 0.0649903
20 0.055736
21 0.113058
23 0.158004
27 0.205846
35 0.0393206
48 0.0680728
49 0.0384429
51 0.0846311
-1 -1
NODE 106 7
2dots_tau0
0 -3 -14 -3 15
107 108 
NODE 107 8
2dots_tau0
0 0 5 -11 -3
111 112 
LEAF 111 9
65 classes
23 0.669697
59 0.330303
-1 -1
LEAF 112 9
65 classes
7 0.13065
13 0.0917663
17 0.0727204
45 0.160591
51 0.0946974
52 0.406559
61 0.0430154
-1 -1
NODE 108 8
2dots_tau0
0 5 6 12 -3
109 110 
LEAF 109 9
65 classes
48 1
-1 -1
LEAF 110 9
65 classes
5 0.0845576
7 0.28205
19 0.0842153
35 0.0474913
47 0.0825444
59 0.094123
61 0.325018
-1 -1
NODE 72 5
2dots_tau0
0 7 6 11 -15
73 74 
NODE 73 6
2dots_tau0
0 8 -5 13 10
89 90 
NODE 89 7
2dots_tau0
0 -15 13 0 -2
97 98 
NODE 97 8
2dots_tau0
0 8 -2 -7 -13
101 102 
LEAF 101 9
65 classes
33 1
-1 -1
LEAF 102 9
65 classes
1 1
-1 -1
NODE 98 8
2dots_tau0
0 -10 -4 2 2
99 100 
LEAF 99 9
65 classes
5 0.487867
35 0.274007
47 0.238126
-1 -1
LEAF 100 9
65 classes
-1 -1
NODE 90 7
2dots_tau0
0 8 -7 4 10
91 92 
NODE 91 8
2dots_tau0
0 -14 -9 -5 3
95 96 
LEAF 95 9
65 classes
7 0.27897
42 0.0941603
48 0.162641
59 0.372381
61 0.0918484
-1 -1
LEAF 96 9
65 classes
0 0.166662
7 0.440664
44 0.199228
61 0.193446
-1 -1
NODE 92 8
2dots_tau0
0 6 12 5 -15
93 94 
LEAF 93 9
65 classes
3 0.230117
5 0.0447138
23 0.100914
33 0.0410432
40 0.172543
44 0.0758592
47 0.0436492
51 0.054052
59 0.0497719
61 0.0245527
62 0.162785
-1 -1
LEAF 94 9
65 classes
19 0.262507
35 0.444104
59 0.29339
-1 -1
NODE 74 6
2dots_tau0
0 -9 -15 -15 -11
75 76 
NODE 75 7
2dots_tau0
0 2 7 -10 -7
83 84 
NODE 83 8
2dots_tau0
0 -5 -6 -2 -12
87 88 
LEAF 87 9
65 classes
3 0.0653748
21 0.0683789
23 0.143345
35 0.0356726
44 0.323267
48 0.123514
61 0.174381
62 0.0660659
-1 -1
LEAF 88 9
65 classes
3 0.0886823
21 0.139136
27 0.126664
44 0.194897
51 0.156229
53 0.0332211
59 0.071929
61 0.189242
-1 -1
NODE 84 8
2dots_tau0
0 8 13 -1 -10
85 86 
LEAF 85 9
65 classes
3 0.242818
5 0.0393181
7 0.0327873
42 0.221333
48 0.0764605
51 0.0237648
52 0.0408112
61 0.302258
62 0.0204487
-1 -1
LEAF 86 9
65 classes
5 0.146971
20 0.117006
27 0.288087
35 0.0825453
40 0.141784
48 0.142905
61 0.0807028
-1 -1
NODE 76 7
2dots_tau0
0 5 -14 -3 -15
77 78 
NODE 77 8
2dots_tau0
0 1 -1 -1 14
81 82 
LEAF 81 9
65 classes
1 0.0686325
23 0.0749291
44 0.300405
51 0.040134
59 0.406516
61 0.109383
-1 -1
LEAF 82 9
65 classes
3 0.0649415
5 0.0630935
21 0.0339628
23 0.142395
27 0.123673
33 0.0579142
35 0.0354361
42 0.0355172
44 0.249763
48 0.0613479
53 0.0973104
61 0.0346451
-1 -1
NODE 78 8
2dots_tau0
0 1 -7 13 -9
79 80 
LEAF 79 9
65 classes
5 0.507342
28 0.163788
48 0.32887
-1 -1
LEAF 80 9
65 classes
3 0.132101
7 0.178373
40 0.0412707
42 0.19266
44 0.145159
51 0.0517151
59 0.02381
61 0.234911
-1 -1
NODE 8 4
2dots_tau0
0 3 14 -1 6
9 10 
NODE 9 5
2dots_tau0
0 15 -13 -11 2
41 42 
NODE 41 6
2dots_tau0
0 -4 -2 -6 6
57 58 
NODE 57 7
2dots_tau0
0 3 -12 8 -11
65 66 
NODE 65 8
2dots_tau0
0 10 12 8 9
69 70 
LEAF 69 9
65 classes
2 0.144778
3 0.0629996
5 0.0612069
7 0.0255202
16 0.0572506
23 0.172671
32 0.0336092
35 0.0171882
37 0.0609591
41 0.0343765
44 0.0519203
45 0.0313685
48 0.148784
52 0.0635312
59 0.0170327
61 0.0168046
-1 -1
LEAF 70 9
65 classes
11 0.0727305
14 0.0143974
16 0.147259
18 0.0141864
19 0.0313595
22 0.0163413
30 0.00876222
33 0.245669
37 0.0313595
39 0.0250944
41 0.0707379
44 0.0267096
45 0.0645483
48 0.0459237
50 0.0975191
51 0.0285472
52 0.0326827
55 0.0088828
61 0.0172897
-1 -1
NODE 66 8
2dots_tau0
0 -6 9 -13 14
67 68 
LEAF 67 9
65 classes
3 0.0695649
4 0.041565
16 0.158042
21 0.0727616
32 0.0927791
33 0.248149
35 0.0379589
37 0.0336559
39 0.107728
44 0.0191104
50 0.0299029
52 0.035076
61 0.0185558
62 0.0351501
-1 -1
LEAF 68 9
65 classes
1 0.0413444
4 0.0614997
5 0.0399998
7 0.0166779
15 0.00814566
17 0.0556979
21 0.0269145
23 0.406237
27 0.00980076
28 0.009685
32 0.0219642
33 0.0826116
35 0.00561641
37 0.0199189
39 0.0212526
40 0.019294
44 0.0113103
45 0.01025
48 0.0388931
49 0.00549105
50 0.0176978
51 0.0241768
52 0.0103797
56 0.0105579
59 0.0111312
61 0.00549105
63 0.00796113
-1 -1
NODE 58 7
2dots_tau0
0 -15 -9 -7 8
59 60 
NODE 59 8
2dots_tau0
0 -6 -7 -11 -11
63 64 
LEAF 63 9
65 classes
3 0.18003
5 0.174908
18 0.157609
23 0.197373
35 0.0982357
39 0.0929314
44 0.0989132
-1 -1
LEAF 64 9
65 classes
1 0.0656237
3 0.130698
14 0.0580611
24 0.111163
37 0.189698
40 0.0612488
44 0.107713
48 0.061733
53 0.0489607
62 0.1651
-1 -1
NODE 60 8
2dots_tau0
0 -7 -11 10 10
61 62 
LEAF 61 9
65 classes
0 0.158457
3 0.517139
40 0.161564
48 0.162841
-1 -1
LEAF 62 9
65 classes
1 0.0537232
3 0.0133746
15 0.0105845
21 0.00699459
23 0.366574
33 0.119273
35 0.021894
37 0.0258828
39 0.00690395
40 0.0250708
44 0.124922
47 0.0126846
48 0.0884415
52 0.0269749
56 0.013719
61 0.0356756
62 0.0473059
-1 -1
NODE 42 6
2dots_tau0
0 -5 14 6 7
43 44 
NODE 43 7
2dots_tau0
0 14 14 3 4
51 52 
NODE 51 8
2dots_tau0
0 15 -14 2 14
55 56 
LEAF 55 9
65 classes
-1 -1
LEAF 56 9
65 classes
48 1
-1 -1
NODE 52 8
2dots_tau0
0 -14 -8 -15 -11
53 54 
LEAF 53 9
65 classes
-1 -1
LEAF 54 9
65 classes
0 0.478958
3 0.521042
-1 -1
NODE 44 7
2dots_tau0
0 11 -14 15 -6
45 46 
NODE 45 8
2dots_tau0
0 -12 -8 10 0
49 50 
LEAF 49 9
65 classes
24 1
-1 -1
LEAF 50 9
65 classes
7 0.236993
24 0.248801
35 0.0798094
45 0.145652
47 0.138716
56 0.150028
-1 -1
NODE 46 8
2dots_tau0
0 -11 -6 1 12
47 48 
LEAF 47 9
65 classes
10 0.103489
17 0.381934
24 0.240125
45 0.140573
47 0.133879
-1 -1
LEAF 48 9
65 classes
5 0.355861
7 0.296752
47 0.347388
-1 -1
NODE 10 5
2dots_tau0
0 -5 -10 14 5
11 12 
NODE 11 6
2dots_tau0
0 -11 14 -10 10
27 28 
NODE 27 7
2dots_tau0
0 -12 10 -14 12
35 36 
NODE 35 8
2dots_tau0
0 4 -13 -3 -14
39 40 
LEAF 39 9
65 classes
12 0.12515
21 0.180741
24 0.097982
33 0.410939
39 0.0594664
41 0.125721
-1 -1
LEAF 40 9
65 classes
0 0.138482
21 0.0787861
35 0.0822038
41 0.328815
49 0.0803689
50 0.129515
59 0.0814599
61 0.0803689
-1 -1
NODE 36 8
2dots_tau0
0 -5 -13 15 8
37 38 
LEAF 37 9
65 classes
3 0.0719834
5 0.0699351
12 0.0782001
18 0.0630184
21 0.150582
33 0.385165
35 0.0392786
48 0.0680001
56 0.073837
-1 -1
LEAF 38 9
65 classes
11 0.458323
32 0.108954
35 0.111442
39 0.210848
59 0.110433
-1 -1
NODE 28 7
2dots_tau0
0 -4 4 -2 14
29 30 
NODE 29 8
2dots_tau0
0 -8 -4 5 -13
33 34 
LEAF 33 9
65 classes
12 0.245372
19 0.21855
50 0.194179
52 0.227772
62 0.114127
-1 -1
LEAF 34 9
65 classes
0 0.0868829
5 0.0918274
11 0.106054
21 0.0988602
27 0.0899982
33 0.0842893
35 0.154723
39 0.0487895
48 0.0892867
59 0.0511076
61 0.0504231
62 0.047758
-1 -1
NODE 30 8
2dots_tau0
0 10 -1 13 -1
31 32 
LEAF 31 9
65 classes
5 0.306284
12 0.171241
33 0.281142
56 0.161687
62 0.0796469
-1 -1
LEAF 32 9
65 classes
21 0.629125
35 0.131283
45 0.239592
-1 -1
NODE 12 6
2dots_tau0
0 -9 9 6 5
13 14 
NODE 13 7
2dots_tau0
0 -13 -5 -3 2
21 22 
NODE 21 8
2dots_tau0
0 -7 -9 0 -15
25 26 
LEAF 25 9
65 classes
-1 -1
LEAF 26 9
65 classes
5 0.0924736
35 0.103874
48 0.629405
53 0.071312
59 0.102934
-1 -1
NODE 22 8
2dots_tau0
0 7 8 -12 15
23 24 
LEAF 23 9
65 classes
42 0.0452638
48 0.625464
51 0.194401
55 0.0453677
59 0.0895036
-1 -1
LEAF 24 9
65 classes
44 0.336849
55 0.336076
61 0.327074
-1 -1
NODE 14 7
2dots_tau0
0 11 9 15 -7
15 16 
NODE 15 8
2dots_tau0
0 1 3 3 -2
19 20 
LEAF 19 9
65 classes
3 0.100338
5 0.146224
7 0.0406452
11 0.0562927
21 0.0787112
33 0.0894802
35 0.0547504
44 0.027564
49 0.0267642
51 0.0294603
55 0.0550016
59 0.0271275
61 0.267642
-1 -1
LEAF 20 9
65 classes
2 0.0976786
14 0.188821
16 0.0965644
33 0.0947629
48 0.401525
51 0.0623991
55 0.0582487
-1 -1
NODE 16 8
2dots_tau0
0 3 9 -4 11
17 18 
LEAF 17 9
65 classes
0 0.0130536
5 0.027593
9 0.0142602
11 0.0796699
15 0.0112382
16 0.0129047
17 0.0512292
21 0.378754
23 0.031137
30 0.00767859
32 0.0227273
33 0.0126639
35 0.0232461
39 0.021991
42 0.0543651
48 0.0134148
52 0.0143204
55 0.179038
59 0.0307144
-1 -1
LEAF 18 9
65 classes
2 0.0366961
16 0.0362775
17 0.0720074
21 0.354916
23 0.043766
30 0.0215859
32 0.0425937
39 0.164855
51 0.140653
55 0.043766
59 0.0215859
61 0.0212968
-1 -1
