image_size: 32 32
class_number: 65
max_depth:  10
1023
NODE 0 0
2dots_tau0
0 12 -4 -1 -2
1 2 
NODE 1 1
2dots_tau0
0 -15 -11 10 6
513 514 
NODE 513 2
2dots_tau0
0 -10 11 -3 5
769 770 
NODE 769 3
2dots_tau0
0 2 -14 10 -5
897 898 
NODE 897 4
2dots_tau0
0 13 9 2 -5
961 962 
NODE 961 5
2dots_tau0
0 0 -9 -5 0
993 994 
NODE 993 6
2dots_tau0
0 12 12 -9 -12
1009 1010 
NODE 1009 7
2dots_tau0
0 -14 -6 12 0
1017 1018 
NODE 1017 8
2dots_tau0
0 4 12 -3 -2
1021 1022 
LEAF 1021 9
65 classes
2 0.224849
5 0.57035
7 0.0396345
35 0.0533889
47 0.0463975
51 0.0287277
53 0.0366526
-1 -1
LEAF 1022 9
65 classes
52 0.482533
59 0.517467
-1 -1
NODE 1018 8
2dots_tau0
0 -14 -4 4 -7
1019 1020 
LEAF 1019 9
65 classes
5 0.162538
23 0.183414
42 0.0914974
48 0.158041
51 0.0982417
53 0.125343
59 0.180925
-1 -1
LEAF 1020 9
65 classes
2 0.0592824
4 0.154134
23 0.141408
37 0.0624025
48 0.0609226
51 0.0757416
52 0.0650355
55 0.247463
56 0.066152
59 0.034872
62 0.0325865
-1 -1
NODE 1010 7
2dots_tau0
0 -4 9 4 -3
1011 1012 
NODE 1011 8
2dots_tau0
0 12 13 -13 -13
1015 1016 
LEAF 1015 9
65 classes
14 1
-1 -1
LEAF 1016 9
65 classes
7 0.0749548
14 0.410998
23 0.10143
24 0.157378
30 0.150079
44 0.0508314
51 0.0543284
-1 -1
NODE 1012 8
2dots_tau0
0 -9 -9 4 0
1013 1014 
LEAF 1013 9
65 classes
1 0.147646
5 0.0357112
7 0.0893385
14 0.0326578
24 0.0625264
45 0.073208
51 0.151093
52 0.370673
62 0.0371457
-1 -1
LEAF 1014 9
65 classes
5 0.0839742
23 0.18952
24 0.0735148
44 0.0474888
47 0.409874
51 0.101512
55 0.0473799
59 0.0467368
-1 -1
NODE 994 6
2dots_tau0
0 6 14 -8 2
995 996 
NODE 995 7
2dots_tau0
0 -4 4 -9 11
1003 1004 
NODE 1003 8
2dots_tau0
0 11 -13 -15 6
1007 1008 
LEAF 1007 9
65 classes
56 1
-1 -1
LEAF 1008 9
65 classes
59 1
-1 -1
NODE 1004 8
2dots_tau0
0 14 -11 -6 7
1005 1006 
LEAF 1005 9
65 classes
2 0.210224
7 0.0463206
14 0.101595
24 0.0486284
44 0.0628256
53 0.128507
59 0.401899
-1 -1
LEAF 1006 9
65 classes
3 0.307915
53 0.692085
-1 -1
NODE 996 7
2dots_tau0
0 2 -10 13 1
997 998 
NODE 997 8
2dots_tau0
0 -3 14 -13 2
1001 1002 
LEAF 1001 9
65 classes
7 1
-1 -1
LEAF 1002 9
65 classes
59 1
-1 -1
NODE 998 8
2dots_tau0
0 6 -1 -13 4
999 1000 
LEAF 999 9
65 classes
5 0.185701
22 0.192753
55 0.104776
59 0.51677
-1 -1
LEAF 1000 9
65 classes
59 1
-1 -1
NODE 962 5
2dots_tau0
0 -6 -12 12 -4
963 964 
NODE 963 6
2dots_tau0
0 -8 4 6 -11
979 980 
NODE 979 7
2dots_tau0
0 3 11 10 -10
987 988 
NODE 987 8
2dots_tau0
0 14 -3 -2 13
991 992 
LEAF 991 9
65 classes
15 0.368567
24 0.396111
62 0.235322
-1 -1
LEAF 992 9
65 classes
24 0.729026
47 0.270974
-1 -1
NODE 988 8
2dots_tau0
0 5 5 6 1
989 990 
LEAF 989 9
65 classes
14 0.484674
48 0.515326
-1 -1
LEAF 990 9
65 classes
30 1
-1 -1
NODE 980 7
2dots_tau0
0 7 5 8 6
981 982 
NODE 981 8
2dots_tau0
0 7 8 0 -2
985 986 
LEAF 985 9
65 classes
17 0.0944304
24 0.267161
30 0.113231
52 0.105587
53 0.313781
62 0.10581
-1 -1
LEAF 986 9
65 classes
13 0.4564
21 0.0381317
51 0.0214081
58 0.48406
-1 -1
NODE 982 8
2dots_tau0
0 -12 -1 2 14
983 984 
LEAF 983 9
65 classes
4 0.138429
13 0.395512
45 0.115358
52 0.233636
62 0.117065
-1 -1
LEAF 984 9
65 classes
5 0.147094
13 0.17231
53 0.680597
-1 -1
NODE 964 6
2dots_tau0
0 13 12 11 -12
965 966 
NODE 965 7
2dots_tau0
0 -11 15 -11 -11
973 974 
NODE 973 8
2dots_tau0
0 -5 12 -12 -3
977 978 
LEAF 977 9
65 classes
14 0.0658977
22 0.0373976
47 0.386888
48 0.210195
51 0.021777
53 0.277845
-1 -1
LEAF 978 9
65 classes
2 0.18933
28 0.193802
47 0.19534
53 0.308625
55 0.112903
-1 -1
NODE 974 8
2dots_tau0
0 15 12 -14 -12
975 976 
LEAF 975 9
65 classes
5 0.236665
28 0.229211
55 0.534124
-1 -1
LEAF 976 9
65 classes
5 0.672872
48 0.327128
-1 -1
NODE 966 7
2dots_tau0
0 2 -11 5 -13
967 968 
NODE 967 8
2dots_tau0
0 2 -2 9 11
971 972 
LEAF 971 9
65 classes
0 0.0135598
2 0.0813586
11 0.0165518
14 0.0262122
16 0.0134051
20 0.0114095
22 0.0148757
24 0.0125464
28 0.0138801
30 0.0159527
33 0.013155
42 0.0080676
46 0.470072
47 0.0139902
48 0.0557398
49 0.0472171
51 0.00866226
53 0.0663111
55 0.0970332
-1 -1
LEAF 972 9
65 classes
23 0.179881
24 0.139552
33 0.146321
52 0.16546
53 0.368785
-1 -1
NODE 968 8
2dots_tau0
0 12 14 3 7
969 970 
LEAF 969 9
65 classes
2 0.0767075
4 0.0997197
5 0.0810729
13 0.158285
20 0.043029
22 0.140253
23 0.091486
35 0.0303561
42 0.0456383
47 0.158285
48 0.0262766
52 0.0280506
53 0.0208401
-1 -1
LEAF 970 9
65 classes
2 0.0801948
4 0.0521266
5 0.0847587
13 0.397155
21 0.045625
23 0.143468
24 0.0371008
35 0.0476042
48 0.0412068
59 0.0707601
-1 -1
NODE 898 4
2dots_tau0
0 1 -11 13 5
899 900 
NODE 899 5
2dots_tau0
0 12 14 0 -6
931 932 
NODE 931 6
2dots_tau0
0 12 8 10 -1
947 948 
NODE 947 7
2dots_tau0
0 -3 -14 -14 0
955 956 
NODE 955 8
2dots_tau0
0 -14 2 -9 2
959 960 
LEAF 959 9
65 classes
42 1
-1 -1
LEAF 960 9
65 classes
24 0.292082
37 0.332288
42 0.37563
-1 -1
NODE 956 8
2dots_tau0
0 9 -4 -4 -15
957 958 
LEAF 957 9
65 classes
7 0.0989697
15 0.0966757
22 0.24638
24 0.103901
28 0.114945
42 0.200431
51 0.0717348
55 0.0669634
-1 -1
LEAF 958 9
65 classes
24 1
-1 -1
NODE 948 7
2dots_tau0
0 13 1 -7 -13
949 950 
NODE 949 8
2dots_tau0
0 14 0 -5 -5
953 954 
LEAF 953 9
65 classes
6 0.081824
14 0.013688
15 0.036577
16 0.0140003
22 0.201971
23 0.0506708
28 0.0434891
42 0.252774
47 0.0584457
51 0.00904688
53 0.150053
55 0.00844514
56 0.0790146
-1 -1
LEAF 954 9
65 classes
42 0.132392
51 0.14215
53 0.725458
-1 -1
NODE 950 8
2dots_tau0
0 -11 2 -8 -7
951 952 
LEAF 951 9
65 classes
14 0.0573482
22 0.130183
24 0.164698
28 0.12147
42 0.0706026
51 0.34113
53 0.0483595
56 0.0662089
-1 -1
LEAF 952 9
65 classes
23 0.0413054
28 0.177256
42 0.762402
62 0.0190372
-1 -1
NODE 932 6
2dots_tau0
0 9 -6 -5 -10
933 934 
NODE 933 7
2dots_tau0
0 -7 10 10 -7
941 942 
NODE 941 8
2dots_tau0
0 -7 -14 11 3
945 946 
LEAF 945 9
65 classes
19 0.2026
22 0.422297
24 0.178086
28 0.197017
-1 -1
LEAF 946 9
65 classes
0 0.0614121
5 0.389443
6 0.118275
17 0.0602534
22 0.33686
62 0.0337572
-1 -1
NODE 942 8
2dots_tau0
0 7 7 -3 11
943 944 
LEAF 943 9
65 classes
2 0.00818238
3 0.00890133
4 0.0319113
5 0.0172961
6 0.023638
11 0.00998788
13 0.0506528
15 0.0140889
19 0.00861303
21 0.00931036
22 0.197482
23 0.0097588
24 0.105992
27 0.00847577
28 0.167513
33 0.0158763
40 0.0333713
41 0.0291427
42 0.0681553
47 0.00844213
48 0.00840877
51 0.0156812
52 0.0718116
55 0.0683116
62 0.00899542
-1 -1
LEAF 944 9
65 classes
2 0.0130906
3 0.0142408
13 0.113452
15 0.0225401
19 0.0137796
20 0.0881178
22 0.0287219
23 0.265415
24 0.0363368
28 0.0267996
40 0.0266945
42 0.132404
47 0.148568
49 0.0303888
53 0.0106694
62 0.0287827
-1 -1
NODE 934 7
2dots_tau0
0 2 -5 2 -3
935 936 
NODE 935 8
2dots_tau0
0 4 12 -15 0
939 940 
LEAF 939 9
65 classes
5 1
-1 -1
LEAF 940 9
65 classes
5 0.194895
47 0.190254
52 0.202296
59 0.108471
62 0.304085
-1 -1
NODE 936 8
2dots_tau0
0 -13 -6 13 10
937 938 
LEAF 937 9
65 classes
6 0.373957
47 0.400668
49 0.225376
-1 -1
LEAF 938 9
65 classes
49 1
-1 -1
NODE 900 5
2dots_tau0
0 -10 -11 12 14
901 902 
NODE 901 6
2dots_tau0
0 0 -9 12 -11
917 918 
NODE 917 7
2dots_tau0
0 -14 8 -14 1
925 926 
NODE 925 8
2dots_tau0
0 7 6 -15 12
929 930 
LEAF 929 9
65 classes
7 0.565593
15 0.138121
47 0.165526
53 0.13076
-1 -1
LEAF 930 9
65 classes
1 0.0402848
7 0.325009
19 0.0776338
22 0.242728
28 0.226483
42 0.04388
55 0.0439806
-1 -1
NODE 926 8
2dots_tau0
0 -8 0 -4 -13
927 928 
LEAF 927 9
65 classes
7 0.0841175
15 0.657342
22 0.104703
28 0.0976955
59 0.0561418
-1 -1
LEAF 928 9
65 classes
45 0.401348
48 0.380725
59 0.217927
-1 -1
NODE 918 7
2dots_tau0
0 7 -5 -14 -13
919 920 
NODE 919 8
2dots_tau0
0 11 12 -8 -15
923 924 
LEAF 923 9
65 classes
2 0.132918
16 0.131402
19 0.139914
22 0.145817
44 0.0794454
45 0.143995
56 0.148321
59 0.0781872
-1 -1
LEAF 924 9
65 classes
1 0.017677
2 0.0161813
3 0.0176031
4 0.0210356
7 0.0285229
14 0.297158
15 0.0278618
19 0.0340658
20 0.0544612
22 0.177516
28 0.099381
40 0.0164985
42 0.0577638
44 0.00967156
53 0.0131885
55 0.0192988
56 0.0541691
59 0.0285552
61 0.00939091
-1 -1
NODE 920 8
2dots_tau0
0 -7 -1 -2 -1
921 922 
LEAF 921 9
65 classes
1 0.0206462
3 0.0205599
4 0.024569
5 0.0599245
7 0.16657
14 0.401873
24 0.0349737
35 0.0224375
42 0.0449776
48 0.0388443
51 0.0241465
52 0.0207334
53 0.0308076
59 0.0889377
-1 -1
LEAF 922 9
65 classes
2 0.0263559
4 0.0685254
5 0.0557117
7 0.0696868
14 0.484008
19 0.0277431
35 0.0312901
42 0.0784043
51 0.0673468
52 0.0289137
59 0.0620139
-1 -1
NODE 902 6
2dots_tau0
0 -15 -13 -1 4
903 904 
NODE 903 7
2dots_tau0
0 0 14 -11 1
911 912 
NODE 911 8
2dots_tau0
0 -4 1 0 9
915 916 
LEAF 915 9
65 classes
4 0.0889092
7 0.0602774
14 0.264414
44 0.0408778
51 0.21845
53 0.167227
59 0.0804608
61 0.0793832
-1 -1
LEAF 916 9
65 classes
1 0.0293955
2 0.215266
7 0.0237157
15 0.023166
16 0.0798038
23 0.0320924
28 0.0550877
37 0.0283244
44 0.0321661
47 0.0277624
51 0.034379
52 0.0590391
53 0.131589
56 0.150132
61 0.0780818
-1 -1
NODE 912 8
2dots_tau0
0 6 14 -8 10
913 914 
LEAF 913 9
65 classes
1 0.0625104
2 0.114442
7 0.151296
16 0.197989
17 0.0280707
28 0.292864
35 0.0169834
44 0.0171005
51 0.036554
56 0.0319259
59 0.0336594
61 0.0166043
-1 -1
LEAF 914 9
65 classes
5 0.0295357
7 0.541855
14 0.0540207
15 0.0240589
16 0.0276265
19 0.0882483
20 0.0235138
22 0.0306573
28 0.0572109
51 0.017852
53 0.0227767
55 0.0333293
59 0.0493152
-1 -1
NODE 904 7
2dots_tau0
0 0 7 2 -13
905 906 
NODE 905 8
2dots_tau0
0 0 1 12 12
909 910 
LEAF 909 9
65 classes
2 0.106482
16 0.105267
19 0.224173
24 0.0985243
28 0.108997
35 0.0632085
45 0.230711
59 0.0626365
-1 -1
LEAF 910 9
65 classes
3 0.0764377
9 0.0767589
16 0.0694624
22 0.0770828
44 0.0419968
45 0.0761192
53 0.458147
59 0.123995
-1 -1
NODE 906 8
2dots_tau0
0 -13 -8 10 6
907 908 
LEAF 907 9
65 classes
9 0.116746
22 0.351717
44 0.0638751
53 0.348409
56 0.119252
-1 -1
LEAF 908 9
65 classes
9 0.515275
48 0.484725
-1 -1
NODE 770 3
2dots_tau0
0 -8 5 -7 2
771 772 
NODE 771 4
2dots_tau0
0 -14 13 12 8
835 836 
NODE 835 5
2dots_tau0
0 -4 6 -5 -12
867 868 
NODE 867 6
2dots_tau0
0 13 2 2 -13
883 884 
NODE 883 7
2dots_tau0
0 4 -12 12 0
891 892 
NODE 891 8
2dots_tau0
0 -2 4 0 12
895 896 
LEAF 895 9
65 classes
33 0.284061
53 0.715939
-1 -1
LEAF 896 9
65 classes
2 0.356679
16 0.352611
53 0.29071
-1 -1
NODE 892 8
2dots_tau0
0 -3 -1 15 9
893 894 
LEAF 893 9
65 classes
0 0.0452699
5 0.0478462
6 0.0435932
9 0.098909
14 0.0875105
15 0.0389741
16 0.0447535
19 0.0476525
22 0.148989
35 0.0268725
40 0.230788
45 0.0490424
49 0.0262727
53 0.0368971
59 0.0266293
-1 -1
LEAF 894 9
65 classes
5 0.041853
14 0.0382745
16 0.195738
19 0.0416835
22 0.0868846
42 0.0235603
51 0.0252969
53 0.290478
59 0.256231
-1 -1
NODE 884 7
2dots_tau0
0 6 -11 12 9
885 886 
NODE 885 8
2dots_tau0
0 -13 -11 9 -15
889 890 
LEAF 889 9
65 classes
0 0.19295
5 0.0815723
15 0.199339
19 0.040621
22 0.127005
33 0.0748761
35 0.0229073
40 0.0786933
47 0.0398151
48 0.0793154
53 0.0629053
-1 -1
LEAF 890 9
65 classes
0 0.23431
2 0.0585774
15 0.168103
16 0.0772123
22 0.0214207
30 0.0114858
33 0.208372
40 0.0199087
49 0.147315
53 0.0318289
62 0.021466
-1 -1
NODE 886 8
2dots_tau0
0 0 -3 -3 -2
887 888 
LEAF 887 9
65 classes
5 0.21251
6 0.58086
48 0.20663
-1 -1
LEAF 888 9
65 classes
6 0.292955
22 0.333746
51 0.194344
59 0.178955
-1 -1
NODE 868 6
2dots_tau0
0 -13 -10 3 2
869 870 
NODE 869 7
2dots_tau0
0 6 -6 11 2
877 878 
NODE 877 8
2dots_tau0
0 5 0 11 -1
881 882 
LEAF 881 9
65 classes
23 0.190049
30 0.0937344
33 0.154592
42 0.474034
62 0.0875911
-1 -1
LEAF 882 9
65 classes
1 0.122941
24 0.208255
30 0.0661988
42 0.602606
-1 -1
NODE 878 8
2dots_tau0
0 -8 -3 15 -12
879 880 
LEAF 879 9
65 classes
1 0.341396
3 0.339968
40 0.318636
-1 -1
LEAF 880 9
65 classes
14 0.345826
24 0.0662115
30 0.0841874
42 0.383178
52 0.0785039
59 0.0420937
-1 -1
NODE 870 7
2dots_tau0
0 -7 -7 2 -10
871 872 
NODE 871 8
2dots_tau0
0 8 3 6 -13
875 876 
LEAF 875 9
65 classes
0 0.157738
16 0.155939
19 0.16604
24 0.14595
42 0.281546
59 0.0927871
-1 -1
LEAF 876 9
65 classes
0 0.728884
56 0.271116
-1 -1
NODE 872 8
2dots_tau0
0 -14 -3 -8 -8
873 874 
LEAF 873 9
65 classes
0 0.0624405
6 0.15032
15 0.0537568
16 0.246913
22 0.0685002
24 0.115548
28 0.0319578
33 0.090865
42 0.0743
49 0.0362378
56 0.0348381
62 0.0343225
-1 -1
LEAF 874 9
65 classes
0 0.15876
15 0.136681
23 0.189346
24 0.146895
42 0.188913
49 0.0921374
62 0.0872675
-1 -1
NODE 836 5
2dots_tau0
0 15 13 14 15
837 838 
NODE 837 6
2dots_tau0
0 -15 13 10 5
853 854 
NODE 853 7
2dots_tau0
0 12 -7 3 -4
861 862 
NODE 861 8
2dots_tau0
0 6 10 -9 -7
865 866 
LEAF 865 9
65 classes
5 0.341481
49 0.093755
51 0.206399
53 0.263337
59 0.0950277
-1 -1
LEAF 866 9
65 classes
3 0.132456
14 0.353052
30 0.0716221
42 0.0724416
51 0.155562
59 0.214866
-1 -1
NODE 862 8
2dots_tau0
0 12 13 10 14
863 864 
LEAF 863 9
65 classes
3 0.13353
16 0.485378
22 0.134657
23 0.146393
53 0.100043
-1 -1
LEAF 864 9
65 classes
49 0.587477
53 0.412523
-1 -1
NODE 854 7
2dots_tau0
0 10 -14 7 -8
855 856 
NODE 855 8
2dots_tau0
0 -10 3 -11 3
859 860 
LEAF 859 9
65 classes
1 0.0557712
2 0.0255261
3 0.166614
5 0.0539575
13 0.0316037
14 0.0740161
19 0.0268695
23 0.182664
30 0.0750766
35 0.0606098
42 0.0455614
48 0.0262323
51 0.130453
59 0.045046
-1 -1
LEAF 860 9
65 classes
3 0.0929105
5 0.0300889
7 0.100364
14 0.0275163
21 0.0161967
23 0.339535
35 0.0506978
39 0.0159868
40 0.0290269
44 0.0340316
51 0.0909321
53 0.13922
59 0.0334926
-1 -1
NODE 856 8
2dots_tau0
0 -13 11 7 11
857 858 
LEAF 857 9
65 classes
59 1
-1 -1
LEAF 858 9
65 classes
1 0.0993186
2 0.0303049
3 0.0989031
5 0.0320296
11 0.0369919
13 0.0750408
16 0.359511
40 0.0308991
41 0.0359784
42 0.0180304
48 0.0622868
53 0.0493999
59 0.0713057
-1 -1
NODE 838 6
2dots_tau0
0 -9 -15 0 -4
839 840 
NODE 839 7
2dots_tau0
0 6 -6 5 -5
847 848 
NODE 847 8
2dots_tau0
0 -12 -14 -1 9
851 852 
LEAF 851 9
65 classes
1 0.0829423
2 0.050616
3 0.0275317
5 0.0267483
7 0.133832
13 0.0626675
23 0.241471
30 0.0148871
40 0.0258043
44 0.0302533
51 0.0323346
52 0.0277641
53 0.0618817
56 0.0282407
62 0.153025
-1 -1
LEAF 852 9
65 classes
1 0.327715
5 0.158529
23 0.0894452
40 0.152934
53 0.0611256
56 0.083687
59 0.0441155
62 0.0824485
-1 -1
NODE 848 8
2dots_tau0
0 -10 9 10 12
849 850 
LEAF 849 9
65 classes
1 0.169284
3 0.168575
7 0.136575
14 0.149775
23 0.184814
35 0.0919852
51 0.0989915
-1 -1
LEAF 850 9
65 classes
2 0.0625845
3 0.204251
35 0.0371506
40 0.0638117
44 0.187034
52 0.0686581
53 0.255047
62 0.0688033
63 0.0526601
-1 -1
NODE 840 7
2dots_tau0
0 -1 6 -14 8
841 842 
NODE 841 8
2dots_tau0
0 -9 -1 -10 -14
845 846 
LEAF 845 9
65 classes
1 0.0998523
16 0.271082
35 0.0542576
49 0.318279
53 0.148996
59 0.107533
-1 -1
LEAF 846 9
65 classes
2 0.120807
16 0.597146
35 0.0717121
49 0.210334
-1 -1
NODE 842 8
2dots_tau0
0 11 14 -8 3
843 844 
LEAF 843 9
65 classes
16 0.195608
23 0.235985
49 0.114832
56 0.220793
59 0.232782
-1 -1
LEAF 844 9
65 classes
49 1
-1 -1
NODE 772 4
2dots_tau0
0 -5 -13 3 -1
773 774 
NODE 773 5
2dots_tau0
0 -1 -2 8 -3
805 806 
NODE 805 6
2dots_tau0
0 -10 3 5 2
821 822 
NODE 821 7
2dots_tau0
0 -11 -6 9 -3
829 830 
NODE 829 8
2dots_tau0
0 -13 -12 -4 -14
833 834 
LEAF 833 9
65 classes
14 0.602071
51 0.397929
-1 -1
LEAF 834 9
65 classes
42 1
-1 -1
NODE 830 8
2dots_tau0
0 9 -5 -1 5
831 832 
LEAF 831 9
65 classes
7 0.32977
10 0.447617
42 0.222613
-1 -1
LEAF 832 9
65 classes
15 0.331239
51 0.245784
62 0.422977
-1 -1
NODE 822 7
2dots_tau0
0 -10 0 5 -1
823 824 
NODE 823 8
2dots_tau0
0 6 -10 -9 -4
827 828 
LEAF 827 9
65 classes
21 0.205253
24 0.33381
51 0.460937
-1 -1
LEAF 828 9
65 classes
3 0.428896
7 0.115826
51 0.0839527
59 0.15461
62 0.216715
-1 -1
NODE 824 8
2dots_tau0
0 12 1 -10 -12
825 826 
LEAF 825 9
65 classes
21 0.65666
27 0.159412
39 0.04321
42 0.0915618
51 0.0491554
-1 -1
LEAF 826 9
65 classes
3 0.280628
21 0.293523
39 0.0482866
45 0.0931529
51 0.164791
62 0.0472658
63 0.0723518
-1 -1
NODE 806 6
2dots_tau0
0 4 -9 -12 -3
807 808 
NODE 807 7
2dots_tau0
0 -12 -7 -7 10
815 816 
NODE 815 8
2dots_tau0
0 9 7 8 -8
819 820 
LEAF 819 9
65 classes
3 0.455871
40 0.213634
48 0.215323
62 0.115173
-1 -1
LEAF 820 9
65 classes
0 0.0113915
3 0.111531
4 0.0740445
5 0.0120398
10 0.00908521
13 0.366697
15 0.0294216
21 0.0388855
23 0.0271723
30 0.0134017
39 0.0127939
42 0.210103
51 0.0145542
62 0.0688786
-1 -1
NODE 816 8
2dots_tau0
0 10 10 6 -2
817 818 
LEAF 817 9
65 classes
3 0.301372
15 0.238503
39 0.155568
62 0.304558
-1 -1
LEAF 818 9
65 classes
0 0.565524
4 0.036759
13 0.0350086
15 0.121719
21 0.0321742
33 0.0822963
35 0.0167849
56 0.0631056
62 0.0466288
-1 -1
NODE 808 7
2dots_tau0
0 9 -9 -3 -3
809 810 
NODE 809 8
2dots_tau0
0 9 13 -1 5
813 814 
LEAF 813 9
65 classes
3 0.0935865
7 0.379105
22 0.0471881
40 0.0877144
42 0.204734
45 0.0931965
52 0.0471881
62 0.0472879
-1 -1
LEAF 814 9
65 classes
10 0.379505
14 0.262812
42 0.283109
52 0.0745742
-1 -1
NODE 810 8
2dots_tau0
0 12 -4 13 -7
811 812 
LEAF 811 9
65 classes
62 1
-1 -1
LEAF 812 9
65 classes
-1 -1
NODE 774 5
2dots_tau0
0 -11 -3 3 2
775 776 
NODE 775 6
2dots_tau0
0 -1 14 0 5
791 792 
NODE 791 7
2dots_tau0
0 5 12 4 -5
799 800 
NODE 799 8
2dots_tau0
0 -2 14 -13 5
803 804 
LEAF 803 9
65 classes
1 0.269327
7 0.217288
42 0.513385
-1 -1
LEAF 804 9
65 classes
-1 -1
NODE 800 8
2dots_tau0
0 10 -11 -14 -9
801 802 
LEAF 801 9
65 classes
35 0.199635
42 0.800366
-1 -1
LEAF 802 9
65 classes
35 0.65016
51 0.34984
-1 -1
NODE 792 7
2dots_tau0
0 1 1 8 4
793 794 
NODE 793 8
2dots_tau0
0 -7 -2 5 -4
797 798 
LEAF 797 9
65 classes
7 0.497818
42 0.336055
59 0.166127
-1 -1
LEAF 798 9
65 classes
2 0.191735
20 0.16133
39 0.107669
42 0.342226
48 0.197039
-1 -1
NODE 794 8
2dots_tau0
0 14 -15 4 11
795 796 
LEAF 795 9
65 classes
23 0.500573
42 0.499427
-1 -1
LEAF 796 9
65 classes
40 1
-1 -1
NODE 776 6
2dots_tau0
0 11 2 -13 -5
777 778 
NODE 777 7
2dots_tau0
0 3 11 8 9
785 786 
NODE 785 8
2dots_tau0
0 7 -8 2 7
789 790 
LEAF 789 9
65 classes
2 0.108748
4 0.0353432
11 0.0331861
13 0.0336602
20 0.0228759
21 0.139207
28 0.111317
37 0.028618
42 0.0485261
44 0.0162497
47 0.0280502
49 0.0315564
50 0.0254268
51 0.173677
53 0.110794
62 0.0298885
63 0.0228759
-1 -1
LEAF 790 9
65 classes
0 0.399959
2 0.0399959
6 0.0770291
21 0.091019
28 0.0409406
33 0.038802
35 0.0712255
40 0.0407801
41 0.0949673
44 0.0239056
50 0.0374062
62 0.0439701
-1 -1
NODE 786 8
2dots_tau0
0 -12 -1 -2 8
787 788 
LEAF 787 9
65 classes
13 0.181297
21 0.0833094
28 0.299783
42 0.435611
-1 -1
LEAF 788 9
65 classes
2 0.328654
13 0.244143
21 0.18698
51 0.167961
62 0.0722622
-1 -1
NODE 778 7
2dots_tau0
0 -7 -8 -6 -9
779 780 
NODE 779 8
2dots_tau0
0 -10 15 0 3
783 784 
LEAF 783 9
65 classes
22 0.127859
42 0.346712
51 0.297814
53 0.0949925
59 0.0685579
62 0.0640647
-1 -1
LEAF 784 9
65 classes
0 0.0481104
2 0.288662
6 0.0463285
19 0.0506425
20 0.202406
40 0.0490537
41 0.0571173
42 0.171744
44 0.0287556
51 0.0307339
62 0.0264455
-1 -1
NODE 780 8
2dots_tau0
0 14 0 7 4
781 782 
LEAF 781 9
65 classes
0 0.173139
2 0.432848
13 0.214363
20 0.0728417
42 0.0515059
51 0.0553024
-1 -1
LEAF 782 9
65 classes
0 0.240552
15 0.0690325
19 0.0844042
33 0.155581
35 0.0475978
41 0.0951956
42 0.14312
54 0.0763657
62 0.0881515
-1 -1
NODE 514 2
2dots_tau0
0 -9 7 -12 -4
515 516 
NODE 515 3
2dots_tau0
0 -3 -5 -9 3
643 644 
NODE 643 4
2dots_tau0
0 -14 -5 6 1
707 708 
NODE 707 5
2dots_tau0
0 -15 -1 5 0
739 740 
NODE 739 6
2dots_tau0
0 -3 -1 2 11
755 756 
NODE 755 7
2dots_tau0
0 -5 9 -1 5
763 764 
NODE 763 8
2dots_tau0
0 -2 7 8 6
767 768 
LEAF 767 9
65 classes
5 0.171368
51 0.828632
-1 -1
LEAF 768 9
65 classes
4 0.150697
5 0.122518
14 0.448168
51 0.0740524
59 0.204565
-1 -1
NODE 764 8
2dots_tau0
0 -12 -8 3 1
765 766 
LEAF 765 9
65 classes
10 0.100173
14 0.242797
59 0.0738829
61 0.583147
-1 -1
LEAF 766 9
65 classes
9 0.235881
30 0.127013
44 0.129056
59 0.50805
-1 -1
NODE 756 7
2dots_tau0
0 9 -5 14 -14
757 758 
NODE 757 8
2dots_tau0
0 15 -2 -9 -3
761 762 
LEAF 761 9
65 classes
4 0.0594979
33 0.710423
35 0.027168
37 0.0481765
40 0.0466651
42 0.0272302
44 0.0273554
59 0.0269222
61 0.0265616
-1 -1
LEAF 762 9
65 classes
40 1
-1 -1
NODE 758 8
2dots_tau0
0 -1 -2 3 10
759 760 
LEAF 759 9
65 classes
44 0.226674
59 0.223084
61 0.550241
-1 -1
LEAF 760 9
65 classes
1 0.056218
23 0.306878
30 0.0302712
33 0.049925
40 0.15741
44 0.276825
51 0.0328744
61 0.0895975
-1 -1
NODE 740 6
2dots_tau0
0 1 -1 -11 -7
741 742 
NODE 741 7
2dots_tau0
0 6 7 -1 15
749 750 
NODE 749 8
2dots_tau0
0 10 5 13 -4
753 754 
LEAF 753 9
65 classes
33 0.479612
37 0.520388
-1 -1
LEAF 754 9
65 classes
4 0.262859
17 0.198384
28 0.206975
30 0.118941
37 0.212841
-1 -1
NODE 750 8
2dots_tau0
0 12 -13 -6 -14
751 752 
LEAF 751 9
65 classes
23 0.17562
37 0.155001
42 0.0876092
44 0.088012
47 0.151925
61 0.341832
-1 -1
LEAF 752 9
65 classes
-1 -1
NODE 742 7
2dots_tau0
0 6 -8 -15 -4
743 744 
NODE 743 8
2dots_tau0
0 -6 8 4 -12
747 748 
LEAF 747 9
65 classes
51 1
-1 -1
LEAF 748 9
65 classes
-1 -1
NODE 744 8
2dots_tau0
0 2 8 3 -1
745 746 
LEAF 745 9
65 classes
23 1
-1 -1
LEAF 746 9
65 classes
42 1
-1 -1
NODE 708 5
2dots_tau0
0 -8 -3 0 -7
709 710 
NODE 709 6
2dots_tau0
0 -7 15 2 -8
725 726 
NODE 725 7
2dots_tau0
0 -4 -3 12 -11
733 734 
NODE 733 8
2dots_tau0
0 6 -11 -13 -1
737 738 
LEAF 737 9
65 classes
0 0.0902358
3 0.147247
13 0.0558602
18 0.0429694
21 0.0256688
23 0.269052
27 0.0467357
32 0.0261845
35 0.133912
41 0.107129
49 0.0261845
51 0.0288222
-1 -1
LEAF 738 9
65 classes
9 0.168958
23 0.368918
30 0.0454888
41 0.367234
51 0.0494006
-1 -1
NODE 734 8
2dots_tau0
0 2 14 -8 -9
735 736 
LEAF 735 9
65 classes
1 0.0110809
3 0.022069
9 0.0110809
13 0.0879082
21 0.0173123
23 0.266144
30 0.131266
35 0.00602111
40 0.237869
44 0.0666889
45 0.0109885
51 0.00647972
53 0.00826722
56 0.0226373
61 0.0941873
-1 -1
LEAF 736 9
65 classes
13 0.119359
19 0.101479
23 0.229957
35 0.114454
40 0.0982954
59 0.0567089
61 0.279747
-1 -1
NODE 726 7
2dots_tau0
0 2 10 9 -5
727 728 
NODE 727 8
2dots_tau0
0 -7 -7 -1 -11
731 732 
LEAF 731 9
65 classes
0 0.0616282
18 0.176081
35 0.402413
40 0.0628366
41 0.0731659
48 0.19
62 0.033876
-1 -1
LEAF 732 9
65 classes
6 0.290449
35 0.626653
62 0.0828977
-1 -1
NODE 728 8
2dots_tau0
0 -11 5 -13 0
729 730 
LEAF 729 9
65 classes
6 0.0245333
23 0.0303853
27 0.0263904
30 0.0899185
32 0.0295714
35 0.166356
39 0.0143067
40 0.103906
41 0.120986
44 0.121821
45 0.0828
48 0.0261818
59 0.0149864
61 0.147857
-1 -1
LEAF 730 9
65 classes
4 0.0608536
6 0.405691
19 0.0492742
30 0.0826067
56 0.156705
59 0.0275356
61 0.217334
-1 -1
NODE 710 6
2dots_tau0
0 -9 -14 -5 10
711 712 
NODE 711 7
2dots_tau0
0 15 -7 -14 -9
719 720 
NODE 719 8
2dots_tau0
0 -13 8 -13 -14
723 724 
LEAF 723 9
65 classes
0 0.0106545
1 0.0058197
4 0.00692544
6 0.0410397
11 0.0845359
12 0.00629586
13 0.0989349
14 0.0102981
16 0.021066
17 0.0156802
19 0.00560765
21 0.0363699
23 0.0127072
27 0.00551828
30 0.00940105
33 0.0258412
35 0.0031623
37 0.0168229
39 0.0239324
42 0.0253563
45 0.0057712
46 0.277018
49 0.0185503
51 0.00680633
55 0.00317681
56 0.0118892
58 0.153899
59 0.00313368
61 0.0463757
62 0.00292831
63 0.00448249
-1 -1
LEAF 724 9
65 classes
1 0.00682861
2 0.0062508
3 0.00680004
4 0.0568823
6 0.0180579
11 0.114451
12 0.0517112
13 0.162521
16 0.037077
17 0.0122657
21 0.0995752
23 0.0298203
27 0.0129499
30 0.0183847
33 0.084899
35 0.00371052
37 0.0197394
39 0.0772237
40 0.00637337
44 0.0149444
45 0.0338585
48 0.0128475
50 0.0116922
51 0.00399314
55 0.00372754
59 0.00367694
61 0.0036277
62 0.0755911
63 0.0105192
-1 -1
NODE 720 8
2dots_tau0
0 14 -5 -6 -1
721 722 
LEAF 721 9
65 classes
4 0.641917
11 0.104824
13 0.0531608
33 0.0416559
48 0.0220628
52 0.0235523
56 0.0239566
62 0.0708062
63 0.0180644
-1 -1
LEAF 722 9
65 classes
3 0.101655
4 0.121477
13 0.0578464
33 0.0453274
35 0.110938
40 0.0476382
52 0.0512563
62 0.385235
63 0.0786262
-1 -1
NODE 712 7
2dots_tau0
0 -14 -5 -1 4
713 714 
NODE 713 8
2dots_tau0
0 -7 -12 -8 3
717 718 
LEAF 717 9
65 classes
1 0.075555
4 0.179821
6 0.0333002
11 0.0422115
20 0.0290972
23 0.0412433
27 0.0358209
40 0.070518
42 0.18517
48 0.0710755
49 0.0200693
54 0.0988027
56 0.0771764
61 0.0401386
-1 -1
LEAF 718 9
65 classes
3 0.0649647
4 0.0776328
9 0.130475
11 0.0728947
16 0.0590364
17 0.117182
40 0.0608885
44 0.0356933
49 0.13863
61 0.242603
-1 -1
NODE 714 8
2dots_tau0
0 -2 -1 -13 -11
715 716 
LEAF 715 9
65 classes
0 0.0255896
1 0.00665597
2 0.00974843
3 0.0145819
4 0.0174253
6 0.00117342
9 0.0292863
10 0.0136059
11 0.0699095
12 0.12961
13 0.0392258
16 0.0168652
17 0.00119556
18 0.00348158
19 0.00769613
20 0.00102532
21 0.0693269
22 0.00133681
23 0.0494129
27 0.00631124
30 0.00143359
32 0.0205087
33 0.120582
35 0.0484639
37 0.0141096
39 0.0766399
40 0.00496979
41 0.00723342
44 0.00582665
45 0.0079206
48 0.00125227
49 0.00919355
50 0.119664
54 0.00348158
56 0.00271952
61 0.0304094
63 0.00922788
-1 -1
LEAF 716 9
65 classes
0 0.0200391
3 0.0653995
4 0.130254
9 0.0218914
11 0.195687
20 0.0168614
33 0.0388818
37 0.0421876
39 0.0225061
44 0.0119774
48 0.0617806
50 0.168674
54 0.114509
61 0.0232597
62 0.0660909
-1 -1
NODE 644 4
2dots_tau0
0 -14 1 -10 -7
645 646 
NODE 645 5
2dots_tau0
0 12 -5 -9 -15
677 678 
NODE 677 6
2dots_tau0
0 4 12 11 6
693 694 
NODE 693 7
2dots_tau0
0 3 -11 10 -8
701 702 
NODE 701 8
2dots_tau0
0 -13 -8 -14 13
705 706 
LEAF 705 9
65 classes
0 0.136068
5 0.0359529
6 0.0327571
9 0.0371614
24 0.0314748
27 0.0704734
33 0.132006
37 0.250651
44 0.020332
47 0.0350969
48 0.104874
49 0.019742
53 0.0554509
56 0.0379589
-1 -1
LEAF 706 9
65 classes
0 0.0468013
2 0.00780021
3 0.00848559
6 0.00751132
7 0.0206243
9 0.00852124
10 0.199073
11 0.0190428
17 0.00765304
23 0.00930301
27 0.0242397
33 0.0302695
35 0.00463026
37 0.197058
40 0.0238595
44 0.0046622
45 0.0169005
47 0.0321914
49 0.0135807
50 0.0145903
52 0.0085572
53 0.0890056
54 0.0445726
56 0.0348164
58 0.11267
61 0.0135807
-1 -1
NODE 702 8
2dots_tau0
0 -1 6 -8 7
703 704 
LEAF 703 9
65 classes
1 0.00777682
2 0.0142376
3 0.0232328
9 0.241081
10 0.051098
11 0.0173792
12 0.00841311
13 0.0176275
16 0.0140752
21 0.0121502
27 0.0294962
30 0.0125626
32 0.00826287
33 0.0138126
35 0.00845152
37 0.0299738
39 0.0159904
40 0.0943588
44 0.0212745
45 0.015424
49 0.00826287
50 0.18642
52 0.0234289
53 0.0174064
56 0.0714933
61 0.0206572
62 0.0156523
-1 -1
LEAF 704 9
65 classes
0 0.0319399
1 0.144554
2 0.00456284
3 0.0248188
5 0.00482252
7 0.00402149
9 0.154523
10 0.178315
12 0.00539245
19 0.0480299
23 0.0163258
24 0.0084437
27 0.0189058
30 0.00536805
33 0.00442664
35 0.00541708
37 0.00480299
39 0.00256229
40 0.107003
42 0.00271474
44 0.0136361
45 0.059317
47 0.0047077
49 0.00529616
50 0.0256045
51 0.00291484
52 0.0300339
53 0.0297515
56 0.0152748
61 0.0264808
62 0.0100325
-1 -1
NODE 694 7
2dots_tau0
0 -8 -13 -8 -9
695 696 
NODE 695 8
2dots_tau0
0 5 9 -1 6
699 700 
LEAF 699 9
65 classes
0 0.00661057
1 0.122768
2 0.0198317
3 0.0263685
4 0.0200521
7 0.0407838
9 0.113139
11 0.0161385
12 0.00260416
13 0.00272817
14 0.0255576
15 0.00569122
17 0.0172956
19 0.027834
21 0.0250729
23 0.00788416
24 0.00203885
27 0.0068476
30 0.02722
33 0.00427549
37 0.0023195
39 0.0037122
40 0.0539215
41 0.00261605
42 0.00131102
44 0.053999
45 0.119357
47 0.00454695
50 0.0123651
51 0.0154842
52 0.0386779
53 0.0341235
54 0.0230845
55 0.00525611
56 0.0418007
59 0.00907333
61 0.0358072
62 0.0218023
-1 -1
LEAF 700 9
65 classes
0 0.0542356
1 0.00740612
3 0.00737513
7 0.0119502
9 0.059249
12 0.0160241
14 0.0327631
16 0.0402127
19 0.00713626
20 0.0171132
21 0.0269991
23 0.0323423
30 0.0239275
33 0.00657708
35 0.00402433
40 0.0138248
44 0.17424
45 0.036722
49 0.062952
50 0.0190215
51 0.0129926
52 0.00743737
53 0.110511
54 0.0387397
55 0.00404279
56 0.0302602
59 0.0518428
61 0.0826245
62 0.00745309
-1 -1
NODE 696 8
2dots_tau0
0 -10 5 7 2
697 698 
LEAF 697 9
65 classes
0 0.102316
1 0.0874749
3 0.00967877
7 0.0901766
9 0.00971944
14 0.0472964
19 0.107701
23 0.00530556
30 0.0104671
39 0.00999234
40 0.0272144
44 0.0877431
45 0.0819268
47 0.0275384
48 0.00457159
51 0.0056836
52 0.165928
55 0.00530556
59 0.0680361
61 0.0361442
62 0.00978108
-1 -1
LEAF 698 9
65 classes
0 0.00547173
1 0.0239101
2 0.0109435
3 0.011905
4 0.00355662
7 0.0337578
9 0.101618
12 0.00969989
13 0.00677452
16 0.0108186
17 0.00536849
19 0.0230389
20 0.00230202
21 0.00466953
22 0.00300137
23 0.00326296
24 0.00759422
30 0.131965
32 0.00158778
33 0.00530839
35 0.00162403
39 0.00614536
40 0.0167371
41 0.00324806
44 0.124277
45 0.0829879
49 0.0111145
50 0.0511745
51 0.00174773
52 0.0960439
53 0.0200687
55 0.00489444
56 0.0641108
59 0.0225307
61 0.0762134
62 0.010527
-1 -1
NODE 678 6
2dots_tau0
0 4 15 -5 -15
679 680 
NODE 679 7
2dots_tau0
0 -12 10 -14 -15
687 688 
NODE 687 8
2dots_tau0
0 8 5 -14 8
691 692 
LEAF 691 9
65 classes
7 0.278374
24 0.0730608
48 0.0811466
52 0.17325
53 0.128715
56 0.176224
61 0.0458261
62 0.043404
-1 -1
LEAF 692 9
65 classes
1 0.314454
7 0.126847
40 0.29349
48 0.147905
53 0.117304
-1 -1
NODE 688 8
2dots_tau0
0 8 10 -3 12
689 690 
LEAF 689 9
65 classes
37 0.598704
40 0.193307
52 0.207989
-1 -1
LEAF 690 9
65 classes
9 0.212006
27 0.201026
35 0.1152
48 0.199437
53 0.158174
59 0.114157
-1 -1
NODE 680 7
2dots_tau0
0 -1 1 -14 -11
681 682 
NODE 681 8
2dots_tau0
0 -11 -7 11 -9
685 686 
LEAF 685 9
65 classes
-1 -1
LEAF 686 9
65 classes
0 0.0786612
14 0.380147
33 0.0763131
40 0.0802035
53 0.384675
-1 -1
NODE 682 8
2dots_tau0
0 -4 15 -7 -2
683 684 
LEAF 683 9
65 classes
7 0.214354
14 0.352609
53 0.297341
56 0.135696
-1 -1
LEAF 684 9
65 classes
7 0.449574
35 0.0504658
40 0.173365
41 0.100932
42 0.0505813
47 0.0877145
48 0.0873678
-1 -1
NODE 646 5
2dots_tau0
0 -8 14 11 -7
647 648 
NODE 647 6
2dots_tau0
0 -10 0 -11 12
663 664 
NODE 663 7
2dots_tau0
0 15 -10 -14 9
671 672 
NODE 671 8
2dots_tau0
0 0 0 7 11
675 676 
LEAF 675 9
65 classes
3 0.243119
22 0.490342
55 0.266539
-1 -1
LEAF 676 9
65 classes
0 0.0207354
1 0.0226522
3 0.112787
23 0.0247303
35 0.147705
40 0.126852
45 0.157244
52 0.272973
56 0.0231383
62 0.0911834
-1 -1
NODE 672 8
2dots_tau0
0 12 13 -14 -13
673 674 
LEAF 673 9
65 classes
0 0.0363052
3 0.0394952
5 0.153486
7 0.0319978
11 0.0443162
20 0.0305481
22 0.199143
28 0.0371628
35 0.0431021
40 0.185086
48 0.0373097
56 0.162049
-1 -1
LEAF 674 9
65 classes
5 0.674603
40 0.325397
-1 -1
NODE 664 7
2dots_tau0
0 5 1 -1 -6
665 666 
NODE 665 8
2dots_tau0
0 5 10 -9 -3
669 670 
LEAF 669 9
65 classes
0 0.026151
1 0.114273
4 0.0509944
5 0.0414589
9 0.0714208
11 0.0159607
12 0.0154529
13 0.0161887
14 0.012638
27 0.081266
35 0.00776171
39 0.00734261
40 0.0666594
41 0.0155234
45 0.0708256
47 0.0539624
48 0.0268745
50 0.0611444
52 0.229511
56 0.0145907
-1 -1
LEAF 670 9
65 classes
5 0.142569
7 0.356664
19 0.0709958
28 0.0690392
40 0.0687685
48 0.138624
52 0.0739914
59 0.0793483
-1 -1
NODE 666 8
2dots_tau0
0 -12 -11 -6 -12
667 668 
LEAF 667 9
65 classes
1 0.137829
7 0.277994
14 0.548753
39 0.0354247
-1 -1
LEAF 668 9
65 classes
1 0.0463524
3 0.276951
5 0.044845
7 0.0373962
14 0.0820214
23 0.151815
35 0.0251869
40 0.216311
52 0.046548
61 0.0492495
62 0.0233232
-1 -1
NODE 648 6
2dots_tau0
0 -4 10 -12 15
649 650 
NODE 649 7
2dots_tau0
0 14 -8 10 3
657 658 
NODE 657 8
2dots_tau0
0 2 8 2 -5
661 662 
LEAF 661 9
65 classes
0 0.00514036
1 0.00561552
4 0.00668247
6 0.00989996
9 0.0561552
19 0.0486982
21 0.0701879
23 0.0183921
30 0.178401
35 0.125106
37 0.00541091
39 0.00577319
44 0.030724
45 0.111375
48 0.0211303
50 0.144226
52 0.078949
56 0.0630963
59 0.00907123
61 0.00596649
-1 -1
LEAF 662 9
65 classes
9 0.0248079
16 0.0224497
19 0.0717118
21 0.0387589
23 0.0541676
27 0.047046
30 0.133581
35 0.0404402
37 0.0239039
39 0.0127522
40 0.046308
44 0.108584
48 0.0933482
50 0.0212384
51 0.0290136
52 0.0747376
56 0.0253402
59 0.0534323
61 0.0658959
62 0.0124826
-1 -1
NODE 658 8
2dots_tau0
0 6 10 6 9
659 660 
LEAF 659 9
65 classes
0 0.0441142
3 0.0239952
4 0.0430113
9 0.036144
11 0.0673104
21 0.0188233
22 0.0120988
27 0.022848
28 0.0225781
30 0.0194621
35 0.104746
37 0.081263
39 0.0185794
40 0.0224896
44 0.059326
45 0.0836331
48 0.0113337
50 0.134088
52 0.0362965
53 0.00898878
54 0.0420135
56 0.0369196
59 0.00648738
61 0.0192015
62 0.0242488
-1 -1
LEAF 660 9
65 classes
0 0.0129711
4 0.033725
6 0.0124907
9 0.0283403
11 0.0158333
12 0.0153295
13 0.0160595
16 0.0128232
19 0.0136538
21 0.00737965
27 0.0134362
30 0.00763009
35 0.184794
37 0.0682692
39 0.021852
40 0.026451
44 0.0310115
45 0.126469
48 0.0533201
50 0.133444
52 0.01423
54 0.0123535
56 0.0723712
61 0.0301116
62 0.0356501
-1 -1
NODE 650 7
2dots_tau0
0 9 -12 -7 6
651 652 
NODE 651 8
2dots_tau0
0 6 -1 -13 -4
655 656 
LEAF 655 9
65 classes
1 0.0356773
7 0.0115135
9 0.0356773
17 0.0256338
19 0.0687546
20 0.0109918
21 0.0334445
23 0.00779009
27 0.0405953
30 0.111423
37 0.0481282
39 0.0110037
40 0.0466183
41 0.00775451
44 0.0741759
45 0.0707599
52 0.0501589
55 0.0194752
56 0.211369
59 0.00384217
61 0.0644421
62 0.0107711
-1 -1
LEAF 656 9
65 classes
1 0.100998
5 0.0488566
19 0.0486588
24 0.128314
30 0.0543833
35 0.02744
37 0.0486588
42 0.0275028
44 0.193405
45 0.050078
51 0.02953
59 0.0543833
61 0.187792
-1 -1
NODE 652 8
2dots_tau0
0 -3 1 1 -14
653 654 
LEAF 653 9
65 classes
5 0.023257
7 0.213334
9 0.0240387
13 0.0272439
14 0.0212685
19 0.277954
28 0.0225245
30 0.0517757
35 0.0653107
39 0.0123568
44 0.0657611
45 0.119192
56 0.0245546
59 0.0258879
61 0.0255412
-1 -1
LEAF 654 9
65 classes
6 0.0659051
7 0.3016
14 0.0330751
27 0.035447
28 0.105085
35 0.0812529
40 0.034891
45 0.0370716
47 0.0353063
49 0.0198598
56 0.190927
61 0.0595794
-1 -1
NODE 516 3
2dots_tau0
0 -1 7 -7 -10
517 518 
NODE 517 4
2dots_tau0
0 2 -13 5 -11
581 582 
NODE 581 5
2dots_tau0
0 4 -11 -1 -7
613 614 
NODE 613 6
2dots_tau0
0 1 -9 4 13
629 630 
NODE 629 7
2dots_tau0
0 8 1 -12 -4
637 638 
NODE 637 8
2dots_tau0
0 13 -6 8 -7
641 642 
LEAF 641 9
65 classes
2 0.0391589
4 0.0254533
6 0.0377086
12 0.0462787
13 0.0242412
15 0.0168565
17 0.13447
18 0.0372942
20 0.0164746
21 0.144811
23 0.0467033
30 0.0115173
35 0.023245
39 0.0549747
40 0.0199634
44 0.0117027
49 0.0340892
50 0.0183117
51 0.125078
53 0.0319163
54 0.0186471
55 0.0583791
61 0.0227261
-1 -1
LEAF 642 9
65 classes
4 0.0418805
9 0.0351937
12 0.0761464
13 0.0398862
17 0.031608
20 0.0271071
21 0.0916423
33 0.0625083
39 0.0180909
40 0.065695
48 0.0331071
49 0.0747867
50 0.0602598
53 0.10503
54 0.0306817
55 0.134479
56 0.0718979
-1 -1
NODE 638 8
2dots_tau0
0 2 -2 -9 8
639 640 
LEAF 639 9
65 classes
2 0.0725022
5 0.153257
19 0.0763181
21 0.123746
22 0.0795383
35 0.0430379
51 0.324211
55 0.0432353
61 0.0841544
-1 -1
LEAF 640 9
65 classes
0 0.20979
5 0.332594
7 0.0924497
21 0.0596776
22 0.115075
51 0.067009
59 0.123406
-1 -1
NODE 630 7
2dots_tau0
0 -15 5 -3 1
631 632 
NODE 631 8
2dots_tau0
0 4 11 0 3
635 636 
LEAF 635 9
65 classes
1 0.0578758
5 0.0279968
6 0.0510165
9 0.0868137
10 0.0211265
20 0.0222887
24 0.0245097
27 0.0823174
40 0.0270087
45 0.0286968
48 0.0544445
52 0.20342
56 0.177353
59 0.0623278
62 0.0728036
-1 -1
LEAF 636 9
65 classes
7 0.119194
10 0.0359533
24 0.41711
30 0.0265176
44 0.080833
48 0.0463272
51 0.115192
53 0.0367423
54 0.0429333
59 0.0530352
61 0.0261625
-1 -1
NODE 632 8
2dots_tau0
0 -12 6 15 -7
633 634 
LEAF 633 9
65 classes
3 0.0358677
4 0.0857238
6 0.222247
11 0.321967
18 0.0314007
20 0.083227
35 0.0195716
37 0.034706
56 0.147165
62 0.0181234
-1 -1
LEAF 634 9
65 classes
6 0.0911997
12 0.0139909
17 0.0348452
18 0.0225494
20 0.0298834
21 0.0471465
24 0.0219074
30 0.0696378
33 0.0344551
35 0.00702738
37 0.074769
39 0.139607
44 0.0212275
47 0.0244285
48 0.0364979
51 0.196628
52 0.0129873
56 0.0660513
59 0.0417827
61 0.00687052
62 0.00650738
-1 -1
NODE 614 6
2dots_tau0
0 11 12 -4 -7
615 616 
NODE 615 7
2dots_tau0
0 -11 8 0 -8
623 624 
NODE 623 8
2dots_tau0
0 3 4 -10 1
627 628 
LEAF 627 9
65 classes
14 0.0327176
15 0.058285
20 0.0284823
23 0.0403717
28 0.0346498
30 0.0199119
40 0.0690278
44 0.222555
49 0.235742
51 0.0432483
52 0.0371352
59 0.0796474
61 0.0982259
-1 -1
LEAF 628 9
65 classes
5 0.126286
7 0.245723
19 0.125775
44 0.0476114
45 0.0862957
51 0.228991
59 0.0468574
61 0.0924597
-1 -1
NODE 624 8
2dots_tau0
0 -6 -5 0 -4
625 626 
LEAF 625 9
65 classes
0 0.0265923
6 0.384111
18 0.050652
19 0.0279919
23 0.253725
24 0.024605
40 0.0271137
48 0.0546561
49 0.0308661
51 0.0169877
52 0.029173
56 0.0296738
62 0.043852
-1 -1
LEAF 626 9
65 classes
0 0.0078436
2 0.0078436
4 0.0101967
6 0.0981903
11 0.0191487
15 0.0270111
17 0.0615649
18 0.0074701
19 0.00825642
21 0.0223122
23 0.00935475
33 0.0304379
39 0.079283
44 0.0234406
48 0.0725456
49 0.136563
50 0.00733574
51 0.0350746
54 0.0074701
55 0.210482
59 0.00461388
61 0.10925
62 0.00431149
-1 -1
NODE 616 7
2dots_tau0
0 12 14 3 6
617 618 
NODE 617 8
2dots_tau0
0 10 -1 -4 -1
621 622 
LEAF 621 9
65 classes
18 0.186521
19 0.206155
33 0.380002
49 0.227322
-1 -1
LEAF 622 9
65 classes
3 1
-1 -1
NODE 618 8
2dots_tau0
0 4 -5 -5 -1
619 620 
LEAF 619 9
65 classes
0 0.0675997
6 0.173589
15 0.34919
33 0.0655818
35 0.0267518
41 0.0267518
48 0.0463133
49 0.104619
50 0.084297
54 0.0429204
62 0.0123861
-1 -1
LEAF 620 9
65 classes
0 0.215589
18 0.102661
33 0.209153
35 0.0639875
45 0.116777
51 0.137723
59 0.0634085
63 0.0907008
-1 -1
NODE 582 5
2dots_tau0
0 -1 11 4 -15
583 584 
NODE 583 6
2dots_tau0
0 -8 13 -6 15
599 600 
NODE 599 7
2dots_tau0
0 -4 2 3 -3
607 608 
NODE 607 8
2dots_tau0
0 -11 -6 10 -14
611 612 
LEAF 611 9
65 classes
0 0.144827
1 0.158214
3 0.0525175
9 0.158214
19 0.101633
20 0.0406203
35 0.0286568
39 0.0271095
45 0.0522987
47 0.0996165
52 0.0529607
59 0.0567949
62 0.0265363
-1 -1
LEAF 612 9
65 classes
0 0.0447049
9 0.0732559
19 0.0235289
23 0.0799766
24 0.10341
30 0.0131485
39 0.17573
40 0.0911629
41 0.0265372
44 0.0801605
45 0.0242152
51 0.0856752
52 0.0245217
53 0.0182183
59 0.0657425
61 0.0389172
62 0.0122868
63 0.0188079
-1 -1
NODE 608 8
2dots_tau0
0 -7 8 -12 -6
609 610 
LEAF 609 9
65 classes
4 0.0405497
9 0.102226
11 0.1523
13 0.0386188
19 0.131335
33 0.030261
35 0.0555476
37 0.0328338
39 0.0525483
40 0.0636075
44 0.0745742
48 0.0641103
50 0.0291725
54 0.0594136
59 0.0366966
61 0.0362051
-1 -1
LEAF 610 9
65 classes
0 0.0198745
4 0.0516738
5 0.0630168
6 0.0382769
7 0.0350331
11 0.02426
19 0.0627617
20 0.0334458
23 0.0237036
24 0.128725
28 0.020344
30 0.0233818
35 0.0235953
37 0.0209206
39 0.133928
41 0.0707861
44 0.0593952
47 0.0205055
49 0.0461373
53 0.0485961
59 0.0233818
61 0.0115343
63 0.0167229
-1 -1
NODE 600 7
2dots_tau0
0 -15 -10 15 -13
601 602 
NODE 601 8
2dots_tau0
0 0 15 -10 3
605 606 
LEAF 605 9
65 classes
1 0.0253155
4 0.241003
6 0.0669453
9 0.0506309
11 0.226294
12 0.0273867
16 0.0458181
20 0.0389973
24 0.0214416
27 0.0720129
28 0.0237208
35 0.0687794
39 0.0650656
44 0.0138508
62 0.012738
-1 -1
LEAF 606 9
65 classes
9 0.166674
11 0.186237
19 0.481803
45 0.165285
-1 -1
NODE 602 8
2dots_tau0
0 -15 0 -9 -11
603 604 
LEAF 603 9
65 classes
1 0.0165545
2 0.0151537
9 0.0165545
12 0.0179089
13 0.0187617
19 0.111659
21 0.0775922
30 0.0534836
33 0.0147013
35 0.0449767
39 0.0850964
40 0.0618033
44 0.0996312
45 0.065666
51 0.0677635
52 0.11637
53 0.0370529
59 0.00891394
61 0.0703565
-1 -1
LEAF 604 9
65 classes
4 0.0471504
12 0.042864
13 0.0673577
15 0.0312254
16 0.0358558
20 0.015259
23 0.0648858
30 0.064005
32 0.0105246
33 0.0351868
35 0.0322948
39 0.346245
41 0.0430597
44 0.0433567
45 0.019646
54 0.0172712
56 0.0202362
59 0.0320025
61 0.0315739
-1 -1
NODE 584 6
2dots_tau0
0 5 -8 -2 15
585 586 
NODE 585 7
2dots_tau0
0 -12 13 -11 6
593 594 
NODE 593 8
2dots_tau0
0 -1 -14 1 -6
597 598 
LEAF 597 9
65 classes
4 0.0377009
6 0.111706
9 0.0105605
11 0.0118
13 0.0359056
17 0.10433
21 0.148494
24 0.0268334
30 0.0739233
39 0.119427
40 0.00985645
41 0.0114767
44 0.0288896
51 0.00617541
52 0.0212101
53 0.0315159
55 0.0403526
56 0.0647226
59 0.0227456
61 0.0504923
62 0.0318824
-1 -1
LEAF 598 9
65 classes
2 0.057655
4 0.0749515
5 0.0243745
6 0.0444157
9 0.0125969
11 0.0281508
13 0.0428294
14 0.0111452
16 0.0113995
17 0.0565672
21 0.0328015
27 0.0238889
28 0.0118034
30 0.101744
33 0.0111868
39 0.129506
41 0.0136898
42 0.00686055
44 0.0344605
49 0.0267684
50 0.0107844
53 0.11278
54 0.0329457
55 0.0137526
56 0.0257344
59 0.0271318
61 0.0200763
-1 -1
NODE 594 8
2dots_tau0
0 5 3 -14 -1
595 596 
LEAF 595 9
65 classes
0 0.0187591
1 0.0102466
2 0.0281386
4 0.121934
6 0.0180643
11 0.0343476
12 0.0110849
13 0.0348383
17 0.0184051
19 0.0098732
20 0.00789217
21 0.181434
23 0.0223732
24 0.00867858
27 0.00971586
30 0.115865
39 0.158014
40 0.00956345
41 0.0111355
44 0.0280308
50 0.0263167
53 0.00764477
55 0.0167799
56 0.0418658
59 0.0220695
61 0.0217739
62 0.00515577
-1 -1
LEAF 596 9
65 classes
0 0.336371
4 0.0728805
7 0.0247052
14 0.0270931
19 0.0590125
23 0.167157
30 0.082444
40 0.0571612
51 0.107441
59 0.0494664
61 0.016268
-1 -1
NODE 586 7
2dots_tau0
0 7 -13 0 -3
587 588 
NODE 587 8
2dots_tau0
0 0 6 -10 0
591 592 
LEAF 591 9
65 classes
1 0.0304438
4 0.0362281
21 0.0475642
27 0.115468
30 0.11475
39 0.422531
40 0.0568284
44 0.0499698
51 0.0178025
52 0.0611445
56 0.0310971
61 0.0161733
-1 -1
LEAF 592 9
65 classes
1 0.0913582
7 0.0737059
19 0.176059
30 0.295157
35 0.0496421
39 0.0469617
51 0.267116
-1 -1
NODE 588 8
2dots_tau0
0 14 -6 -12 -4
589 590 
LEAF 589 9
65 classes
18 0.102208
19 0.225934
21 0.18317
30 0.0631287
51 0.0685575
54 0.204417
61 0.0622833
63 0.0903007
-1 -1
LEAF 590 9
65 classes
39 1
-1 -1
NODE 518 4
2dots_tau0
0 -12 -12 0 13
519 520 
NODE 519 5
2dots_tau0
0 10 -15 10 12
551 552 
NODE 551 6
2dots_tau0
0 8 -7 -7 0
567 568 
NODE 567 7
2dots_tau0
0 13 14 11 1
575 576 
NODE 575 8
2dots_tau0
0 -7 -5 -3 -5
579 580 
LEAF 579 9
65 classes
5 0.0456709
13 0.0535002
14 0.0835319
21 0.17209
24 0.0399824
39 0.0727972
42 0.0257095
55 0.386527
56 0.0964381
62 0.0237527
-1 -1
LEAF 580 9
65 classes
4 0.142009
6 0.0525961
13 0.338117
21 0.310743
39 0.0306716
51 0.0348917
56 0.0609482
62 0.0300231
-1 -1
NODE 576 8
2dots_tau0
0 -14 15 9 10
577 578 
LEAF 577 9
65 classes
4 0.0644694
5 0.0209656
7 0.0174832
11 0.0121069
13 0.0368396
14 0.278009
15 0.00853899
17 0.0389249
19 0.0104404
23 0.0118292
42 0.442581
47 0.0102332
51 0.00633606
55 0.0295731
59 0.0116687
-1 -1
LEAF 578 9
65 classes
1 0.02173
4 0.142223
5 0.0105117
6 0.00478865
7 0.00876566
10 0.00396606
11 0.145683
13 0.0615683
14 0.0528709
15 0.0128437
17 0.053669
21 0.0424377
23 0.0237236
39 0.0418877
41 0.100365
42 0.0739665
45 0.0107745
48 0.0306625
49 0.00288601
50 0.0511593
51 0.00635349
52 0.0436434
55 0.0118618
56 0.00554907
59 0.00877557
62 0.0273348
-1 -1
NODE 568 7
2dots_tau0
0 8 -3 11 10
569 570 
NODE 569 8
2dots_tau0
0 -11 0 0 -14
573 574 
LEAF 573 9
65 classes
0 0.207624
5 0.146293
7 0.0609969
14 0.200678
15 0.119166
19 0.0728506
20 0.116467
22 0.0759244
-1 -1
LEAF 574 9
65 classes
3 0.178753
5 0.173666
12 0.388381
17 0.161215
55 0.097986
-1 -1
NODE 570 8
2dots_tau0
0 6 4 -12 -12
571 572 
LEAF 571 9
65 classes
15 0.211874
20 0.207075
55 0.146757
59 0.434294
-1 -1
LEAF 572 9
65 classes
55 1
-1 -1
NODE 552 6
2dots_tau0
0 -7 3 -10 0
553 554 
NODE 553 7
2dots_tau0
0 12 -8 0 6
561 562 
NODE 561 8
2dots_tau0
0 15 -6 -10 -12
565 566 
LEAF 565 9
65 classes
4 0.0144749
6 0.117944
7 0.157016
10 0.00888033
14 0.118382
15 0.0191721
17 0.163867
18 0.0106043
19 0.0117206
20 0.0187378
21 0.00633476
24 0.0103024
42 0.0198741
44 0.0133103
51 0.00711299
55 0.0929583
56 0.124248
59 0.0785969
61 0.00646202
-1 -1
LEAF 566 9
65 classes
3 0.254214
10 0.0372744
17 0.091709
20 0.23595
24 0.172974
52 0.102544
56 0.0521521
59 0.0274919
62 0.0256901
-1 -1
NODE 562 8
2dots_tau0
0 -6 -4 -7 2
563 564 
LEAF 563 9
65 classes
3 0.351722
6 0.186804
7 0.056991
15 0.05567
20 0.272044
41 0.0767686
-1 -1
LEAF 564 9
65 classes
3 0.31175
6 0.0919856
15 0.287836
17 0.0468606
24 0.176769
41 0.0567034
59 0.0280951
-1 -1
NODE 554 7
2dots_tau0
0 -5 -5 0 8
555 556 
NODE 555 8
2dots_tau0
0 1 -5 -10 -12
559 560 
LEAF 559 9
65 classes
6 0.209967
11 0.0275333
13 0.0186178
14 0.0218015
15 0.0323653
17 0.51638
19 0.0158289
21 0.00427761
35 0.00446316
42 0.0134201
51 0.0144093
55 0.112091
59 0.00884555
-1 -1
LEAF 560 9
65 classes
3 0.0581891
7 0.0589288
12 0.0158036
14 0.206799
17 0.11808
19 0.112609
20 0.0337554
24 0.0742378
41 0.0317516
42 0.00795607
45 0.04346
47 0.0137968
50 0.0125065
51 0.0256275
52 0.13203
55 0.0159486
56 0.0149219
59 0.0235982
-1 -1
NODE 556 8
2dots_tau0
0 3 -1 14 -5
557 558 
LEAF 557 9
65 classes
0 0.0252804
1 0.0276173
4 0.0657291
5 0.106877
6 0.146065
7 0.0222811
17 0.0496069
20 0.0425431
22 0.0277338
24 0.0701735
28 0.181143
47 0.104332
55 0.060302
56 0.0564199
62 0.0138962
-1 -1
LEAF 558 9
65 classes
1 0.0173643
3 0.0345832
4 0.0619904
6 0.0459188
7 0.16811
14 0.0153632
15 0.0136844
17 0.296306
19 0.0334631
55 0.151658
56 0.124158
59 0.0373999
-1 -1
NODE 520 5
2dots_tau0
0 -10 0 -3 -8
521 522 
NODE 521 6
2dots_tau0
0 -1 -1 2 -11
537 538 
NODE 537 7
2dots_tau0
0 -15 -5 -8 -1
545 546 
NODE 545 8
2dots_tau0
0 6 -7 7 7
549 550 
LEAF 549 9
65 classes
1 0.220741
53 0.658763
55 0.120496
-1 -1
LEAF 550 9
65 classes
1 0.147233
17 0.132232
19 0.070934
20 0.170104
24 0.187054
44 0.0805549
53 0.0549238
59 0.0396396
61 0.117326
-1 -1
NODE 546 8
2dots_tau0
0 3 -7 -10 -3
547 548 
LEAF 547 9
65 classes
28 0.179151
30 0.411803
59 0.205902
61 0.203144
-1 -1
LEAF 548 9
65 classes
18 0.0911256
19 0.100718
20 0.322036
22 0.104967
44 0.0571892
45 0.207311
51 0.0611236
61 0.0555297
-1 -1
NODE 538 7
2dots_tau0
0 14 -2 -11 -1
539 540 
NODE 539 8
2dots_tau0
0 1 14 1 -10
543 544 
LEAF 543 9
65 classes
1 0.0490421
4 0.0583601
24 0.124612
35 0.0266484
39 0.0252095
40 0.0457726
48 0.0922689
52 0.098498
53 0.329305
56 0.150283
-1 -1
LEAF 544 9
65 classes
2 0.0799827
4 0.103977
40 0.0815509
47 0.0825218
49 0.32493
53 0.0651896
54 0.076174
61 0.185674
-1 -1
NODE 540 8
2dots_tau0
0 9 1 -7 4
541 542 
LEAF 541 9
65 classes
3 0.157233
5 0.0763793
19 0.0760701
24 0.267463
41 0.171592
47 0.0745607
53 0.176702
-1 -1
LEAF 542 9
65 classes
0 0.259709
5 0.274489
24 0.12015
47 0.133977
53 0.211675
-1 -1
NODE 522 6
2dots_tau0
0 -10 11 12 -10
523 524 
NODE 523 7
2dots_tau0
0 10 -4 -1 -7
531 532 
NODE 531 8
2dots_tau0
0 1 13 -12 2
535 536 
LEAF 535 9
65 classes
4 0.19056
6 0.282311
20 0.0616698
23 0.262238
27 0.0759202
41 0.0870136
62 0.0402875
-1 -1
LEAF 536 9
65 classes
6 0.463221
56 0.536779
-1 -1
NODE 532 8
2dots_tau0
0 -6 -1 11 -11
533 534 
LEAF 533 9
65 classes
3 0.320383
18 0.280482
27 0.305066
51 0.0940683
-1 -1
LEAF 534 9
65 classes
24 1
-1 -1
NODE 524 7
2dots_tau0
0 0 -15 15 14
525 526 
NODE 525 8
2dots_tau0
0 3 -8 1 -8
529 530 
LEAF 529 9
65 classes
1 0.120772
3 0.0240533
4 0.0862309
6 0.0212916
11 0.296883
13 0.0273749
24 0.0409162
27 0.0458066
37 0.0465484
40 0.0901761
45 0.023953
48 0.0227222
49 0.012832
54 0.0421152
56 0.0740179
62 0.0243075
-1 -1
LEAF 530 9
65 classes
1 0.104341
6 0.153291
11 0.116588
21 0.0362263
24 0.0294581
27 0.0659579
40 0.0324616
42 0.0568264
50 0.208432
52 0.0349271
54 0.0909639
56 0.0355267
62 0.0350009
-1 -1
NODE 526 8
2dots_tau0
0 -13 13 -1 14
527 528 
LEAF 527 9
65 classes
6 0.53856
18 0.0591824
24 0.0574975
30 0.0365539
47 0.0641143
56 0.208028
61 0.0360643
-1 -1
LEAF 528 9
65 classes
3 0.122107
4 0.0729588
11 0.0685059
18 0.0534496
21 0.0638589
23 0.133869
27 0.0581345
33 0.0544468
39 0.094547
48 0.0576749
56 0.187877
61 0.0325709
-1 -1
NODE 2 1
2dots_tau0
0 5 1 -1 7
3 4 
NODE 3 2
2dots_tau0
0 -12 6 -14 -4
259 260 
NODE 259 3
2dots_tau0
0 11 -13 -12 10
387 388 
NODE 387 4
2dots_tau0
0 -1 -1 3 -2
451 452 
NODE 451 5
2dots_tau0
0 -2 -15 0 -15
483 484 
NODE 483 6
2dots_tau0
0 -8 15 -9 1
499 500 
NODE 499 7
2dots_tau0
0 15 9 -12 -12
507 508 
NODE 507 8
2dots_tau0
0 -7 12 8 0
511 512 
LEAF 511 9
65 classes
2 0.063651
16 0.062925
27 0.0659333
28 0.0651546
32 0.0369403
37 0.201003
41 0.226702
49 0.0369403
51 0.203308
59 0.0374418
-1 -1
LEAF 512 9
65 classes
2 0.176682
5 0.0143644
10 0.0216787
16 0.120923
17 0.0133345
22 0.0149099
32 0.165639
33 0.0131852
37 0.0143062
41 0.0322706
48 0.0139669
49 0.0709882
54 0.0129437
55 0.024314
58 0.196313
59 0.0239839
61 0.0473255
63 0.0228714
-1 -1
NODE 508 8
2dots_tau0
0 4 -2 -14 -5
509 510 
LEAF 509 9
65 classes
2 0.139168
7 0.0613281
20 0.0585495
33 0.20252
49 0.201917
51 0.0889031
54 0.0662703
59 0.122795
63 0.0585495
-1 -1
LEAF 510 9
65 classes
5 0.233053
7 0.194343
15 0.189838
22 0.241903
51 0.140863
-1 -1
NODE 500 7
2dots_tau0
0 -13 1 5 -5
501 502 
NODE 501 8
2dots_tau0
0 8 0 11 -15
505 506 
LEAF 505 9
65 classes
19 0.21032
24 0.554616
59 0.235064
-1 -1
LEAF 506 9
65 classes
19 0.11154
20 0.17832
51 0.609223
54 0.100917
-1 -1
NODE 502 8
2dots_tau0
0 -2 4 -3 14
503 504 
LEAF 503 9
65 classes
15 0.0308129
17 0.0351151
19 0.0376741
27 0.185369
28 0.0366358
45 0.0387729
49 0.436196
55 0.106714
59 0.0210532
61 0.0415424
63 0.0301149
-1 -1
LEAF 504 9
65 classes
18 0.2206
32 0.134428
48 0.238039
49 0.134428
59 0.272506
-1 -1
NODE 484 6
2dots_tau0
0 2 -7 -5 -15
485 486 
NODE 485 7
2dots_tau0
0 0 14 13 -3
493 494 
NODE 493 8
2dots_tau0
0 -8 -14 3 2
497 498 
LEAF 497 9
65 classes
18 0.266764
33 0.271741
37 0.294844
42 0.166651
-1 -1
LEAF 498 9
65 classes
2 0.222095
16 0.0548903
19 0.038964
20 0.0233595
21 0.00526483
22 0.030456
27 0.0287573
32 0.26853
33 0.0538663
35 0.00549321
37 0.087669
39 0.0155898
45 0.0300753
48 0.00950999
49 0.0107412
51 0.0118232
54 0.0352531
61 0.00537059
63 0.0622919
-1 -1
NODE 494 8
2dots_tau0
0 10 -11 -4 -6
495 496 
LEAF 495 9
65 classes
2 0.0710728
6 0.00402591
10 0.00666869
16 0.0206653
17 0.0205094
19 0.00440079
22 0.0183459
24 0.00386831
27 0.00433066
32 0.33726
35 0.00248173
37 0.022004
46 0.362332
49 0.0606583
51 0.010683
54 0.035835
55 0.00997244
59 0.00245927
61 0.00242633
-1 -1
LEAF 496 9
65 classes
19 0.0546612
27 0.16137
32 0.693149
49 0.0602738
59 0.030546
-1 -1
NODE 486 7
2dots_tau0
0 -15 -10 -10 6
487 488 
NODE 487 8
2dots_tau0
0 0 11 9 9
491 492 
LEAF 491 9
65 classes
20 0.236729
22 0.308647
48 0.289128
59 0.165496
-1 -1
LEAF 492 9
65 classes
30 0.0699941
41 0.0706334
58 0.859372
-1 -1
NODE 488 8
2dots_tau0
0 -2 -5 -7 15
489 490 
LEAF 489 9
65 classes
11 0.198477
18 0.154856
35 0.289559
48 0.167097
59 0.0956461
61 0.0943652
-1 -1
LEAF 490 9
65 classes
7 0.444924
22 0.184603
35 0.0998877
48 0.172928
61 0.0976581
-1 -1
NODE 452 5
2dots_tau0
0 1 4 -12 -9
453 454 
NODE 453 6
2dots_tau0
0 7 5 -9 0
469 470 
NODE 469 7
2dots_tau0
0 10 15 9 -9
477 478 
NODE 477 8
2dots_tau0
0 1 -14 -7 -13
481 482 
LEAF 481 9
65 classes
2 0.118245
5 0.0208291
6 0.0379552
10 0.0314353
16 0.0194827
17 0.0193357
24 0.0364694
27 0.0204142
32 0.137249
35 0.0350956
37 0.0414895
41 0.116985
50 0.036863
55 0.0822653
61 0.0800618
63 0.165824
-1 -1
LEAF 482 9
65 classes
1 0.100389
24 0.0850268
41 0.65459
49 0.0533315
61 0.106663
-1 -1
NODE 478 8
2dots_tau0
0 3 -7 -5 2
479 480 
LEAF 479 9
65 classes
2 0.0607583
9 0.00948209
12 0.0564184
13 0.0107464
16 0.0858075
19 0.0228415
27 0.00449549
30 0.00765861
32 0.0755604
33 0.0210517
35 0.0103047
37 0.00913659
39 0.00243708
41 0.056676
46 0.376123
47 0.013433
49 0.0503736
54 0.0123997
55 0.033644
58 0.0626871
62 0.0143133
63 0.00365168
-1 -1
LEAF 480 9
65 classes
19 0.0916572
32 0.0505342
35 0.413504
41 0.103376
62 0.0478633
63 0.293066
-1 -1
NODE 470 7
2dots_tau0
0 4 0 13 -13
471 472 
NODE 471 8
2dots_tau0
0 15 -1 15 0
475 476 
LEAF 475 9
65 classes
0 0.058718
12 0.208182
35 0.0348554
41 0.139422
47 0.0605821
49 0.102232
55 0.0350153
62 0.0645526
63 0.29644
-1 -1
LEAF 476 9
65 classes
49 0.415906
53 0.584094
-1 -1
NODE 472 8
2dots_tau0
0 -5 -12 -15 -10
473 474 
LEAF 473 9
65 classes
12 0.348089
19 0.310039
49 0.341873
-1 -1
LEAF 474 9
65 classes
19 0.348169
47 0.17063
49 0.383918
59 0.0972825
-1 -1
NODE 454 6
2dots_tau0
0 -12 14 -8 6
455 456 
NODE 455 7
2dots_tau0
0 0 9 -5 -12
463 464 
NODE 463 8
2dots_tau0
0 8 -2 14 5
467 468 
LEAF 467 9
65 classes
20 0.0510544
22 0.0665646
28 0.124219
47 0.688626
55 0.036183
62 0.0333527
-1 -1
LEAF 468 9
65 classes
5 0.571497
16 0.267278
55 0.161225
-1 -1
NODE 464 8
2dots_tau0
0 0 0 -14 10
465 466 
LEAF 465 9
65 classes
17 0.169363
22 0.189372
28 0.0883488
47 0.3562
55 0.0514693
63 0.145247
-1 -1
LEAF 466 9
65 classes
61 1
-1 -1
NODE 456 7
2dots_tau0
0 -6 4 -8 -4
457 458 
NODE 457 8
2dots_tau0
0 0 8 15 5
461 462 
LEAF 461 9
65 classes
20 0.193025
35 0.136175
41 0.544701
62 0.126099
-1 -1
LEAF 462 9
65 classes
19 0.158455
41 0.357427
48 0.309394
61 0.174725
-1 -1
NODE 458 8
2dots_tau0
0 -10 -9 3 -15
459 460 
LEAF 459 9
65 classes
12 0.296372
28 0.2567
41 0.297725
42 0.149203
-1 -1
LEAF 460 9
65 classes
42 0.365747
47 0.634253
-1 -1
NODE 388 4
2dots_tau0
0 -1 2 -8 10
389 390 
NODE 389 5
2dots_tau0
0 12 3 11 -5
421 422 
NODE 421 6
2dots_tau0
0 1 10 -3 -10
437 438 
NODE 437 7
2dots_tau0
0 8 -7 -15 -14
445 446 
NODE 445 8
2dots_tau0
0 7 11 11 -2
449 450 
LEAF 449 9
65 classes
1 0.00635443
4 0.00756177
6 0.00560131
10 0.0881433
11 0.028401
12 0.020623
18 0.00553976
21 0.00330931
27 0.0843544
35 0.00345286
37 0.116335
40 0.0059308
41 0.0276229
47 0.030007
48 0.00597768
53 0.00474092
54 0.188352
55 0.0034687
58 0.336079
59 0.0102648
62 0.00319737
63 0.014683
-1 -1
LEAF 450 9
65 classes
11 0.0616301
12 0.0895037
16 0.14974
22 0.166167
37 0.0265733
47 0.13023
54 0.28851
55 0.0451624
63 0.0424829
-1 -1
NODE 446 8
2dots_tau0
0 -4 -3 10 -11
447 448 
LEAF 447 9
65 classes
6 0.147651
11 0.0311938
12 0.0302013
18 0.097352
20 0.08601
27 0.185299
37 0.0268999
41 0.121357
47 0.0527323
49 0.177972
55 0.0152392
62 0.0280942
-1 -1
LEAF 448 9
65 classes
5 0.0927099
15 0.0302075
17 0.0172125
18 0.0334163
20 0.221424
22 0.211707
28 0.161622
47 0.199105
49 0.0101815
51 0.0224144
-1 -1
NODE 438 7
2dots_tau0
0 0 4 -5 -6
439 440 
NODE 439 8
2dots_tau0
0 -7 -3 6 4
443 444 
LEAF 443 9
65 classes
18 0.299138
21 0.178697
28 0.321514
51 0.20065
-1 -1
LEAF 444 9
65 classes
6 0.0153534
15 0.027453
17 0.0625722
18 0.121477
22 0.122438
27 0.0495467
28 0.0163205
35 0.0094644
37 0.033566
40 0.0162565
47 0.1316
48 0.016385
49 0.0277594
51 0.0101853
54 0.0911078
55 0.0285234
59 0.0187575
63 0.201233
-1 -1
NODE 440 8
2dots_tau0
0 5 -15 14 -8
441 442 
LEAF 441 9
65 classes
1 0.164673
3 0.040996
11 0.0460002
17 0.0369738
18 0.394793
27 0.0390361
28 0.038575
35 0.0671099
45 0.0408252
54 0.0358903
63 0.0951267
-1 -1
LEAF 442 9
65 classes
15 0.163902
18 0.181313
27 0.197205
51 0.121618
59 0.335962
-1 -1
NODE 422 6
2dots_tau0
0 -6 -3 -13 8
423 424 
NODE 423 7
2dots_tau0
0 13 -9 -1 -15
431 432 
NODE 431 8
2dots_tau0
0 11 -3 -8 12
435 436 
LEAF 435 9
65 classes
12 0.604317
32 0.395683
-1 -1
LEAF 436 9
65 classes
12 0.79927
35 0.20073
-1 -1
NODE 432 8
2dots_tau0
0 11 -4 2 0
433 434 
LEAF 433 9
65 classes
12 0.676547
49 0.166116
62 0.157337
-1 -1
LEAF 434 9
65 classes
11 0.0503127
12 0.0974236
16 0.0407475
18 0.0392549
27 0.0853912
35 0.146803
41 0.146803
49 0.047842
62 0.06797
63 0.277452
-1 -1
NODE 424 7
2dots_tau0
0 -14 4 4 0
425 426 
NODE 425 8
2dots_tau0
0 7 -3 -10 -8
429 430 
LEAF 429 9
65 classes
5 0.129027
14 0.117995
28 0.124964
40 0.124474
47 0.125955
51 0.233961
59 0.143623
-1 -1
LEAF 430 9
65 classes
-1 -1
NODE 426 8
2dots_tau0
0 -8 12 -15 5
427 428 
LEAF 427 9
65 classes
5 0.0196452
12 0.0219669
16 0.0367507
22 0.0203912
27 0.288808
28 0.152211
32 0.0539365
35 0.0110336
37 0.0195656
47 0.15342
49 0.0107873
51 0.011874
53 0.0757479
62 0.0613029
63 0.0625594
-1 -1
LEAF 428 9
65 classes
2 0.0381888
15 0.0164389
16 0.0188766
17 0.0187341
20 0.032133
22 0.0837898
24 0.0176674
27 0.118674
28 0.175909
41 0.0680075
47 0.315209
49 0.0110816
51 0.0121979
54 0.0181852
55 0.0227732
63 0.032133
-1 -1
NODE 390 5
2dots_tau0
0 3 -10 6 14
391 392 
NODE 391 6
2dots_tau0
0 -9 10 -14 -14
407 408 
NODE 407 7
2dots_tau0
0 9 -7 -15 6
415 416 
NODE 415 8
2dots_tau0
0 -8 -4 15 -9
419 420 
LEAF 419 9
65 classes
0 0.0443205
5 0.0468428
12 0.157136
17 0.0434843
19 0.0466532
22 0.0972433
27 0.183639
28 0.0453674
40 0.135569
41 0.0526179
47 0.0457275
51 0.0283129
62 0.0730867
-1 -1
LEAF 420 9
65 classes
5 0.0936809
12 0.13967
17 0.0869642
19 0.0311005
22 0.0324128
41 0.0350769
47 0.304835
51 0.0754972
53 0.144486
54 0.0562772
-1 -1
NODE 416 8
2dots_tau0
0 -7 -5 14 7
417 418 
LEAF 417 9
65 classes
1 0.111209
19 0.0714382
27 0.281199
35 0.020143
40 0.103795
41 0.0805718
47 0.210062
48 0.034872
51 0.0867088
-1 -1
LEAF 418 9
65 classes
1 0.0178968
5 0.0692592
7 0.0433164
14 0.205847
22 0.053917
27 0.0169699
28 0.0167695
40 0.0334074
41 0.038899
47 0.0845128
51 0.0313964
53 0.0133525
54 0.374456
-1 -1
NODE 408 7
2dots_tau0
0 -9 -9 7 -13
409 410 
NODE 409 8
2dots_tau0
0 6 -7 -12 5
413 414 
LEAF 413 9
65 classes
12 0.340967
22 0.316509
41 0.342524
-1 -1
LEAF 414 9
65 classes
-1 -1
NODE 410 8
2dots_tau0
0 -8 1 4 2
411 412 
LEAF 411 9
65 classes
51 1
-1 -1
LEAF 412 9
65 classes
2 0.255903
51 0.326952
53 0.417145
-1 -1
NODE 392 6
2dots_tau0
0 -10 0 13 -3
393 394 
NODE 393 7
2dots_tau0
0 9 -15 5 13
401 402 
NODE 401 8
2dots_tau0
0 15 14 14 9
405 406 
LEAF 405 9
65 classes
28 0.245927
40 0.244963
51 0.306956
63 0.202154
-1 -1
LEAF 406 9
65 classes
4 0.214277
7 0.145273
19 0.173504
22 0.36165
51 0.105296
-1 -1
NODE 402 8
2dots_tau0
0 -1 5 -9 11
403 404 
LEAF 403 9
65 classes
15 0.1492
24 0.320701
40 0.530099
-1 -1
LEAF 404 9
65 classes
1 0.0570698
5 0.0138035
7 0.0345321
10 0.0937451
12 0.0154348
14 0.0126232
17 0.0128138
18 0.0124383
19 0.0137476
20 0.0219783
22 0.0143277
24 0.108758
27 0.121757
28 0.320849
35 0.00775264
39 0.00733403
40 0.0133163
47 0.0673741
48 0.0268431
49 0.0151592
51 0.00834313
-1 -1
NODE 394 7
2dots_tau0
0 12 -10 6 2
395 396 
NODE 395 8
2dots_tau0
0 11 -13 -14 -1
399 400 
LEAF 399 9
65 classes
14 0.224802
48 0.478038
51 0.297159
-1 -1
LEAF 400 9
65 classes
14 0.484674
48 0.515326
-1 -1
NODE 396 8
2dots_tau0
0 -14 11 2 -11
397 398 
LEAF 397 9
65 classes
7 0.0434983
10 0.590429
28 0.101039
39 0.0554298
47 0.0509206
48 0.0507194
51 0.0315283
54 0.0470037
55 0.0294312
-1 -1
LEAF 398 9
65 classes
5 0.249721
27 0.244747
41 0.280509
54 0.225023
-1 -1
NODE 260 3
2dots_tau0
0 4 14 11 -1
261 262 
NODE 261 4
2dots_tau0
0 -11 3 -2 -6
325 326 
NODE 325 5
2dots_tau0
0 7 15 -12 13
357 358 
NODE 357 6
2dots_tau0
0 0 10 -4 -15
373 374 
NODE 373 7
2dots_tau0
0 6 -3 -13 -7
381 382 
NODE 381 8
2dots_tau0
0 13 -2 -11 14
385 386 
LEAF 385 9
65 classes
4 0.231022
15 0.101996
20 0.0996858
37 0.062354
47 0.0611169
48 0.121751
49 0.0343782
53 0.0482804
54 0.169247
55 0.0353244
59 0.0348449
-1 -1
LEAF 386 9
65 classes
2 0.0281148
4 0.109648
11 0.102956
15 0.0242048
17 0.0275844
18 0.026776
24 0.0260137
27 0.145615
28 0.028779
40 0.0286661
41 0.133513
42 0.0334547
47 0.0870221
48 0.0866781
53 0.0687447
54 0.026776
62 0.0154542
-1 -1
NODE 382 8
2dots_tau0
0 -7 3 9 1
383 384 
LEAF 383 9
65 classes
15 0.0968878
20 0.189386
24 0.104129
41 0.267216
51 0.143784
59 0.198598
-1 -1
LEAF 384 9
65 classes
2 0.063899
5 0.112559
7 0.0187726
10 0.0169875
15 0.0366749
20 0.322597
22 0.0233667
24 0.335034
33 0.0206639
49 0.0494456
-1 -1
NODE 374 7
2dots_tau0
0 15 -10 3 4
375 376 
NODE 375 8
2dots_tau0
0 -7 3 -2 3
379 380 
LEAF 379 9
65 classes
7 0.138128
22 0.515795
47 0.161698
59 0.184379
-1 -1
LEAF 380 9
65 classes
1 0.130267
22 0.392451
28 0.122061
42 0.141893
55 0.213328
-1 -1
NODE 376 8
2dots_tau0
0 -8 -8 11 7
377 378 
LEAF 377 9
65 classes
3 0.0367552
6 0.0325351
22 0.0370653
28 0.0691692
41 0.722013
42 0.0402036
48 0.0347213
53 0.0275376
-1 -1
LEAF 378 9
65 classes
3 0.159121
4 0.152119
7 0.0515659
17 0.114807
20 0.196918
24 0.054135
27 0.0303027
28 0.0598896
41 0.104191
55 0.0523347
63 0.0246148
-1 -1
NODE 358 6
2dots_tau0
0 -15 10 -5 -13
359 360 
NODE 359 7
2dots_tau0
0 13 8 8 -1
367 368 
NODE 367 8
2dots_tau0
0 9 12 7 4
371 372 
LEAF 371 9
65 classes
5 0.122802
7 0.102404
14 0.112302
15 0.200062
47 0.239756
51 0.222673
-1 -1
LEAF 372 9
65 classes
15 0.516498
28 0.307052
59 0.176451
-1 -1
NODE 368 8
2dots_tau0
0 9 2 -15 -7
369 370 
LEAF 369 9
65 classes
15 0.184155
17 0.0699556
20 0.0599943
27 0.0738575
47 0.147129
53 0.464909
-1 -1
LEAF 370 9
65 classes
2 0.224106
15 0.385878
24 0.207358
53 0.182657
-1 -1
NODE 360 7
2dots_tau0
0 14 0 2 -7
361 362 
NODE 361 8
2dots_tau0
0 5 5 6 9
365 366 
LEAF 365 9
65 classes
15 0.375854
20 0.36734
59 0.256806
-1 -1
LEAF 366 9
65 classes
22 0.228641
24 0.771359
-1 -1
NODE 362 8
2dots_tau0
0 2 0 -2 -4
363 364 
LEAF 363 9
65 classes
15 0.0502894
27 0.0605076
41 0.554791
42 0.0695076
47 0.120535
53 0.0952189
63 0.0491502
-1 -1
LEAF 364 9
65 classes
41 1
-1 -1
NODE 326 5
2dots_tau0
0 -15 0 -15 -13
327 328 
NODE 327 6
2dots_tau0
0 -3 -3 -11 4
343 344 
NODE 343 7
2dots_tau0
0 1 -6 10 -12
351 352 
NODE 351 8
2dots_tau0
0 -1 9 12 -8
355 356 
LEAF 355 9
65 classes
0 0.00595016
2 0.00595016
3 0.142406
5 0.0188664
6 0.0687574
11 0.0145262
12 0.014064
16 0.0176469
18 0.402344
19 0.00626333
20 0.0100132
27 0.0616351
28 0.0121814
32 0.00345322
35 0.0105962
37 0.03758
41 0.0353206
45 0.00644601
48 0.0672627
49 0.0172661
51 0.0114033
59 0.00350009
62 0.0065414
63 0.0200264
-1 -1
LEAF 356 9
65 classes
2 0.0929735
5 0.0196529
6 0.017906
7 0.0163886
16 0.404417
17 0.0364877
20 0.0312921
27 0.0192614
28 0.133238
37 0.0195734
41 0.0662277
48 0.0573275
49 0.0107916
51 0.0118787
63 0.0625841
-1 -1
NODE 352 8
2dots_tau0
0 2 -9 2 6
353 354 
LEAF 353 9
65 classes
2 0.651057
3 0.0321938
16 0.0585119
18 0.0563686
19 0.0311511
28 0.0302926
42 0.12325
61 0.0171748
-1 -1
LEAF 354 9
65 classes
2 0.0508417
3 0.0276545
4 0.0330471
5 0.0268676
15 0.0218855
16 0.0251309
18 0.0242103
19 0.0535176
20 0.149728
27 0.0526647
32 0.0442595
35 0.03018
41 0.3018
49 0.0147532
55 0.0151592
59 0.0149534
61 0.0295063
62 0.0838404
-1 -1
NODE 344 7
2dots_tau0
0 0 -15 4 -10
345 346 
NODE 345 8
2dots_tau0
0 -9 -10 -8 -13
349 350 
LEAF 349 9
65 classes
3 0.295816
5 0.287398
18 0.258974
49 0.157812
-1 -1
LEAF 350 9
65 classes
3 0.705668
5 0.114265
56 0.12064
62 0.0594273
-1 -1
NODE 346 8
2dots_tau0
0 -14 -1 8 4
347 348 
LEAF 347 9
65 classes
2 0.29279
16 0.434176
20 0.12318
28 0.149853
-1 -1
LEAF 348 9
65 classes
11 0.265958
20 0.18333
24 0.201598
37 0.229348
62 0.119765
-1 -1
NODE 328 6
2dots_tau0
0 -2 -13 2 10
329 330 
NODE 329 7
2dots_tau0
0 2 12 -3 -14
337 338 
NODE 337 8
2dots_tau0
0 -10 13 2 -8
341 342 
LEAF 341 9
65 classes
15 0.610323
62 0.389677
-1 -1
LEAF 342 9
65 classes
2 0.0757954
4 0.049267
15 0.0326272
16 0.0374654
18 0.36093
19 0.0398923
27 0.0785132
37 0.0398923
41 0.134978
55 0.0451991
62 0.0416634
63 0.0637761
-1 -1
NODE 338 8
2dots_tau0
0 -15 13 -1 -12
339 340 
LEAF 339 9
65 classes
44 0.144801
48 0.37345
49 0.0702997
51 0.309526
63 0.101923
-1 -1
LEAF 340 9
65 classes
3 0.14517
13 0.0110145
16 0.0351794
18 0.144036
19 0.0280937
20 0.0074856
27 0.00921533
35 0.0105619
39 0.00999157
41 0.0528093
42 0.0370511
44 0.0106347
47 0.00917877
55 0.0106103
62 0.127144
63 0.351823
-1 -1
NODE 330 7
2dots_tau0
0 -15 7 -15 -2
331 332 
NODE 331 8
2dots_tau0
0 5 -13 -10 0
335 336 
LEAF 335 9
65 classes
3 0.0232071
5 0.0450934
6 0.16434
12 0.0504227
16 0.0843573
18 0.0812673
20 0.0179498
28 0.0218366
35 0.0126632
37 0.0224554
41 0.126632
48 0.175383
49 0.0990445
51 0.0136277
54 0.0203168
62 0.0234524
63 0.0179498
-1 -1
LEAF 336 9
65 classes
18 0.213262
19 0.117855
27 0.115977
41 0.132924
49 0.259913
59 0.0658604
63 0.094208
-1 -1
NODE 332 8
2dots_tau0
0 2 0 15 -3
333 334 
LEAF 333 9
65 classes
0 0.00897508
2 0.0628256
3 0.00976369
4 0.0233352
5 0.00948586
6 0.051856
11 0.021911
12 0.0106069
15 0.00772689
16 0.062109
18 0.145311
20 0.0981741
24 0.00830435
28 0.00918709
33 0.0174143
35 0.00532768
37 0.00944746
41 0.0958982
42 0.0106797
48 0.00922341
49 0.0729226
51 0.0229339
54 0.0085477
55 0.0374648
59 0.00527946
62 0.167737
63 0.00755185
-1 -1
LEAF 334 9
65 classes
3 0.302735
5 0.14706
37 0.146465
48 0.142992
51 0.177773
55 0.0829745
-1 -1
NODE 262 4
2dots_tau0
0 11 -13 6 5
263 264 
NODE 263 5
2dots_tau0
0 5 -9 -11 -11
295 296 
NODE 295 6
2dots_tau0
0 1 -9 -13 -7
311 312 
NODE 311 7
2dots_tau0
0 2 2 12 3
319 320 
NODE 319 8
2dots_tau0
0 2 13 0 -8
323 324 
LEAF 323 9
65 classes
16 0.202705
32 0.118999
53 0.167121
54 0.390561
59 0.120614
-1 -1
LEAF 324 9
65 classes
12 0.021179
13 0.0665625
15 0.0154284
16 0.070865
18 0.0170673
19 0.0188639
20 0.0753944
22 0.0393196
28 0.09172
32 0.052002
39 0.0301903
42 0.0106622
47 0.0184896
49 0.0832032
54 0.0170673
55 0.331286
59 0.0105416
63 0.0301578
-1 -1
NODE 320 8
2dots_tau0
0 2 -14 13 -15
321 322 
LEAF 321 9
65 classes
2 0.0577782
11 0.0705274
16 0.114238
27 0.0598499
37 0.121638
47 0.0596124
55 0.482368
59 0.0339872
-1 -1
LEAF 322 9
65 classes
15 0.0299006
17 0.204452
21 0.276629
27 0.035976
39 0.0195032
49 0.0403124
55 0.372797
59 0.0204298
-1 -1
NODE 312 7
2dots_tau0
0 -6 4 -14 9
313 314 
NODE 313 8
2dots_tau0
0 5 4 -14 -3
317 318 
LEAF 317 9
65 classes
21 0.154761
39 0.305511
47 0.280658
54 0.259069
-1 -1
LEAF 318 9
65 classes
42 0.482228
51 0.517773
-1 -1
NODE 314 8
2dots_tau0
0 8 7 -9 7
315 316 
LEAF 315 9
65 classes
2 0.21356
5 0.150476
17 0.0698434
22 0.31238
49 0.0413136
51 0.0454754
55 0.0424507
59 0.0418744
61 0.0826273
-1 -1
LEAF 316 9
65 classes
15 0.236307
22 0.602234
59 0.161459
-1 -1
NODE 296 6
2dots_tau0
0 1 -4 0 -4
297 298 
NODE 297 7
2dots_tau0
0 14 -11 -7 -10
305 306 
NODE 305 8
2dots_tau0
0 10 1 0 8
309 310 
LEAF 309 9
65 classes
14 0.199866
22 0.680558
39 0.0580606
42 0.061515
-1 -1
LEAF 310 9
65 classes
5 0.511062
22 0.265235
24 0.223703
-1 -1
NODE 306 8
2dots_tau0
0 -1 1 3 -13
307 308 
LEAF 307 9
65 classes
22 0.0564277
24 0.0475921
32 0.0895539
42 0.0306027
51 0.0328584
58 0.742965
-1 -1
LEAF 308 9
65 classes
45 1
-1 -1
NODE 298 7
2dots_tau0
0 -11 -14 -3 4
299 300 
NODE 299 8
2dots_tau0
0 -14 6 -2 15
303 304 
LEAF 303 9
65 classes
1 0.167064
7 0.0539135
15 0.0263319
21 0.0348019
22 0.167769
44 0.018281
48 0.0314318
51 0.058616
58 0.441791
-1 -1
LEAF 304 9
65 classes
15 0.431814
22 0.275122
32 0.145544
59 0.14752
-1 -1
NODE 300 8
2dots_tau0
0 9 0 -10 6
301 302 
LEAF 301 9
65 classes
14 0.180503
22 0.819497
-1 -1
LEAF 302 9
65 classes
-1 -1
NODE 264 5
2dots_tau0
0 -12 -10 -6 2
265 266 
NODE 265 6
2dots_tau0
0 -8 0 15 3
281 282 
NODE 281 7
2dots_tau0
0 5 15 -9 6
289 290 
NODE 289 8
2dots_tau0
0 -8 2 4 -14
293 294 
LEAF 293 9
65 classes
15 0.456835
28 0.543165
-1 -1
LEAF 294 9
65 classes
5 0.117692
19 0.117216
24 0.206066
48 0.114436
54 0.106052
62 0.24484
63 0.0936968
-1 -1
NODE 290 8
2dots_tau0
0 10 0 -3 1
291 292 
LEAF 291 9
65 classes
15 0.237902
17 0.0903727
20 0.465025
32 0.106914
45 0.0997866
-1 -1
LEAF 292 9
65 classes
15 0.311104
17 0.354542
24 0.334354
-1 -1
NODE 282 7
2dots_tau0
0 -15 -7 11 10
283 284 
NODE 283 8
2dots_tau0
0 5 11 -7 6
287 288 
LEAF 287 9
65 classes
2 0.0190762
5 0.0201619
6 0.0551091
11 0.0116428
13 0.0118091
15 0.0492698
17 0.0467908
18 0.0181678
22 0.0941738
28 0.449118
51 0.042652
54 0.127175
55 0.0227515
63 0.0321024
-1 -1
LEAF 288 9
65 classes
13 0.0424605
15 0.560985
22 0.11287
28 0.105316
47 0.0353838
51 0.0657252
53 0.0279521
55 0.0204512
63 0.0288567
-1 -1
NODE 284 8
2dots_tau0
0 3 -14 -1 -8
285 286 
LEAF 285 9
65 classes
3 0.017015
4 0.0609986
5 0.0165308
7 0.013785
11 0.0190919
13 0.0193646
15 0.0673274
17 0.199492
18 0.0148959
20 0.157925
22 0.0343171
24 0.0578872
28 0.0320203
53 0.0509915
54 0.0893752
55 0.139905
61 0.00907717
-1 -1
LEAF 286 9
65 classes
4 0.0178718
6 0.0132384
13 0.0340415
15 0.106521
17 0.107905
18 0.0392786
20 0.127242
22 0.0150817
27 0.0142405
28 0.0140723
41 0.0163213
49 0.0957417
54 0.0654644
55 0.270536
59 0.0161736
63 0.04627
-1 -1
NODE 266 6
2dots_tau0
0 -1 8 -7 -9
267 268 
NODE 267 7
2dots_tau0
0 -7 9 13 13
275 276 
NODE 275 8
2dots_tau0
0 -3 8 -5 -15
279 280 
LEAF 279 9
65 classes
12 0.430069
18 0.115525
37 0.127686
49 0.211195
54 0.115525
-1 -1
LEAF 280 9
65 classes
33 0.239701
49 0.286786
51 0.473513
-1 -1
NODE 276 8
2dots_tau0
0 7 10 0 5
277 278 
LEAF 277 9
65 classes
2 0.112012
4 0.0485384
11 0.182304
12 0.0441258
16 0.0369113
18 0.106678
27 0.116028
30 0.0219631
32 0.0216689
49 0.216689
54 0.0711185
59 0.0219631
-1 -1
LEAF 278 9
65 classes
2 0.0380809
6 0.0366705
12 0.0450047
18 0.0362675
20 0.0320422
27 0.0394464
28 0.116941
32 0.044201
49 0.110503
55 0.340632
63 0.160211
-1 -1
NODE 268 7
2dots_tau0
0 15 0 -1 2
269 270 
NODE 269 8
2dots_tau0
0 -10 9 -5 -8
273 274 
LEAF 273 9
65 classes
7 0.275184
49 0.724816
-1 -1
LEAF 274 9
65 classes
6 0.311931
18 0.205669
20 0.181707
27 0.111848
49 0.125329
59 0.0635154
-1 -1
NODE 270 8
2dots_tau0
0 -14 1 12 6
271 272 
LEAF 271 9
65 classes
59 1
-1 -1
LEAF 272 9
65 classes
15 0.122018
18 0.134979
27 0.29362
49 0.246759
59 0.0833696
63 0.119254
-1 -1
NODE 4 2
2dots_tau0
0 4 2 2 7
5 6 
NODE 5 3
2dots_tau0
0 10 -5 6 15
133 134 
NODE 133 4
2dots_tau0
0 15 -6 -3 -1
197 198 
NODE 197 5
2dots_tau0
0 15 -15 3 -15
229 230 
NODE 229 6
2dots_tau0
0 4 -11 14 8
245 246 
NODE 245 7
2dots_tau0
0 -12 12 4 -3
253 254 
NODE 253 8
2dots_tau0
0 -2 12 15 8
257 258 
LEAF 257 9
65 classes
24 0.748027
33 0.156862
59 0.0951111
-1 -1
LEAF 258 9
65 classes
14 0.389728
24 0.373085
59 0.237187
-1 -1
NODE 254 8
2dots_tau0
0 -6 -1 1 -9
255 256 
LEAF 255 9
65 classes
-1 -1
LEAF 256 9
65 classes
2 0.0973344
16 0.577345
21 0.110752
27 0.100824
32 0.0564887
59 0.0572555
-1 -1
NODE 246 7
2dots_tau0
0 0 -11 5 8
247 248 
NODE 247 8
2dots_tau0
0 -14 -2 -1 -8
251 252 
LEAF 251 9
65 classes
14 0.602071
51 0.397929
-1 -1
LEAF 252 9
65 classes
14 0.56342
48 0.199684
49 0.112768
51 0.124128
-1 -1
NODE 248 8
2dots_tau0
0 -3 -13 10 -3
249 250 
LEAF 249 9
65 classes
20 0.568436
51 0.431564
-1 -1
LEAF 250 9
65 classes
2 0.142519
16 0.140893
32 0.537626
42 0.0423968
51 0.136566
-1 -1
NODE 230 6
2dots_tau0
0 -1 -4 12 10
231 232 
NODE 231 7
2dots_tau0
0 0 0 2 14
239 240 
NODE 239 8
2dots_tau0
0 -6 -5 0 -7
243 244 
LEAF 243 9
65 classes
49 0.496629
59 0.503371
-1 -1
LEAF 244 9
65 classes
5 0.161213
16 0.301585
32 0.177046
35 0.271633
49 0.0885232
-1 -1
NODE 240 8
2dots_tau0
0 -10 13 4 9
241 242 
LEAF 241 9
65 classes
-1 -1
LEAF 242 9
65 classes
33 0.485605
48 0.514395
-1 -1
NODE 232 7
2dots_tau0
0 -8 -3 -14 -4
233 234 
NODE 233 8
2dots_tau0
0 9 -14 -2 -11
237 238 
LEAF 237 9
65 classes
32 0.645008
51 0.354992
-1 -1
LEAF 238 9
65 classes
22 1
-1 -1
NODE 234 8
2dots_tau0
0 -11 -9 3 -13
235 236 
LEAF 235 9
65 classes
14 0.602071
51 0.397929
-1 -1
LEAF 236 9
65 classes
5 0.672872
48 0.327128
-1 -1
NODE 198 5
2dots_tau0
0 5 -2 1 -3
199 200 
NODE 199 6
2dots_tau0
0 -2 9 -12 12
215 216 
NODE 215 7
2dots_tau0
0 0 8 15 6
223 224 
NODE 223 8
2dots_tau0
0 5 -15 -13 -14
227 228 
LEAF 227 9
65 classes
15 0.022589
20 0.0441545
24 0.0485543
27 0.0271788
32 0.197956
33 0.0509095
35 0.171326
41 0.0311501
59 0.0308682
63 0.375314
-1 -1
LEAF 228 9
65 classes
0 0.179522
5 0.0632462
11 0.073045
12 0.0707208
15 0.206074
20 0.0503514
27 0.0619864
41 0.0710437
49 0.034729
51 0.0382275
63 0.151054
-1 -1
NODE 224 8
2dots_tau0
0 -11 10 -1 -1
225 226 
LEAF 225 9
65 classes
5 0.308989
12 0.691011
-1 -1
LEAF 226 9
65 classes
32 0.663664
59 0.336336
-1 -1
NODE 216 7
2dots_tau0
0 0 -11 15 -14
217 218 
NODE 217 8
2dots_tau0
0 9 6 -15 -10
221 222 
LEAF 221 9
65 classes
5 0.50503
27 0.49497
-1 -1
LEAF 222 9
65 classes
5 0.329606
19 0.328272
22 0.342123
-1 -1
NODE 218 8
2dots_tau0
0 -14 -12 -7 -15
219 220 
LEAF 219 9
65 classes
19 0.215458
51 0.784542
-1 -1
LEAF 220 9
65 classes
15 1
-1 -1
NODE 200 6
2dots_tau0
0 14 -1 -1 -3
201 202 
NODE 201 7
2dots_tau0
0 -1 13 -14 7
209 210 
NODE 209 8
2dots_tau0
0 4 4 -11 8
213 214 
LEAF 213 9
65 classes
20 0.164246
27 0.606597
35 0.115872
49 0.113286
-1 -1
LEAF 214 9
65 classes
-1 -1
NODE 210 8
2dots_tau0
0 -7 5 6 -5
211 212 
LEAF 211 9
65 classes
-1 -1
LEAF 212 9
65 classes
32 0.40819
63 0.59181
-1 -1
NODE 202 7
2dots_tau0
0 -3 -14 -8 7
203 204 
NODE 203 8
2dots_tau0
0 15 15 14 -7
207 208 
LEAF 207 9
65 classes
15 0.0392231
20 0.0766692
22 0.0499805
27 0.0943855
28 0.0466354
32 0.132203
35 0.0270443
41 0.0540885
42 0.0271061
48 0.0936394
49 0.0264406
51 0.0873124
59 0.053599
63 0.191673
-1 -1
LEAF 208 9
65 classes
0 0.0694534
15 0.119589
16 0.0686611
27 0.0719437
28 0.035547
30 0.0408549
32 0.282154
33 0.0336901
35 0.020614
37 0.0365544
41 0.0824561
44 0.0415124
48 0.0356875
59 0.0612824
-1 -1
NODE 204 8
2dots_tau0
0 2 13 15 -8
205 206 
LEAF 205 9
65 classes
0 0.0792619
12 0.0936732
15 0.0682387
20 0.0666929
21 0.0450943
35 0.141151
37 0.0834336
48 0.32582
49 0.0460002
51 0.0506341
-1 -1
LEAF 206 9
65 classes
15 0.218072
32 0.404261
49 0.036751
59 0.0744998
63 0.266415
-1 -1
NODE 134 4
2dots_tau0
0 1 -11 11 3
135 136 
NODE 135 5
2dots_tau0
0 1 14 -15 -10
167 168 
NODE 167 6
2dots_tau0
0 -10 -5 -1 5
183 184 
NODE 183 7
2dots_tau0
0 -4 6 1 7
191 192 
NODE 191 8
2dots_tau0
0 4 -9 5 9
195 196 
LEAF 195 9
65 classes
19 0.254024
27 0.249976
48 0.496
-1 -1
LEAF 196 9
65 classes
3 0.756122
19 0.243878
-1 -1
NODE 192 8
2dots_tau0
0 -6 8 14 10
193 194 
LEAF 193 9
65 classes
35 0.65016
51 0.34984
-1 -1
LEAF 194 9
65 classes
5 0.388085
48 0.377348
51 0.234567
-1 -1
NODE 184 7
2dots_tau0
0 -5 -4 15 15
185 186 
NODE 185 8
2dots_tau0
0 6 -5 15 -5
189 190 
LEAF 189 9
65 classes
0 0.226187
12 0.022276
15 0.0324551
18 0.0359027
19 0.0595229
20 0.0158599
24 0.0872014
32 0.0656346
35 0.0559443
41 0.0671331
51 0.0120411
58 0.272262
63 0.0475798
-1 -1
LEAF 190 9
65 classes
3 0.0684272
6 0.0605708
15 0.0541527
18 0.239621
24 0.116399
27 0.130312
35 0.0373381
41 0.224029
62 0.0691506
-1 -1
NODE 186 8
2dots_tau0
0 -6 -12 -10 -14
187 188 
LEAF 187 9
65 classes
2 0.033115
3 0.0720493
12 0.0391359
15 0.0285096
16 0.0654745
18 0.0946142
19 0.0348579
24 0.214481
32 0.115311
37 0.0697157
41 0.0393146
48 0.102094
51 0.0634636
63 0.0278637
-1 -1
LEAF 188 9
65 classes
3 0.0557847
10 0.0136325
15 0.103011
16 0.0506941
18 0.0976743
19 0.0179926
24 0.205603
37 0.125948
48 0.281055
49 0.0198401
63 0.0287649
-1 -1
NODE 168 6
2dots_tau0
0 -6 7 -4 -5
169 170 
NODE 169 7
2dots_tau0
0 0 7 -8 -11
177 178 
NODE 177 8
2dots_tau0
0 0 4 12 -2
181 182 
LEAF 181 9
65 classes
2 0.0811549
5 0.25732
7 0.0715263
24 0.15018
35 0.144522
51 0.103687
55 0.0483951
59 0.143214
-1 -1
LEAF 182 9
65 classes
16 0.49031
48 0.50969
-1 -1
NODE 178 8
2dots_tau0
0 12 5 -2 2
179 180 
LEAF 179 9
65 classes
3 0.26864
5 0.260995
18 0.470365
-1 -1
LEAF 180 9
65 classes
18 0.184194
19 0.203583
22 0.212173
51 0.12355
59 0.113767
63 0.162734
-1 -1
NODE 170 7
2dots_tau0
0 -11 -12 5 1
171 172 
NODE 171 8
2dots_tau0
0 -9 -11 11 0
175 176 
LEAF 175 9
65 classes
51 0.387509
63 0.612491
-1 -1
LEAF 176 9
65 classes
-1 -1
NODE 172 8
2dots_tau0
0 7 15 -12 6
173 174 
LEAF 173 9
65 classes
18 0.176007
24 0.512989
63 0.311003
-1 -1
LEAF 174 9
65 classes
16 0.37006
63 0.62994
-1 -1
NODE 136 5
2dots_tau0
0 14 1 2 10
137 138 
NODE 137 6
2dots_tau0
0 12 -12 -6 10
153 154 
NODE 153 7
2dots_tau0
0 10 13 2 13
161 162 
NODE 161 8
2dots_tau0
0 6 5 0 3
165 166 
LEAF 165 9
65 classes
19 0.167522
32 0.277084
39 0.0893692
41 0.18894
61 0.277084
-1 -1
LEAF 166 9
65 classes
2 0.111057
10 0.0442866
20 0.0934461
24 0.0513787
32 0.193358
35 0.0659243
37 0.175353
44 0.066379
49 0.0644528
51 0.0354728
55 0.0662267
59 0.0326639
-1 -1
NODE 162 8
2dots_tau0
0 -3 10 -15 3
163 164 
LEAF 163 9
65 classes
37 0.783902
49 0.216098
-1 -1
LEAF 164 9
65 classes
35 1
-1 -1
NODE 154 7
2dots_tau0
0 5 0 15 -8
155 156 
NODE 155 8
2dots_tau0
0 3 2 11 -15
159 160 
LEAF 159 9
65 classes
7 0.0715212
10 0.0647201
18 0.386424
24 0.0750845
35 0.0963413
37 0.08542
54 0.0772848
59 0.143204
-1 -1
LEAF 160 9
65 classes
44 0.635678
48 0.364322
-1 -1
NODE 156 8
2dots_tau0
0 -2 8 -4 -15
157 158 
LEAF 157 9
65 classes
44 0.50567
49 0.245499
59 0.248831
-1 -1
LEAF 158 9
65 classes
-1 -1
NODE 138 6
2dots_tau0
0 -1 10 -1 -10
139 140 
NODE 139 7
2dots_tau0
0 8 5 -10 10
147 148 
NODE 147 8
2dots_tau0
0 -10 10 3 14
151 152 
LEAF 151 9
65 classes
15 0.590786
55 0.409214
-1 -1
LEAF 152 9
65 classes
1 0.0158578
3 0.0157914
5 0.0306841
7 0.0127937
10 0.104194
11 0.017719
12 0.0343104
15 0.0624859
18 0.0138247
20 0.170997
24 0.161174
32 0.0421222
37 0.0916797
48 0.0149176
49 0.126367
54 0.0691236
62 0.0159583
-1 -1
NODE 148 8
2dots_tau0
0 -1 2 7 -10
149 150 
LEAF 149 9
65 classes
1 0.10099
7 0.162954
10 0.368646
20 0.0777855
37 0.194621
48 0.0950028
-1 -1
LEAF 150 9
65 classes
5 0.2837
37 0.282552
48 0.275851
59 0.157897
-1 -1
NODE 140 7
2dots_tau0
0 -15 0 7 -1
141 142 
NODE 141 8
2dots_tau0
0 -2 7 11 -10
145 146 
LEAF 145 9
65 classes
18 1
-1 -1
LEAF 146 9
65 classes
-1 -1
NODE 142 8
2dots_tau0
0 -1 -13 9 -4
143 144 
LEAF 143 9
65 classes
18 0.475
37 0.525
-1 -1
LEAF 144 9
65 classes
18 0.261787
37 0.578687
61 0.159526
-1 -1
NODE 6 3
2dots_tau0
0 10 0 11 -6
7 8 
NODE 7 4
2dots_tau0
0 -9 -4 -5 14
71 72 
NODE 71 5
2dots_tau0
0 3 14 9 -5
103 104 
NODE 103 6
2dots_tau0
0 0 7 -7 15
119 120 
NODE 119 7
2dots_tau0
0 9 13 -6 4
127 128 
NODE 127 8
2dots_tau0
0 -2 -15 -13 -10
131 132 
LEAF 131 9
65 classes
6 0.0598987
15 0.0178506
18 0.0789873
20 0.0697849
24 0.230216
27 0.0214776
33 0.0201152
35 0.0123079
37 0.0218254
41 0.0738477
47 0.106962
48 0.0213078
49 0.0120332
51 0.0132454
59 0.0121966
62 0.227944
-1 -1
LEAF 132 9
65 classes
5 0.0455297
10 0.0171784
15 0.0741742
18 0.0615401
19 0.0453453
20 0.235605
24 0.179364
27 0.0223114
28 0.0440957
33 0.0208961
45 0.023334
47 0.0222228
49 0.075002
51 0.0275192
54 0.0205134
59 0.0380101
62 0.0473586
-1 -1
NODE 128 8
2dots_tau0
0 13 6 0 -3
129 130 
LEAF 129 9
65 classes
3 0.303651
5 0.0737527
15 0.18023
33 0.0676984
35 0.0414227
37 0.0734541
40 0.0711497
45 0.0755965
47 0.0719967
59 0.0410479
-1 -1
LEAF 130 9
65 classes
12 0.165485
18 0.0571535
27 0.020721
33 0.0194066
35 0.0237487
40 0.0203959
41 0.0474974
47 0.0206388
58 0.577885
59 0.0470676
-1 -1
NODE 120 7
2dots_tau0
0 -5 9 12 10
121 122 
NODE 121 8
2dots_tau0
0 -14 -5 0 -9
125 126 
LEAF 125 9
65 classes
10 0.730579
59 0.269422
-1 -1
LEAF 126 9
65 classes
3 0.393074
49 0.209698
62 0.397229
-1 -1
NODE 122 8
2dots_tau0
0 -5 9 0 0
123 124 
LEAF 123 9
65 classes
-1 -1
LEAF 124 9
65 classes
7 0.3791
18 0.13655
28 0.146764
44 0.0856968
59 0.168679
61 0.0832101
-1 -1
NODE 104 6
2dots_tau0
0 3 -5 -15 11
105 106 
NODE 105 7
2dots_tau0
0 14 -2 10 12
113 114 
NODE 113 8
2dots_tau0
0 2 -7 -6 8
117 118 
LEAF 117 9
65 classes
0 0.0518845
12 0.0613181
15 0.35735
21 0.0885557
22 0.113839
33 0.0503357
35 0.0923971
37 0.0546153
40 0.0529019
51 0.0331449
63 0.0436569
-1 -1
LEAF 118 9
65 classes
0 0.200499
1 0.109516
12 0.118476
15 0.0863074
27 0.103844
35 0.238035
59 0.0589702
63 0.0843522
-1 -1
NODE 114 8
2dots_tau0
0 15 -4 10 14
115 116 
LEAF 115 9
65 classes
15 0.258158
33 0.19394
35 0.178
59 0.117592
63 0.25231
-1 -1
LEAF 116 9
65 classes
15 0.11253
20 0.0274953
22 0.0716966
27 0.0338488
28 0.033449
33 0.0317017
35 0.426742
40 0.0666356
48 0.0335812
49 0.0189644
55 0.0389727
59 0.0768873
63 0.0274953
-1 -1
NODE 106 7
2dots_tau0
0 8 -7 13 15
107 108 
NODE 107 8
2dots_tau0
0 12 5 -11 15
111 112 
LEAF 111 9
65 classes
1 0.0586194
5 0.453705
15 0.0461968
24 0.0496492
40 0.273557
48 0.055144
59 0.0631286
-1 -1
LEAF 112 9
65 classes
5 0.424381
22 0.220249
35 0.119176
59 0.236194
-1 -1
NODE 108 8
2dots_tau0
0 7 3 -6 10
109 110 
LEAF 109 9
65 classes
5 0.666284
22 0.0432241
24 0.109368
45 0.0426838
49 0.0228663
59 0.092707
61 0.0228663
-1 -1
LEAF 110 9
65 classes
59 1
-1 -1
NODE 72 5
2dots_tau0
0 10 15 -4 -10
73 74 
NODE 73 6
2dots_tau0
0 3 -8 8 -1
89 90 
NODE 89 7
2dots_tau0
0 3 9 5 -8
97 98 
NODE 97 8
2dots_tau0
0 2 -1 12 3
101 102 
LEAF 101 9
65 classes
2 0.010263
5 0.010847
6 0.00988287
10 0.081852
18 0.0293228
19 0.0324094
20 0.00863552
37 0.0108031
39 0.00576323
47 0.0529439
48 0.126563
51 0.0065562
54 0.263905
58 0.296486
62 0.0451311
63 0.00863552
-1 -1
LEAF 102 9
65 classes
3 0.0642762
6 0.0284482
10 0.117807
18 0.0562711
19 0.155486
21 0.0336149
23 0.035234
33 0.057321
37 0.0310972
39 0.0165897
48 0.0303597
62 0.373495
-1 -1
NODE 98 8
2dots_tau0
0 -5 -15 -5 12
99 100 
LEAF 99 9
65 classes
20 0.177822
28 0.216327
32 0.12265
37 0.222458
42 0.125737
51 0.135005
-1 -1
LEAF 100 9
65 classes
2 0.090423
5 0.143353
16 0.178783
18 0.0430586
37 0.0951821
44 0.027023
47 0.233234
48 0.0929248
50 0.0422841
51 0.028882
62 0.024852
-1 -1
NODE 90 7
2dots_tau0
0 -4 8 -3 0
91 92 
NODE 91 8
2dots_tau0
0 -4 14 12 -1
95 96 
LEAF 95 9
65 classes
1 0.132875
3 0.0441062
5 0.0428511
10 0.210181
19 0.0640165
20 0.0511717
23 0.0483549
27 0.0209988
33 0.0196667
35 0.0120335
40 0.0206694
42 0.0120611
48 0.083331
49 0.0117649
52 0.0222392
53 0.0165225
54 0.0193065
59 0.0715478
61 0.0235299
62 0.0557155
63 0.0170572
-1 -1
LEAF 96 9
65 classes
5 0.125442
10 0.283976
11 0.0965844
19 0.0832894
33 0.0383815
35 0.0234846
37 0.124934
39 0.0222165
48 0.0406571
49 0.0459207
59 0.023272
61 0.0918415
-1 -1
NODE 92 8
2dots_tau0
0 -8 -14 6 12
93 94 
LEAF 93 9
65 classes
5 0.341566
15 0.278229
59 0.380205
-1 -1
LEAF 94 9
65 classes
10 0.769866
22 0.0225313
24 0.00950164
32 0.0119195
37 0.0864765
47 0.0317853
49 0.0178792
51 0.0065601
54 0.0195602
59 0.00604064
61 0.0178792
-1 -1
NODE 74 6
2dots_tau0
0 -7 13 -12 14
75 76 
NODE 75 7
2dots_tau0
0 -15 9 -12 3
83 84 
NODE 83 8
2dots_tau0
0 9 -8 14 -8
87 88 
LEAF 87 9
65 classes
0 0.232627
1 0.0254131
12 0.192446
27 0.0481937
33 0.0902732
35 0.0552357
37 0.146922
48 0.0478127
54 0.022155
59 0.0410519
63 0.0978691
-1 -1
LEAF 88 9
65 classes
12 0.0614899
15 0.044794
18 0.297314
19 0.109537
35 0.0308854
48 0.213878
54 0.0495523
59 0.0612117
63 0.131338
-1 -1
NODE 84 8
2dots_tau0
0 0 -8 -14 14
85 86 
LEAF 85 9
65 classes
0 0.0248691
1 0.108672
3 0.0270543
5 0.0788534
12 0.205736
15 0.0214105
27 0.0257609
33 0.0965071
35 0.0738125
37 0.0785342
48 0.0255572
62 0.191382
63 0.041851
-1 -1
LEAF 86 9
65 classes
1 0.320114
5 0.103234
12 0.461739
59 0.114913
-1 -1
NODE 76 7
2dots_tau0
0 6 0 -8 -13
77 78 
NODE 77 8
2dots_tau0
0 2 -6 -2 -8
81 82 
LEAF 81 9
65 classes
0 0.217965
3 0.0592792
15 0.046913
27 0.0564452
33 0.0528647
35 0.0323464
37 0.286796
54 0.155689
63 0.0917006
-1 -1
LEAF 82 9
65 classes
0 0.0405834
5 0.257358
12 0.0479622
15 0.0349394
18 0.0386509
33 0.039372
35 0.0240906
37 0.170878
47 0.0418718
48 0.0417063
49 0.0235529
63 0.239035
-1 -1
NODE 78 8
2dots_tau0
0 5 -10 -8 -2
79 80 
LEAF 79 9
65 classes
15 0.119372
18 0.198079
22 0.0760558
28 0.0709655
30 0.0407811
37 0.364883
47 0.0715287
63 0.0583341
-1 -1
LEAF 80 9
65 classes
30 0.505735
39 0.241398
59 0.252867
-1 -1
NODE 8 4
2dots_tau0
0 -3 4 -14 -10
9 10 
NODE 9 5
2dots_tau0
0 -7 13 12 13
41 42 
NODE 41 6
2dots_tau0
0 11 -13 -14 10
57 58 
NODE 57 7
2dots_tau0
0 12 -15 0 -10
65 66 
NODE 65 8
2dots_tau0
0 10 -8 -3 12
69 70 
LEAF 69 9
65 classes
14 0.112514
32 0.202676
33 0.112934
35 0.207304
51 0.0743645
54 0.221731
59 0.0684759
-1 -1
LEAF 70 9
65 classes
1 0.0417562
15 0.23035
18 0.0364028
20 0.0964852
35 0.0226894
41 0.0453789
51 0.0244176
54 0.145611
59 0.0674523
63 0.289456
-1 -1
NODE 66 8
2dots_tau0
0 7 7 5 10
67 68 
LEAF 67 9
65 classes
1 0.0474144
12 0.153881
15 0.0373664
27 0.0449587
33 0.0421069
47 0.0447803
48 0.13381
62 0.167003
63 0.328679
-1 -1
LEAF 68 9
65 classes
0 0.317085
3 0.0627175
15 0.0496341
20 0.0242548
27 0.0895786
33 0.139827
62 0.316902
-1 -1
NODE 58 7
2dots_tau0
0 0 -13 0 13
59 60 
NODE 59 8
2dots_tau0
0 15 -6 6 11
63 64 
LEAF 63 9
65 classes
0 0.340796
12 0.0805518
15 0.0586801
19 0.0717465
30 0.0400937
47 0.140646
48 0.210135
63 0.0573508
-1 -1
LEAF 64 9
65 classes
0 0.294139
3 0.319984
30 0.0576743
35 0.058201
48 0.100759
59 0.115349
62 0.0538944
-1 -1
NODE 60 8
2dots_tau0
0 5 15 4 4
61 62 
LEAF 61 9
65 classes
0 0.109979
5 0.0581188
22 0.0603259
30 0.0646934
37 0.0578835
39 0.247036
51 0.0351283
54 0.0523708
59 0.129387
63 0.185077
-1 -1
LEAF 62 9
65 classes
0 0.111877
12 0.132218
15 0.256847
24 0.0345052
27 0.231776
39 0.0628249
47 0.0384761
48 0.038324
53 0.0303949
63 0.0627571
-1 -1
NODE 42 6
2dots_tau0
0 11 2 -1 14
43 44 
NODE 43 7
2dots_tau0
0 -6 2 -11 -13
51 52 
NODE 51 8
2dots_tau0
0 -5 12 -1 0
55 56 
LEAF 55 9
65 classes
48 0.466245
59 0.533755
-1 -1
LEAF 56 9
65 classes
6 0.0544709
10 0.022557
16 0.0559207
18 0.0269362
27 0.41016
32 0.131314
37 0.0595431
48 0.116262
49 0.0328285
51 0.0361355
54 0.0538724
-1 -1
NODE 52 8
2dots_tau0
0 -12 2 11 -7
53 54 
LEAF 53 9
65 classes
15 0.112676
18 0.249291
20 0.110124
54 0.373936
59 0.153974
-1 -1
LEAF 54 9
65 classes
5 0.104913
15 0.213647
16 0.147197
20 0.0417615
30 0.0291952
35 0.0294619
48 0.20402
49 0.0288042
54 0.141805
55 0.059194
-1 -1
NODE 44 7
2dots_tau0
0 1 -11 -2 -2
45 46 
NODE 45 8
2dots_tau0
0 -3 -15 3 -11
49 50 
LEAF 49 9
65 classes
0 0.0667781
3 0.290582
6 0.0643048
15 0.057491
18 0.0635981
19 0.0702927
27 0.138345
35 0.0396399
51 0.0426592
62 0.11012
63 0.0561887
-1 -1
LEAF 50 9
65 classes
0 0.0296583
5 0.0313462
10 0.0236538
12 0.0350507
15 0.153202
16 0.02932
18 0.056492
20 0.0249552
23 0.0353723
24 0.0274418
27 0.18433
37 0.0312192
48 0.0304789
54 0.197722
59 0.0348921
63 0.0748656
-1 -1
NODE 46 8
2dots_tau0
0 -14 0 9 2
47 48 
LEAF 47 9
65 classes
15 0.106126
18 0.0939196
20 0.0414888
23 0.0294037
24 0.0684343
51 0.0314988
53 0.0200941
54 0.1174
55 0.0147019
59 0.145023
63 0.33191
-1 -1
LEAF 48 9
65 classes
3 0.0577539
10 0.042341
16 0.0262418
18 0.0252806
20 0.134011
22 0.0291206
24 0.0245608
27 0.0549928
30 0.0156145
32 0.0308107
35 0.0315141
37 0.0558833
40 0.0270651
47 0.0273873
48 0.027279
49 0.092432
54 0.0252806
59 0.0312289
62 0.218866
63 0.0223352
-1 -1
NODE 10 5
2dots_tau0
0 -15 5 2 -9
11 12 
NODE 11 6
2dots_tau0
0 -9 0 8 -2
27 28 
NODE 27 7
2dots_tau0
0 15 11 2 9
35 36 
NODE 35 8
2dots_tau0
0 6 15 3 6
39 40 
LEAF 39 9
65 classes
22 0.435941
28 0.203382
51 0.126926
59 0.233751
-1 -1
LEAF 40 9
65 classes
5 0.157845
14 0.144349
51 0.19081
53 0.243447
59 0.26355
-1 -1
NODE 36 8
2dots_tau0
0 8 -9 -6 -7
37 38 
LEAF 37 9
65 classes
5 0.0889732
15 0.108712
19 0.0443065
20 0.070833
30 0.643747
47 0.0434274
-1 -1
LEAF 38 9
65 classes
20 0.567422
21 0.115099
24 0.0623962
30 0.198341
63 0.0567422
-1 -1
NODE 28 7
2dots_tau0
0 -6 7 -12 15
29 30 
NODE 29 8
2dots_tau0
0 -15 -1 -15 12
33 34 
LEAF 33 9
65 classes
5 0.146271
20 0.465794
35 0.164304
48 0.142224
59 0.0814085
-1 -1
LEAF 34 9
65 classes
2 0.126176
16 0.249474
19 0.265635
48 0.129668
51 0.0806041
59 0.148443
-1 -1
NODE 30 8
2dots_tau0
0 14 4 8 -5
31 32 
LEAF 31 9
65 classes
5 0.130795
15 0.106542
19 0.260532
20 0.208257
22 0.135762
51 0.158111
-1 -1
LEAF 32 9
65 classes
5 0.0885133
15 0.1442
16 0.124188
20 0.0704669
22 0.229686
24 0.116233
28 0.0857255
44 0.0500558
49 0.0243016
51 0.0267497
54 0.0398796
-1 -1
NODE 12 6
2dots_tau0
0 6 7 -12 -11
13 14 
NODE 13 7
2dots_tau0
0 6 1 -6 6
21 22 
NODE 21 8
2dots_tau0
0 -7 -1 0 -14
25 26 
LEAF 25 9
65 classes
15 0.103827
16 0.476893
18 0.114856
20 0.304424
-1 -1
LEAF 26 9
65 classes
0 0.0250008
5 0.105695
15 0.0860956
16 0.247157
18 0.0476206
20 0.126218
24 0.0462649
37 0.07895
42 0.0148746
47 0.051589
48 0.128463
63 0.0420726
-1 -1
NODE 22 8
2dots_tau0
0 15 -13 -10 -2
23 24 
LEAF 23 9
65 classes
20 0.165315
37 0.0413623
47 0.608125
48 0.121144
53 0.0640533
-1 -1
LEAF 24 9
65 classes
0 0.171384
5 0.181138
18 0.163223
20 0.144207
47 0.176825
54 0.163223
-1 -1
NODE 14 7
2dots_tau0
0 -7 1 13 7
15 16 
NODE 15 8
2dots_tau0
0 11 10 4 5
19 20 
LEAF 19 9
65 classes
5 0.149491
19 0.148885
28 0.144782
51 0.0903555
62 0.466486
-1 -1
LEAF 20 9
65 classes
0 0.210306
19 0.221375
27 0.217847
48 0.216125
51 0.134348
-1 -1
NODE 16 8
2dots_tau0
0 -2 -11 -1 1
17 18 
LEAF 17 9
65 classes
3 0.169646
5 0.659276
22 0.171078
-1 -1
LEAF 18 9
65 classes
1 0.0635212
5 0.184366
18 0.0553775
20 0.0489257
22 0.0637892
28 0.0595199
48 0.11951
51 0.111435
63 0.293554
-1 -1
