image_size: 32 32
class_number: 65
max_depth:  10
1023
NODE 0 0
2dots_tau0
0 8 -1 12 11
1 2 
NODE 1 1
2dots_tau0
0 -6 -12 0 14
513 514 
NODE 513 2
2dots_tau0
0 -15 -10 -10 -2
769 770 
NODE 769 3
2dots_tau0
0 1 6 -4 4
897 898 
NODE 897 4
2dots_tau0
0 8 -13 -4 5
961 962 
NODE 961 5
2dots_tau0
0 3 9 -5 5
993 994 
NODE 993 6
2dots_tau0
0 2 -5 15 -8
1009 1010 
NODE 1009 7
2dots_tau0
0 8 -15 7 15
1017 1018 
NODE 1017 8
2dots_tau0
0 -5 -12 14 -1
1021 1022 
LEAF 1021 9
65 classes
6 0.00640566
11 0.0405993
13 0.263547
20 0.0111944
33 0.0258139
35 0.0355383
37 0.00700214
40 0.0542597
41 0.142153
44 0.00397593
45 0.0144127
48 0.0205082
49 0.00386055
50 0.0311066
51 0.00424945
52 0.0291903
53 0.0325303
58 0.0960849
59 0.00391296
62 0.0840997
63 0.0895549
-1 -1
LEAF 1022 9
65 classes
1 0.00364186
6 0.00642047
11 0.00813863
12 0.00393983
13 0.0825489
15 0.00287008
16 0.00659136
17 0.00981242
19 0.00701833
20 0.0168304
21 0.00568992
33 0.00970258
37 0.0140367
40 0.0237935
46 0.693411
49 0.0212821
51 0.00425928
54 0.0190498
55 0.0516877
62 0.00366496
63 0.00561012
-1 -1
NODE 1018 8
2dots_tau0
0 -11 7 -11 8
1019 1020 
LEAF 1019 9
65 classes
1 0.014918
6 0.157799
7 0.0120356
13 0.0338142
15 0.152836
17 0.160777
20 0.045961
24 0.0758112
28 0.0419349
37 0.0143744
40 0.027847
41 0.0648491
47 0.0140892
48 0.0140336
50 0.0255431
52 0.014981
53 0.0111301
56 0.0152382
62 0.0675569
63 0.0344708
-1 -1
LEAF 1020 9
65 classes
3 0.0169347
6 0.149904
7 0.02744
11 0.0190019
12 0.0183973
15 0.013402
17 0.213825
18 0.0296513
27 0.0322502
28 0.0637386
33 0.0151022
37 0.0327725
40 0.0634886
47 0.0321222
49 0.0271031
53 0.0253755
56 0.0694832
62 0.13691
63 0.0130984
-1 -1
NODE 1010 7
2dots_tau0
0 -9 -10 15 -1
1011 1012 
NODE 1011 8
2dots_tau0
0 -12 7 0 -12
1015 1016 
LEAF 1015 9
65 classes
7 0.0293478
19 0.0701021
20 0.0280182
24 0.6162
35 0.0197662
47 0.103067
51 0.106359
53 0.0271398
-1 -1
LEAF 1016 9
65 classes
6 0.0201621
13 0.207382
17 0.0205425
20 0.0528521
21 0.0238239
30 0.0615811
33 0.101563
40 0.0213481
42 0.0124571
44 0.0125144
45 0.0226824
48 0.0215169
51 0.0133754
52 0.275634
53 0.0511953
59 0.0123162
62 0.0690541
-1 -1
NODE 1012 8
2dots_tau0
0 -12 -8 5 4
1013 1014 
LEAF 1013 9
65 classes
4 0.329679
7 0.0711172
11 0.0844249
13 0.0142718
14 0.0668494
17 0.0226195
19 0.0121339
21 0.0721399
23 0.0137481
24 0.0106658
30 0.0339037
35 0.00684265
44 0.0206695
51 0.0147277
52 0.0885214
55 0.0412443
56 0.0643151
59 0.00678073
62 0.0253453
-1 -1
LEAF 1014 9
65 classes
1 0.0192963
4 0.0688876
6 0.0170093
7 0.00389196
11 0.0431222
12 0.0104375
13 0.06014
15 0.0342157
17 0.147307
19 0.00929658
20 0.0111469
21 0.105517
23 0.0684663
24 0.0326869
30 0.00259757
33 0.00856811
39 0.0198381
40 0.0405221
42 0.0761915
44 0.0184756
45 0.00478386
47 0.0273364
49 0.0128139
50 0.0123899
52 0.0290665
54 0.00841119
55 0.0157999
56 0.0689862
59 0.0103903
61 0.00512557
62 0.00728199
-1 -1
NODE 994 6
2dots_tau0
0 -7 9 11 -9
995 996 
NODE 995 7
2dots_tau0
0 4 -10 1 -2
1003 1004 
NODE 1003 8
2dots_tau0
0 -7 2 4 1
1007 1008 
LEAF 1007 9
65 classes
3 0.203624
5 0.19783
7 0.32994
35 0.11111
63 0.157496
-1 -1
LEAF 1008 9
65 classes
17 0.190205
49 0.11251
54 0.0923157
55 0.115606
63 0.489363
-1 -1
NODE 1004 8
2dots_tau0
0 3 0 11 9
1005 1006 
LEAF 1005 9
65 classes
14 0.200598
15 0.0446695
35 0.123198
49 0.120448
54 0.148244
55 0.0618816
59 0.213646
63 0.0873152
-1 -1
LEAF 1006 9
65 classes
15 0.21839
54 0.483177
59 0.298433
-1 -1
NODE 996 7
2dots_tau0
0 -12 -9 -12 -7
997 998 
NODE 997 8
2dots_tau0
0 -4 8 -6 -10
1001 1002 
LEAF 1001 9
65 classes
17 0.0985613
23 0.63899
49 0.194336
55 0.0399369
63 0.0281755
-1 -1
LEAF 1002 9
65 classes
1 0.0109663
5 0.0106096
7 0.00884735
11 0.0122534
13 0.484708
14 0.0485124
17 0.0689426
23 0.179585
30 0.00590491
35 0.00595883
39 0.0169112
42 0.0358348
44 0.0119999
49 0.0349549
51 0.0128254
52 0.022025
55 0.0179585
56 0.0112016
-1 -1
NODE 998 8
2dots_tau0
0 2 6 -10 12
999 1000 
LEAF 999 9
65 classes
13 0.195505
23 0.338996
32 0.0183286
41 0.0374942
42 0.01879
44 0.0188764
49 0.274929
62 0.0173599
63 0.0797206
-1 -1
LEAF 1000 9
65 classes
17 0.512711
23 0.155813
42 0.0259093
44 0.0780854
49 0.0252732
51 0.0278191
55 0.0259688
56 0.0971878
59 0.0512325
-1 -1
NODE 962 5
2dots_tau0
0 -8 -1 -2 5
963 964 
NODE 963 6
2dots_tau0
0 -10 0 0 -1
979 980 
NODE 979 7
2dots_tau0
0 -11 6 11 0
987 988 
NODE 987 8
2dots_tau0
0 0 10 9 -4
991 992 
LEAF 991 9
65 classes
12 1
-1 -1
LEAF 992 9
65 classes
0 0.270218
24 0.250024
30 0.158952
41 0.320807
-1 -1
NODE 988 8
2dots_tau0
0 1 6 11 2
989 990 
LEAF 989 9
65 classes
6 0.691076
15 0.308924
-1 -1
LEAF 990 9
65 classes
7 0.614174
14 0.0748373
15 0.0666598
19 0.081503
40 0.0789461
45 0.0838802
-1 -1
NODE 980 7
2dots_tau0
0 -12 7 -12 -1
981 982 
NODE 981 8
2dots_tau0
0 3 8 6 -9
985 986 
LEAF 985 9
65 classes
6 0.461492
7 0.032491
14 0.0356313
15 0.0634757
17 0.253184
18 0.0351093
24 0.0341097
56 0.0411366
59 0.0433703
-1 -1
LEAF 986 9
65 classes
1 0.18421
15 0.145172
27 0.174669
59 0.495949
-1 -1
NODE 982 8
2dots_tau0
0 10 -9 9 9
983 984 
LEAF 983 9
65 classes
15 0.803641
63 0.196359
-1 -1
LEAF 984 9
65 classes
3 0.137364
6 0.0607963
15 0.543543
35 0.0374772
41 0.0749543
45 0.0683958
51 0.0403317
59 0.037138
-1 -1
NODE 964 6
2dots_tau0
0 -4 0 5 -3
965 966 
NODE 965 7
2dots_tau0
0 -10 -1 15 7
973 974 
NODE 973 8
2dots_tau0
0 2 -15 -15 -10
977 978 
LEAF 977 9
65 classes
33 0.125506
35 0.307175
40 0.131905
63 0.435414
-1 -1
LEAF 978 9
65 classes
1 0.125908
3 0.125381
6 0.110985
19 0.12132
32 0.0668884
40 0.352541
63 0.0969773
-1 -1
NODE 974 8
2dots_tau0
0 -11 -4 4 -1
975 976 
LEAF 975 9
65 classes
5 0.172047
18 0.465094
19 0.17135
59 0.191509
-1 -1
LEAF 976 9
65 classes
3 0.0721069
6 0.127656
18 0.18938
20 0.055772
33 0.0643043
35 0.078692
49 0.0384677
59 0.0389899
63 0.334632
-1 -1
NODE 966 7
2dots_tau0
0 -5 -13 9 4
967 968 
NODE 967 8
2dots_tau0
0 -12 14 -4 4
971 972 
LEAF 971 9
65 classes
6 0.437088
27 0.156725
40 0.0771332
48 0.0777429
53 0.0616582
56 0.0844161
62 0.0415834
63 0.0636536
-1 -1
LEAF 972 9
65 classes
0 0.260689
6 0.366896
12 0.023699
33 0.0583633
35 0.0238073
41 0.0476145
55 0.0119582
62 0.055114
63 0.151858
-1 -1
NODE 968 8
2dots_tau0
0 4 -8 -14 -14
969 970 
LEAF 969 9
65 classes
4 0.0197707
6 0.322189
11 0.0742561
15 0.0392795
27 0.0787677
35 0.00902771
37 0.048026
40 0.108545
41 0.0180554
48 0.031258
49 0.044131
54 0.0869041
55 0.00906912
56 0.0339411
63 0.0767794
-1 -1
LEAF 970 9
65 classes
4 0.114364
6 0.169428
15 0.416556
19 0.0463011
35 0.0522209
47 0.0453824
49 0.0255276
51 0.0561984
63 0.0740218
-1 -1
NODE 898 4
2dots_tau0
0 13 10 -9 -13
899 900 
NODE 899 5
2dots_tau0
0 4 2 10 4
931 932 
NODE 931 6
2dots_tau0
0 7 4 -12 0
947 948 
NODE 947 7
2dots_tau0
0 -2 10 3 -4
955 956 
NODE 955 8
2dots_tau0
0 -2 5 -5 5
959 960 
LEAF 959 9
65 classes
0 0.0991877
18 0.188929
27 0.102744
35 0.117757
41 0.117757
59 0.175037
61 0.115129
63 0.0834589
-1 -1
LEAF 960 9
65 classes
15 0.0915324
27 0.110131
35 0.0631114
41 0.126223
44 0.0635466
59 0.187621
63 0.357835
-1 -1
NODE 956 8
2dots_tau0
0 5 -8 -10 15
957 958 
LEAF 957 9
65 classes
6 0.358336
13 0.061429
17 0.0730193
18 0.047253
27 0.0770921
35 0.0441784
44 0.0148277
49 0.0143974
50 0.0232016
51 0.0158478
54 0.0708796
55 0.0591747
56 0.0276826
59 0.0291857
63 0.0834957
-1 -1
LEAF 958 9
65 classes
6 0.219168
15 0.0979725
17 0.334955
35 0.0675518
44 0.0680177
51 0.145394
59 0.0669405
-1 -1
NODE 948 7
2dots_tau0
0 -15 -14 5 -4
949 950 
NODE 949 8
2dots_tau0
0 7 -5 7 -5
953 954 
LEAF 953 9
65 classes
22 0.141227
23 0.307071
42 0.0765922
44 0.0769444
51 0.246713
59 0.151452
-1 -1
LEAF 954 9
65 classes
-1 -1
NODE 950 8
2dots_tau0
0 1 0 -10 -12
951 952 
LEAF 951 9
65 classes
0 0.175273
42 0.104281
49 0.406884
55 0.313562
-1 -1
LEAF 952 9
65 classes
42 0.499427
55 0.500573
-1 -1
NODE 932 6
2dots_tau0
0 9 7 15 -8
933 934 
NODE 933 7
2dots_tau0
0 -4 0 7 11
941 942 
NODE 941 8
2dots_tau0
0 3 -12 -15 -10
945 946 
LEAF 945 9
65 classes
17 0.095537
35 0.404615
41 0.115604
49 0.0565119
63 0.327732
-1 -1
LEAF 946 9
65 classes
3 0.204172
41 0.445637
51 0.23979
59 0.110401
-1 -1
NODE 942 8
2dots_tau0
0 -1 -2 2 -10
943 944 
LEAF 943 9
65 classes
1 0.0786474
3 0.0391592
5 0.114135
7 0.126902
14 0.17396
17 0.317854
18 0.0685644
45 0.038996
61 0.0417815
-1 -1
LEAF 944 9
65 classes
1 0.0216282
3 0.064613
4 0.0257375
5 0.0418496
6 0.343167
7 0.0523475
17 0.310792
18 0.0188553
41 0.0235046
48 0.0203459
56 0.0662768
62 0.0108827
-1 -1
NODE 934 7
2dots_tau0
0 10 8 8 0
935 936 
NODE 935 8
2dots_tau0
0 9 -4 -12 -7
939 940 
LEAF 939 9
65 classes
3 0.105093
7 0.085143
11 0.0589606
14 0.37349
17 0.0473909
19 0.0508445
21 0.054961
42 0.114953
45 0.0523275
55 0.0288041
61 0.0280326
-1 -1
LEAF 940 9
65 classes
42 0.502844
59 0.497156
-1 -1
NODE 936 8
2dots_tau0
0 5 -5 -4 -10
937 938 
LEAF 937 9
65 classes
6 0.0591125
7 0.108206
13 0.025334
14 0.0395549
17 0.401519
21 0.139697
23 0.0976171
27 0.0635872
55 0.0244043
61 0.0237506
63 0.0172172
-1 -1
LEAF 938 9
65 classes
7 0.0373785
10 0.0676482
11 0.155305
14 0.245948
17 0.24966
21 0.0241284
27 0.0439309
35 0.025175
41 0.0503501
55 0.050581
59 0.0498944
-1 -1
NODE 900 5
2dots_tau0
0 4 -10 13 -6
901 902 
NODE 901 6
2dots_tau0
0 14 3 -13 -12
917 918 
NODE 917 7
2dots_tau0
0 0 3 13 -11
925 926 
NODE 925 8
2dots_tau0
0 -15 -6 -14 -1
929 930 
LEAF 929 9
65 classes
3 0.0617611
7 0.050037
13 0.07029
17 0.111403
28 0.0581138
35 0.168503
51 0.0725351
54 0.216277
63 0.19108
-1 -1
LEAF 930 9
65 classes
0 0.478718
13 0.197566
35 0.189447
63 0.134268
-1 -1
NODE 926 8
2dots_tau0
0 -11 -10 -12 8
927 928 
LEAF 927 9
65 classes
11 0.258982
14 0.205068
20 0.178522
39 0.357429
-1 -1
LEAF 928 9
65 classes
3 0.331384
7 0.134239
49 0.265181
53 0.124139
54 0.145056
-1 -1
NODE 918 7
2dots_tau0
0 4 6 1 7
919 920 
NODE 919 8
2dots_tau0
0 2 -12 13 10
923 924 
LEAF 923 9
65 classes
1 0.035259
3 0.0351115
12 0.0381439
13 0.119881
14 0.0311957
17 0.0633332
19 0.0339743
28 0.033038
32 0.0374627
35 0.038318
41 0.038318
42 0.0960143
47 0.0333002
48 0.0331686
49 0.0187314
51 0.0618549
59 0.0189856
62 0.0709653
63 0.162945
-1 -1
LEAF 924 9
65 classes
5 0.355982
22 0.3695
53 0.274519
-1 -1
NODE 920 8
2dots_tau0
0 -6 11 -8 -1
921 922 
LEAF 921 9
65 classes
5 0.071989
21 0.0387512
23 0.0812353
30 0.0400663
35 0.0808644
49 0.0395297
51 0.0870236
53 0.388605
63 0.171935
-1 -1
LEAF 922 9
65 classes
5 0.113351
12 0.126747
20 0.0902405
35 0.0636628
42 0.319043
44 0.128204
51 0.0685119
63 0.0902405
-1 -1
NODE 902 6
2dots_tau0
0 -2 7 1 15
903 904 
NODE 903 7
2dots_tau0
0 9 4 3 4
911 912 
NODE 911 8
2dots_tau0
0 1 -2 -15 3
915 916 
LEAF 915 9
65 classes
1 0.0145585
3 0.0289952
5 0.0422553
7 0.0234911
10 0.0531431
14 0.0128808
17 0.0130752
22 0.01462
23 0.0158942
30 0.00783921
35 0.0553756
39 0.0149673
40 0.013588
41 0.0316432
42 0.555023
48 0.0136954
51 0.02554
52 0.01462
56 0.0297419
59 0.00783921
63 0.0112134
-1 -1
LEAF 916 9
65 classes
1 0.0243052
3 0.0968142
5 0.0470297
6 0.0214246
7 0.019609
10 0.053233
14 0.322564
15 0.0191545
22 0.0732234
23 0.0530702
42 0.0529487
44 0.013298
51 0.127916
52 0.0244078
56 0.0248268
59 0.0261749
-1 -1
NODE 912 8
2dots_tau0
0 -6 13 0 14
913 914 
LEAF 913 9
65 classes
1 0.150681
6 0.0265645
12 0.0326019
13 0.0683087
14 0.0266632
15 0.0712491
19 0.0290381
23 0.032901
24 0.0255246
30 0.0324543
35 0.0491261
39 0.0154912
42 0.246192
49 0.0480295
51 0.105736
59 0.0162272
63 0.0232117
-1 -1
LEAF 914 9
65 classes
1 0.0751091
6 0.132415
23 0.328
32 0.0399017
35 0.122438
39 0.038609
51 0.263528
-1 -1
NODE 904 7
2dots_tau0
0 6 -10 11 -13
905 906 
NODE 905 8
2dots_tau0
0 6 3 -11 -11
909 910 
LEAF 909 9
65 classes
7 0.0856113
11 0.11857
13 0.120263
17 0.0953031
39 0.0545471
42 0.173378
49 0.0563735
53 0.0791703
56 0.216784
-1 -1
LEAF 910 9
65 classes
4 0.107905
5 0.0877279
7 0.219469
14 0.080227
30 0.195304
42 0.0987692
45 0.0899211
51 0.0530247
53 0.0676523
-1 -1
NODE 906 8
2dots_tau0
0 -15 9 1 -2
907 908 
LEAF 907 9
65 classes
7 0.0459524
14 0.806302
30 0.0153348
40 0.0265803
42 0.062041
61 0.0151294
62 0.0286595
-1 -1
LEAF 908 9
65 classes
3 0.0333601
15 0.0792026
20 0.0516056
39 0.0344409
42 0.784534
62 0.0168564
-1 -1
NODE 770 3
2dots_tau0
0 14 2 -13 -11
771 772 
NODE 771 4
2dots_tau0
0 -2 8 10 -13
835 836 
NODE 835 5
2dots_tau0
0 4 -5 -1 -4
867 868 
NODE 867 6
2dots_tau0
0 -2 -8 -2 5
883 884 
NODE 883 7
2dots_tau0
0 2 -3 -3 15
891 892 
NODE 891 8
2dots_tau0
0 4 14 5 4
895 896 
LEAF 895 9
65 classes
7 0.0846472
27 0.397943
37 0.101097
40 0.0979251
45 0.104045
56 0.214343
-1 -1
LEAF 896 9
65 classes
0 0.354926
1 0.0775469
6 0.273425
7 0.0312816
12 0.0838916
15 0.0305566
27 0.0367653
35 0.0421374
56 0.0396055
63 0.0298643
-1 -1
NODE 892 8
2dots_tau0
0 4 15 10 13
893 894 
LEAF 893 9
65 classes
0 0.58198
1 0.0794721
7 0.0641165
18 0.0692834
56 0.162355
59 0.0427927
-1 -1
LEAF 894 9
65 classes
0 0.359502
7 0.105616
56 0.534881
-1 -1
NODE 884 7
2dots_tau0
0 -1 -2 0 12
885 886 
NODE 885 8
2dots_tau0
0 -14 -5 -14 7
889 890 
LEAF 889 9
65 classes
0 0.321321
15 0.237115
19 0.048319
20 0.0386239
22 0.0503577
28 0.187949
33 0.0890656
35 0.0272484
-1 -1
LEAF 890 9
65 classes
0 0.252761
1 0.0986161
6 0.0173856
7 0.0318246
9 0.0197232
12 0.0640108
19 0.0380091
22 0.0594193
33 0.0700616
35 0.128606
37 0.0380091
40 0.0920417
45 0.0391177
48 0.0185539
59 0.0318606
-1 -1
NODE 886 8
2dots_tau0
0 0 7 12 -11
887 888 
LEAF 887 9
65 classes
0 0.378465
1 0.0295321
9 0.0885963
12 0.0638967
13 0.0334697
20 0.0227464
33 0.0262263
35 0.128377
37 0.056912
40 0.0551266
45 0.029286
48 0.0555623
59 0.0318038
-1 -1
LEAF 888 9
65 classes
0 0.0537121
5 0.0567688
9 0.058677
12 0.0634779
35 0.542026
41 0.0637677
45 0.116376
63 0.0451946
-1 -1
NODE 868 6
2dots_tau0
0 -9 10 -8 5
869 870 
NODE 869 7
2dots_tau0
0 14 15 -5 -5
877 878 
NODE 877 8
2dots_tau0
0 13 14 -3 -3
881 882 
LEAF 881 9
65 classes
3 0.116664
7 0.189035
9 0.117154
37 0.112885
39 0.0602216
47 0.221291
56 0.119668
59 0.0630828
-1 -1
LEAF 882 9
65 classes
48 1
-1 -1
NODE 878 8
2dots_tau0
0 15 -14 2 -2
879 880 
LEAF 879 9
65 classes
0 0.11935
7 0.10519
33 0.231574
48 0.122652
59 0.421235
-1 -1
LEAF 880 9
65 classes
0 0.326582
3 0.118426
19 0.22918
33 0.211222
37 0.11459
-1 -1
NODE 870 7
2dots_tau0
0 -7 1 2 0
871 872 
NODE 871 8
2dots_tau0
0 14 -3 -8 3
875 876 
LEAF 875 9
65 classes
1 0.14893
6 0.0656395
7 0.0600769
19 0.358759
27 0.211825
41 0.0809255
45 0.0738445
-1 -1
LEAF 876 9
65 classes
0 0.560821
6 0.0360033
12 0.0883717
27 0.154915
40 0.0762423
59 0.021993
62 0.0616547
-1 -1
NODE 872 8
2dots_tau0
0 5 1 4 9
873 874 
LEAF 873 9
65 classes
12 0.23276
19 0.207317
48 0.2024
51 0.125816
59 0.231707
-1 -1
LEAF 874 9
65 classes
0 0.166974
15 0.143752
19 0.527285
33 0.161989
-1 -1
NODE 836 5
2dots_tau0
0 -2 13 -15 -12
837 838 
NODE 837 6
2dots_tau0
0 -12 -3 5 -11
853 854 
NODE 853 7
2dots_tau0
0 6 -13 14 -12
861 862 
NODE 861 8
2dots_tau0
0 0 -9 -12 -3
865 866 
LEAF 865 9
65 classes
22 1
-1 -1
LEAF 866 9
65 classes
4 0.28036
19 0.227012
22 0.236591
35 0.256037
-1 -1
NODE 862 8
2dots_tau0
0 3 -14 11 -8
863 864 
LEAF 863 9
65 classes
14 0.478682
19 0.521318
-1 -1
LEAF 864 9
65 classes
5 0.0394307
7 0.0328812
9 0.20378
19 0.39271
35 0.044292
45 0.161666
48 0.0383397
59 0.0219456
61 0.064955
-1 -1
NODE 854 7
2dots_tau0
0 13 -14 -1 12
855 856 
NODE 855 8
2dots_tau0
0 -13 12 -15 -9
859 860 
LEAF 859 9
65 classes
1 0.0220978
4 0.0131482
6 0.0389576
9 0.0552445
11 0.0617286
12 0.0358587
13 0.0250442
19 0.0638779
21 0.0172624
22 0.0110955
23 0.0120626
27 0.0104767
30 0.0178482
35 0.108067
37 0.0106463
39 0.0113591
44 0.00604515
45 0.0219137
56 0.124146
58 0.292182
59 0.0118988
61 0.0234789
62 0.00555949
-1 -1
LEAF 860 9
65 classes
9 0.105019
11 0.07823
13 0.0793476
21 0.401079
23 0.0382179
27 0.0995797
30 0.0188495
35 0.0380434
40 0.0326726
49 0.0185971
56 0.071515
59 0.0188495
-1 -1
NODE 856 8
2dots_tau0
0 -15 -5 5 -4
857 858 
LEAF 857 9
65 classes
-1 -1
LEAF 858 9
65 classes
1 0.0863431
12 0.0934075
13 0.0489277
27 0.122807
35 0.140751
37 0.166394
40 0.12088
56 0.22049
-1 -1
NODE 838 6
2dots_tau0
0 -3 -2 3 -11
839 840 
NODE 839 7
2dots_tau0
0 -5 10 -3 2
847 848 
NODE 847 8
2dots_tau0
0 15 -7 5 -1
851 852 
LEAF 851 9
65 classes
3 0.0886113
7 0.215371
19 0.600189
59 0.0958286
-1 -1
LEAF 852 9
65 classes
3 0.238379
7 0.0965637
15 0.0943254
19 0.345987
28 0.112151
48 0.112594
-1 -1
NODE 848 8
2dots_tau0
0 11 2 4 -4
849 850 
LEAF 849 9
65 classes
10 0.0462248
15 0.0498983
17 0.0568652
19 0.183028
20 0.0975358
21 0.0329743
35 0.103214
47 0.0597987
49 0.336368
59 0.0340934
-1 -1
LEAF 850 9
65 classes
19 0.194461
35 0.109662
49 0.214428
59 0.326008
63 0.155443
-1 -1
NODE 840 7
2dots_tau0
0 -5 10 -7 0
841 842 
NODE 841 8
2dots_tau0
0 12 5 1 -11
845 846 
LEAF 845 9
65 classes
0 0.0411693
1 0.0449749
3 0.0447867
5 0.0870246
6 0.0396445
13 0.0509716
17 0.0807851
21 0.0702671
22 0.0451647
33 0.0399404
39 0.0462377
40 0.0419766
45 0.0446001
47 0.0424763
49 0.0477858
56 0.18376
59 0.0484345
-1 -1
LEAF 846 9
65 classes
5 0.0651861
13 0.152722
21 0.210536
22 0.0676616
23 0.147117
35 0.0366114
39 0.0346345
49 0.0715883
56 0.0688231
59 0.14512
-1 -1
NODE 842 8
2dots_tau0
0 1 -13 3 12
843 844 
LEAF 843 9
65 classes
0 0.0161603
4 0.0210084
5 0.06832
6 0.0778089
13 0.10004
15 0.0139129
17 0.0158554
19 0.0510326
21 0.110329
22 0.0886431
23 0.0578213
28 0.0165421
35 0.0671502
39 0.0362996
42 0.0384593
48 0.0166074
49 0.131303
50 0.0453419
52 0.0177286
55 0.00963688
-1 -1
LEAF 844 9
65 classes
0 0.139363
1 0.0507484
7 0.163771
15 0.0799875
19 0.0488993
20 0.117263
28 0.142655
41 0.0551512
42 0.0276387
47 0.0958581
52 0.0509625
55 0.0277021
-1 -1
NODE 772 4
2dots_tau0
0 0 -14 2 6
773 774 
NODE 773 5
2dots_tau0
0 -2 13 4 -13
805 806 
NODE 805 6
2dots_tau0
0 -12 5 3 13
821 822 
NODE 821 7
2dots_tau0
0 -9 2 0 6
829 830 
NODE 829 8
2dots_tau0
0 -8 2 -4 -11
833 834 
LEAF 833 9
65 classes
7 0.338452
28 0.294813
30 0.0564724
48 0.197319
59 0.112945
-1 -1
LEAF 834 9
65 classes
1 0.25279
28 0.473732
30 0.136118
35 0.137361
-1 -1
NODE 830 8
2dots_tau0
0 -10 -12 7 -9
831 832 
LEAF 831 9
65 classes
22 0.650957
59 0.349043
-1 -1
LEAF 832 9
65 classes
48 1
-1 -1
NODE 822 7
2dots_tau0
0 3 8 13 -14
823 824 
NODE 823 8
2dots_tau0
0 14 2 -6 2
827 828 
LEAF 827 9
65 classes
28 0.499014
48 0.500986
-1 -1
LEAF 828 9
65 classes
1 0.123362
6 0.108741
28 0.115591
35 0.536258
48 0.116048
-1 -1
NODE 824 8
2dots_tau0
0 0 -13 -3 -13
825 826 
LEAF 825 9
65 classes
12 0.308941
48 0.537288
59 0.153771
-1 -1
LEAF 826 9
65 classes
7 0.211401
35 0.142382
48 0.49299
51 0.153227
-1 -1
NODE 806 6
2dots_tau0
0 5 13 -1 -13
807 808 
NODE 807 7
2dots_tau0
0 14 11 -15 -5
815 816 
NODE 815 8
2dots_tau0
0 -4 -11 6 5
819 820 
LEAF 819 9
65 classes
28 0.307446
42 0.357398
56 0.335156
-1 -1
LEAF 820 9
65 classes
7 0.357113
22 0.222254
28 0.207378
37 0.213255
-1 -1
NODE 816 8
2dots_tau0
0 12 6 1 0
817 818 
LEAF 817 9
65 classes
0 0.0906085
7 0.239575
41 0.430287
48 0.186231
59 0.0532991
-1 -1
LEAF 818 9
65 classes
1 0.0530668
3 0.0528447
22 0.0532907
28 0.049724
41 0.461366
48 0.249603
62 0.080105
-1 -1
NODE 808 7
2dots_tau0
0 -15 -15 2 -10
809 810 
NODE 809 8
2dots_tau0
0 -10 7 1 5
813 814 
LEAF 813 9
65 classes
7 0.0183838
12 0.098604
28 0.106756
30 0.0122697
41 0.0495271
42 0.0372303
48 0.0428713
50 0.019508
58 0.60258
59 0.0122697
-1 -1
LEAF 814 9
65 classes
21 0.401649
32 0.10243
41 0.209536
42 0.105008
48 0.181377
-1 -1
NODE 810 8
2dots_tau0
0 -9 4 -7 10
811 812 
LEAF 811 9
65 classes
0 0.0325009
1 0.106515
12 0.11523
13 0.0804783
19 0.136846
21 0.0184906
27 0.0336662
32 0.0377242
35 0.192927
40 0.0331381
41 0.077171
42 0.0966845
51 0.0207622
62 0.0178652
-1 -1
LEAF 812 9
65 classes
0 0.0660143
6 0.0635693
21 0.0375574
23 0.0787327
35 0.0783732
41 0.0783732
45 0.0715155
48 0.0678408
56 0.073664
62 0.217722
63 0.166638
-1 -1
NODE 774 5
2dots_tau0
0 13 -6 -10 -10
775 776 
NODE 775 6
2dots_tau0
0 -1 -7 10 6
791 792 
NODE 791 7
2dots_tau0
0 -12 0 12 -14
799 800 
NODE 799 8
2dots_tau0
0 -14 -4 -1 1
803 804 
LEAF 803 9
65 classes
0 0.389332
19 0.409823
47 0.200846
-1 -1
LEAF 804 9
65 classes
0 0.720383
28 0.0867529
33 0.123332
37 0.0446058
59 0.0249267
-1 -1
NODE 800 8
2dots_tau0
0 7 -8 9 10
801 802 
LEAF 801 9
65 classes
0 0.595492
33 0.288858
35 0.0883721
62 0.0272777
-1 -1
LEAF 802 9
65 classes
0 1
-1 -1
NODE 792 7
2dots_tau0
0 -9 -4 3 4
793 794 
NODE 793 8
2dots_tau0
0 -3 0 13 5
797 798 
LEAF 797 9
65 classes
19 0.765996
40 0.148393
59 0.0856113
-1 -1
LEAF 798 9
65 classes
5 0.212541
7 0.236317
19 0.0705603
28 0.411694
48 0.0688869
-1 -1
NODE 794 8
2dots_tau0
0 -4 13 -4 -9
795 796 
LEAF 795 9
65 classes
3 0.176686
19 0.170964
28 0.166252
33 0.315134
37 0.170964
-1 -1
LEAF 796 9
65 classes
1 0.166806
6 0.0735184
19 0.401821
28 0.0781494
33 0.074067
37 0.160728
59 0.0449094
-1 -1
NODE 776 6
2dots_tau0
0 -12 11 -13 2
777 778 
NODE 777 7
2dots_tau0
0 5 5 4 -8
785 786 
NODE 785 8
2dots_tau0
0 -13 -8 14 4
789 790 
LEAF 789 9
65 classes
0 0.0276855
7 0.0244008
12 0.0327193
19 0.0291427
28 0.141698
35 0.0328687
37 0.0582853
40 0.0846852
41 0.131475
47 0.314209
48 0.0284515
59 0.0325712
62 0.0152183
63 0.0465905
-1 -1
LEAF 790 9
65 classes
35 0.51921
62 0.48079
-1 -1
NODE 786 8
2dots_tau0
0 13 2 12 -7
787 788 
LEAF 787 9
65 classes
1 0.135671
28 0.127124
35 0.0737205
41 0.663485
-1 -1
LEAF 788 9
65 classes
28 0.301476
35 0.6119
59 0.0866233
-1 -1
NODE 778 7
2dots_tau0
0 -4 -8 -3 10
779 780 
NODE 779 8
2dots_tau0
0 -14 -12 -15 1
783 784 
LEAF 783 9
65 classes
0 0.13234
41 0.471347
47 0.136541
48 0.136001
50 0.123771
-1 -1
LEAF 784 9
65 classes
1 0.0917337
19 0.0441956
20 0.0353279
22 0.0460604
32 0.0243668
40 0.0856181
41 0.648
59 0.0246975
-1 -1
NODE 780 8
2dots_tau0
0 -2 -7 -3 14
781 782 
LEAF 781 9
65 classes
0 0.0810804
1 0.17715
3 0.0882046
35 0.19252
40 0.413351
59 0.0476943
-1 -1
LEAF 782 9
65 classes
5 0.314355
7 0.0873799
22 0.217528
27 0.102698
28 0.101485
35 0.0588518
41 0.117704
-1 -1
NODE 514 2
2dots_tau0
0 -2 -3 -11 -4
515 516 
NODE 515 3
2dots_tau0
0 -5 13 15 -10
643 644 
NODE 643 4
2dots_tau0
0 -4 -2 0 4
707 708 
NODE 707 5
2dots_tau0
0 -9 -10 2 7
739 740 
NODE 739 6
2dots_tau0
0 13 7 5 4
755 756 
NODE 755 7
2dots_tau0
0 -10 1 -8 1
763 764 
NODE 763 8
2dots_tau0
0 7 1 -14 5
767 768 
LEAF 767 9
65 classes
14 0.125761
22 0.285483
47 0.402736
59 0.076538
63 0.109482
-1 -1
LEAF 768 9
65 classes
30 0.0607911
47 0.74638
51 0.132038
59 0.0607911
-1 -1
NODE 764 8
2dots_tau0
0 14 5 9 -4
765 766 
LEAF 765 9
65 classes
47 1
-1 -1
LEAF 766 9
65 classes
5 0.461385
19 0.153172
20 0.122439
30 0.0855964
49 0.08445
51 0.0929572
-1 -1
NODE 756 7
2dots_tau0
0 0 -14 -15 15
757 758 
NODE 757 8
2dots_tau0
0 3 0 9 15
761 762 
LEAF 761 9
65 classes
12 0.105148
20 0.224588
35 0.0528141
47 0.367183
49 0.0516352
62 0.048906
63 0.149725
-1 -1
LEAF 762 9
65 classes
5 0.507014
48 0.492986
-1 -1
NODE 758 8
2dots_tau0
0 10 10 -7 -15
759 760 
LEAF 759 9
65 classes
35 0.262647
48 0.454701
51 0.282652
-1 -1
LEAF 760 9
65 classes
14 0.157682
42 0.0970628
47 0.336638
51 0.312652
59 0.0959648
-1 -1
NODE 740 6
2dots_tau0
0 -3 13 -8 -13
741 742 
NODE 741 7
2dots_tau0
0 -8 13 -3 -10
749 750 
NODE 749 8
2dots_tau0
0 -6 -6 -8 -14
753 754 
LEAF 753 9
65 classes
0 0.0775214
3 0.0168666
12 0.0549697
15 0.0266961
16 0.0153274
18 0.014766
19 0.0489609
22 0.0340178
30 0.0182403
32 0.278938
33 0.0451244
35 0.0736276
37 0.0163203
40 0.0316166
41 0.0736276
48 0.063733
49 0.0359921
61 0.017996
62 0.0426122
63 0.0130457
-1 -1
LEAF 754 9
65 classes
1 0.160445
15 0.168591
30 0.0287977
40 0.199664
47 0.101021
48 0.100621
49 0.0284121
51 0.0312742
59 0.0575955
63 0.123579
-1 -1
NODE 750 8
2dots_tau0
0 2 14 -15 9
751 752 
LEAF 751 9
65 classes
0 0.28124
6 0.00731955
11 0.0092783
12 0.0269492
15 0.0196319
18 0.0289564
19 0.00800112
27 0.0314945
28 0.00778062
30 0.00894243
32 0.154397
33 0.103238
35 0.0857289
40 0.00775011
41 0.0451205
48 0.0156227
49 0.0308793
59 0.00447122
61 0.00441133
62 0.0292472
63 0.0895401
-1 -1
LEAF 752 9
65 classes
0 0.0668605
15 0.057562
22 0.0733491
28 0.0684399
41 0.158756
48 0.0687104
63 0.506322
-1 -1
NODE 742 7
2dots_tau0
0 0 7 7 -4
743 744 
NODE 743 8
2dots_tau0
0 15 -8 -13 4
747 748 
LEAF 747 9
65 classes
0 1
-1 -1
LEAF 748 9
65 classes
11 0.255822
12 0.495365
41 0.248813
-1 -1
NODE 744 8
2dots_tau0
0 8 -9 11 -4
745 746 
LEAF 745 9
65 classes
48 0.346196
62 0.370349
63 0.283455
-1 -1
LEAF 746 9
65 classes
6 0.636608
62 0.363392
-1 -1
NODE 708 5
2dots_tau0
0 0 12 5 -8
709 710 
NODE 709 6
2dots_tau0
0 1 1 -2 -8
725 726 
NODE 725 7
2dots_tau0
0 -5 -7 -13 2
733 734 
NODE 733 8
2dots_tau0
0 -6 12 -8 -12
737 738 
LEAF 737 9
65 classes
1 0.00742857
3 0.0221925
11 0.107906
12 0.0723272
13 0.0757714
15 0.0292715
16 0.00672243
19 0.00715789
20 0.017165
27 0.0422629
32 0.00394643
33 0.019791
35 0.0161461
37 0.0429473
42 0.00809153
45 0.0294667
49 0.0513035
50 0.146273
52 0.0372996
54 0.129524
55 0.00811009
58 0.0982222
62 0.0149514
63 0.00572168
-1 -1
LEAF 738 9
65 classes
4 0.313538
12 0.0475058
16 0.0397387
27 0.124916
33 0.0389973
35 0.119307
40 0.0409854
49 0.18663
62 0.0883828
-1 -1
NODE 734 8
2dots_tau0
0 13 -2 -8 -1
735 736 
LEAF 735 9
65 classes
1 0.00700874
3 0.00697941
4 0.0166808
5 0.00678081
6 0.0247123
9 0.0210262
10 0.00511681
11 0.109639
13 0.0158865
14 0.0124021
15 0.0331406
16 0.012685
18 0.00611018
19 0.00675336
22 0.0140766
24 0.0178087
27 0.099686
28 0.0459707
32 0.00372339
33 0.0186725
35 0.0114252
37 0.12156
40 0.0196245
45 0.0347516
47 0.00661936
48 0.0725252
49 0.0446807
50 0.144007
52 0.0281532
54 0.0244407
55 0.00382587
62 0.00352659
-1 -1
LEAF 736 9
65 classes
3 0.0193937
7 0.0078561
11 0.021761
15 0.053718
24 0.00824751
27 0.350864
40 0.00908843
48 0.00916028
58 0.515011
62 0.00489968
-1 -1
NODE 726 7
2dots_tau0
0 2 -8 -2 -14
727 728 
NODE 727 8
2dots_tau0
0 -8 10 -7 15
731 732 
LEAF 731 9
65 classes
0 0.234751
12 0.198167
27 0.0694768
33 0.390418
37 0.035301
48 0.0344638
56 0.0374221
-1 -1
LEAF 732 9
65 classes
0 0.289889
3 0.0573383
6 0.0253775
12 0.0311451
13 0.0326282
27 0.163791
33 0.230102
37 0.0554812
40 0.0268703
48 0.0270827
51 0.0168352
62 0.0434583
-1 -1
NODE 728 8
2dots_tau0
0 -6 -7 -2 -15
729 730 
LEAF 729 9
65 classes
0 0.641434
12 0.151612
35 0.076152
40 0.130802
-1 -1
LEAF 730 9
65 classes
0 0.0795454
3 0.0288449
4 0.0344697
19 0.0558213
28 0.0271415
30 0.0155971
33 0.205789
35 0.0314792
40 0.0811051
48 0.245239
49 0.061553
51 0.0169384
52 0.0581767
62 0.0582997
-1 -1
NODE 710 6
2dots_tau0
0 -1 15 -3 -7
711 712 
NODE 711 7
2dots_tau0
0 14 14 -15 -9
719 720 
NODE 719 8
2dots_tau0
0 -7 14 4 9
723 724 
LEAF 723 9
65 classes
2 0.104704
9 0.0326808
10 0.0119295
12 0.0353546
15 0.0128775
16 0.147871
19 0.015745
20 0.0251716
27 0.0154941
30 0.0175973
32 0.00868083
35 0.00887902
37 0.047235
40 0.015251
41 0.017758
45 0.0486126
47 0.200624
49 0.0607658
50 0.0699463
53 0.0365738
54 0.0284909
63 0.0377574
-1 -1
LEAF 724 9
65 classes
1 0.0204722
2 0.0437265
4 0.0162413
9 0.00682406
11 0.0610001
12 0.199325
13 0.00773394
16 0.0494031
27 0.0388237
30 0.0257215
32 0.0797562
35 0.0111242
37 0.0131508
39 0.0140313
40 0.0127382
41 0.0074161
50 0.309636
53 0.00509131
62 0.0515051
63 0.0262804
-1 -1
NODE 720 8
2dots_tau0
0 1 -11 5 1
721 722 
LEAF 721 9
65 classes
14 0.0386017
19 0.0420399
27 0.37233
30 0.0469858
35 0.0948298
37 0.0840798
40 0.040721
45 0.0432661
47 0.0412058
48 0.0410429
49 0.0231783
62 0.131719
-1 -1
LEAF 722 9
65 classes
0 0.0123083
1 0.026892
2 0.0246165
4 0.0320015
11 0.0751209
15 0.0529826
16 0.0365036
22 0.0135027
27 0.178494
28 0.100792
35 0.0146126
37 0.0129561
41 0.0146126
47 0.025398
51 0.00786278
52 0.0135027
54 0.0937773
56 0.0137345
62 0.250329
-1 -1
NODE 712 7
2dots_tau0
0 0 9 15 5
713 714 
NODE 713 8
2dots_tau0
0 13 -6 -13 0
717 718 
LEAF 717 9
65 classes
0 0.108284
11 0.0440592
12 0.0853147
27 0.112167
28 0.0369473
32 0.0837912
33 0.0700345
35 0.0642782
37 0.0379944
49 0.0837912
63 0.273338
-1 -1
LEAF 718 9
65 classes
0 0.179556
18 0.114004
19 0.0630021
27 0.185994
28 0.0612658
33 0.0580653
35 0.0710571
49 0.0347355
62 0.131598
63 0.100722
-1 -1
NODE 714 8
2dots_tau0
0 -6 8 -4 -7
715 716 
LEAF 715 9
65 classes
12 0.189431
47 0.0826883
54 0.228983
59 0.0942871
63 0.404611
-1 -1
LEAF 716 9
65 classes
11 0.137285
12 0.0664586
15 0.290481
27 0.0582505
54 0.0535564
56 0.0627506
63 0.331217
-1 -1
NODE 644 4
2dots_tau0
0 1 1 0 8
645 646 
NODE 645 5
2dots_tau0
0 -3 10 15 -14
677 678 
NODE 677 6
2dots_tau0
0 -6 -13 -3 -4
693 694 
NODE 693 7
2dots_tau0
0 -7 0 -14 -5
701 702 
NODE 701 8
2dots_tau0
0 4 3 -10 5
705 706 
LEAF 705 9
65 classes
2 0.0273815
11 0.10027
15 0.0235735
16 0.0812075
27 0.0283633
28 0.0560566
33 0.0265642
37 0.172936
40 0.0279184
45 0.0296633
56 0.0305545
58 0.395511
-1 -1
LEAF 706 9
65 classes
37 0.671105
47 0.328895
-1 -1
NODE 702 8
2dots_tau0
0 6 12 -3 7
703 704 
LEAF 703 9
65 classes
1 0.108106
11 0.0603971
15 0.0425979
16 0.146744
20 0.0416329
24 0.0915628
28 0.303888
35 0.0587424
37 0.0520833
54 0.094246
-1 -1
LEAF 704 9
65 classes
15 0.126721
16 0.291025
20 0.0619253
24 0.136192
42 0.043787
53 0.0599841
54 0.280365
-1 -1
NODE 694 7
2dots_tau0
0 3 15 2 -12
695 696 
NODE 695 8
2dots_tau0
0 1 6 6 1
699 700 
LEAF 699 9
65 classes
2 0.0439281
15 0.151276
16 0.390843
18 0.0418363
35 0.0521521
37 0.0924802
49 0.101976
54 0.125509
-1 -1
LEAF 700 9
65 classes
2 0.0254142
11 0.031022
16 0.150746
18 0.048408
19 0.0133759
22 0.0278805
28 0.351196
32 0.0663719
35 0.0226291
37 0.200638
40 0.0129563
48 0.0130587
49 0.022124
56 0.0141796
-1 -1
NODE 696 8
2dots_tau0
0 5 9 13 -7
697 698 
LEAF 697 9
65 classes
2 0.0856655
11 0.0522841
27 0.0443686
28 0.0438446
32 0.497166
33 0.0415542
45 0.0464022
54 0.163172
55 0.0255425
-1 -1
LEAF 698 9
65 classes
2 0.0472229
5 0.0166368
12 0.018603
16 0.10893
22 0.310834
27 0.0815269
28 0.209466
32 0.0639477
35 0.0280319
39 0.00883942
45 0.0170527
49 0.00913538
51 0.0100557
54 0.0299828
63 0.0397345
-1 -1
NODE 678 6
2dots_tau0
0 -13 3 -2 -2
679 680 
NODE 679 7
2dots_tau0
0 -2 14 -10 7
687 688 
NODE 687 8
2dots_tau0
0 12 10 -12 14
691 692 
LEAF 691 9
65 classes
2 0.118106
9 0.0322557
16 0.291896
24 0.0546396
30 0.0521054
42 0.0351344
44 0.105888
45 0.0639739
49 0.0514076
51 0.0188621
53 0.0240654
55 0.0528225
56 0.0988438
-1 -1
LEAF 692 9
65 classes
2 0.0805337
16 0.119423
20 0.067763
22 0.0441746
24 0.0372576
33 0.0390649
37 0.0847723
42 0.119787
44 0.0481351
47 0.0830904
49 0.116846
51 0.0257233
54 0.0383494
55 0.0480247
59 0.0236864
61 0.0233692
-1 -1
NODE 688 8
2dots_tau0
0 -14 -11 2 -15
689 690 
LEAF 689 9
65 classes
5 0.0488162
15 0.119292
19 0.0486185
22 0.15201
24 0.0854717
28 0.0472786
30 0.0543384
35 0.0274173
42 0.02748
44 0.0276064
45 0.0500366
47 0.0476539
51 0.118022
53 0.0376451
59 0.0815075
61 0.0268053
-1 -1
LEAF 690 9
65 classes
10 0.0244385
16 0.0605851
17 0.0300639
19 0.193529
20 0.103132
22 0.0672315
30 0.0180247
35 0.0181893
42 0.0729239
44 0.0183148
47 0.0316148
49 0.0177833
53 0.0249747
54 0.0291829
55 0.255819
56 0.0341929
-1 -1
NODE 680 7
2dots_tau0
0 15 -1 -12 -4
681 682 
NODE 681 8
2dots_tau0
0 15 6 -4 9
685 686 
LEAF 685 9
65 classes
1 0.0096375
2 0.0970422
4 0.00573431
6 0.00212382
10 0.00703597
11 0.0134608
13 0.00546125
15 0.0189878
16 0.174428
17 0.0108195
18 0.00210048
19 0.0139295
20 0.0129904
21 0.0338789
22 0.0387127
24 0.00408136
28 0.0248336
30 0.0116762
32 0.268796
37 0.0116079
39 0.00866959
42 0.019683
44 0.0237282
45 0.0143358
47 0.0113776
48 0.00226653
49 0.0716789
50 0.00618811
51 0.00281784
54 0.00420096
55 0.0447171
56 0.00492216
59 0.0116762
61 0.0063999
-1 -1
LEAF 686 9
65 classes
1 0.00747679
2 0.177948
11 0.00835434
15 0.0058923
16 0.0947249
19 0.0288174
20 0.0575882
22 0.00750833
27 0.00708954
30 0.00402596
32 0.150938
35 0.00406273
37 0.0288174
42 0.138449
45 0.0519014
47 0.00706141
49 0.150938
51 0.00874435
52 0.00750833
53 0.00557829
59 0.00805192
61 0.00397204
63 0.0345529
-1 -1
NODE 682 8
2dots_tau0
0 12 12 -3 5
683 684 
LEAF 683 9
65 classes
15 0.0237863
17 0.0542148
20 0.0697423
22 0.0909298
24 0.0255639
28 0.395939
37 0.0290828
42 0.230134
49 0.0481035
59 0.0325043
-1 -1
LEAF 684 9
65 classes
15 0.10051
20 0.14735
22 0.0640382
24 0.108022
33 0.0566308
35 0.103952
49 0.271019
51 0.0372901
54 0.111187
-1 -1
NODE 646 5
2dots_tau0
0 4 1 15 -11
647 648 
NODE 647 6
2dots_tau0
0 -10 9 12 0
663 664 
NODE 663 7
2dots_tau0
0 8 -8 11 -6
671 672 
NODE 671 8
2dots_tau0
0 -7 15 8 -1
675 676 
LEAF 675 9
65 classes
28 0.301238
41 0.698762
-1 -1
LEAF 676 9
65 classes
0 0.189269
5 0.0400081
12 0.134209
33 0.367238
41 0.134822
48 0.0389011
63 0.0955532
-1 -1
NODE 672 8
2dots_tau0
0 -8 -10 -4 14
673 674 
LEAF 673 9
65 classes
15 0.626238
48 0.373762
-1 -1
LEAF 674 9
65 classes
0 0.137726
5 0.0727819
9 0.0752283
12 0.325533
33 0.0668072
48 0.0707682
50 0.193212
63 0.0579429
-1 -1
NODE 664 7
2dots_tau0
0 9 -3 -5 2
665 666 
NODE 665 8
2dots_tau0
0 10 -7 -6 -1
669 670 
LEAF 669 9
65 classes
0 0.00574453
1 0.00627553
4 0.00746789
5 0.0121429
6 0.149358
9 0.0502043
11 0.0420726
12 0.190092
13 0.0213368
15 0.00989124
17 0.00563614
20 0.00483358
24 0.0159457
33 0.0947418
37 0.0665156
39 0.00322587
48 0.0118069
49 0.0566759
50 0.193413
53 0.00468206
56 0.0256408
62 0.0126307
63 0.00966717
-1 -1
LEAF 670 9
65 classes
6 0.781785
12 0.151494
17 0.0419229
49 0.0247982
-1 -1
NODE 666 8
2dots_tau0
0 1 2 6 1
667 668 
LEAF 667 9
65 classes
6 0.442172
12 0.180889
35 0.0908573
48 0.157294
63 0.128788
-1 -1
LEAF 668 9
65 classes
6 0.586418
12 0.08467
18 0.0682322
27 0.0371064
33 0.0695052
50 0.0335025
63 0.120566
-1 -1
NODE 648 6
2dots_tau0
0 9 -7 13 -4
649 650 
NODE 649 7
2dots_tau0
0 14 2 -11 5
657 658 
NODE 657 8
2dots_tau0
0 0 14 6 14
661 662 
LEAF 661 9
65 classes
1 0.0129337
9 0.038801
12 0.405765
21 0.0067357
23 0.0282405
30 0.0417857
32 0.0206131
33 0.172288
37 0.0373872
39 0.00664841
41 0.0140558
44 0.00707636
45 0.0256518
48 0.0365006
50 0.0996545
51 0.0226896
56 0.0132112
63 0.00996186
-1 -1
LEAF 662 9
65 classes
5 0.0136451
6 0.0124322
9 0.338491
12 0.0610309
13 0.0319686
16 0.0127631
21 0.0367254
30 0.0455661
33 0.02505
35 0.0153274
37 0.0271798
39 0.0144998
40 0.0263271
41 0.0153274
44 0.169764
45 0.0139863
48 0.0132676
49 0.0149853
50 0.0603723
56 0.0288129
61 0.0224779
-1 -1
NODE 658 8
2dots_tau0
0 -1 -14 -15 -12
659 660 
LEAF 659 9
65 classes
0 0.0283551
5 0.0149844
9 0.247809
19 0.0447712
20 0.0238587
30 0.033359
33 0.398876
35 0.0084159
37 0.0447712
45 0.138231
59 0.00833974
61 0.00822805
-1 -1
LEAF 660 9
65 classes
2 0.218075
30 0.128279
32 0.126561
42 0.259494
51 0.139311
59 0.128279
-1 -1
NODE 650 7
2dots_tau0
0 -4 -15 -7 8
651 652 
NODE 651 8
2dots_tau0
0 -12 7 -8 1
655 656 
LEAF 655 9
65 classes
1 0.0464614
9 0.0232307
11 0.0519146
12 0.0753942
13 0.0789844
20 0.0178929
21 0.0120983
30 0.0125088
33 0.123781
37 0.15669
40 0.065046
44 0.0889709
51 0.0815072
56 0.0711876
59 0.0125088
62 0.0818231
-1 -1
LEAF 656 9
65 classes
3 0.0185202
12 0.382275
21 0.0774851
30 0.0600861
33 0.0660648
35 0.0303174
37 0.0358408
39 0.105161
40 0.0520746
50 0.0318442
52 0.0186765
62 0.121654
-1 -1
NODE 652 8
2dots_tau0
0 -6 9 6 5
653 654 
LEAF 653 9
65 classes
3 0.0930293
22 0.0312714
23 0.0339969
30 0.0503032
33 0.0276542
35 0.0338417
42 0.0678383
44 0.0340751
45 0.0926417
47 0.0588201
50 0.373233
52 0.0625429
59 0.0167677
63 0.0239849
-1 -1
LEAF 654 9
65 classes
3 0.0176001
9 0.365263
12 0.0382401
13 0.0133537
19 0.0113533
21 0.0153407
22 0.00591619
30 0.0888232
33 0.0104637
37 0.0113533
39 0.00605675
40 0.0109972
44 0.0451263
45 0.0292112
47 0.00556404
48 0.0221682
50 0.171484
52 0.0532457
59 0.00317226
61 0.0219084
62 0.0533583
-1 -1
NODE 516 3
2dots_tau0
0 -10 12 -6 1
517 518 
NODE 517 4
2dots_tau0
0 7 13 -8 -11
581 582 
NODE 581 5
2dots_tau0
0 10 7 -14 14
613 614 
NODE 613 6
2dots_tau0
0 -3 7 -1 -10
629 630 
NODE 629 7
2dots_tau0
0 8 -8 -5 -14
637 638 
NODE 637 8
2dots_tau0
0 13 -7 1 -11
641 642 
LEAF 641 9
65 classes
1 0.0175501
2 0.0107101
7 0.0188788
9 0.157951
16 0.0105879
19 0.0225475
22 0.00587472
24 0.029729
27 0.0166411
30 0.0126001
35 0.00317879
40 0.0764405
44 0.0416092
45 0.197244
48 0.0165096
49 0.00310783
51 0.00684181
52 0.0822461
53 0.144032
54 0.0204001
56 0.0717069
59 0.00630004
61 0.0155392
62 0.0117743
-1 -1
LEAF 642 9
65 classes
0 0.0174436
1 0.114336
4 0.0226766
5 0.0368726
11 0.0212926
19 0.0183616
20 0.0293548
24 0.0161399
27 0.108414
28 0.0178556
35 0.0103546
37 0.0734465
40 0.0533568
47 0.0719893
48 0.0896309
53 0.184825
54 0.0166129
56 0.0778596
62 0.0191768
-1 -1
NODE 638 8
2dots_tau0
0 10 0 -15 5
639 640 
LEAF 639 9
65 classes
1 0.134474
4 0.0800119
7 0.108491
24 0.341688
28 0.0630015
37 0.0647869
44 0.0367871
49 0.0357196
52 0.135041
-1 -1
LEAF 640 9
65 classes
1 0.307634
20 0.236948
28 0.288256
35 0.167162
-1 -1
NODE 630 7
2dots_tau0
0 15 -5 11 10
631 632 
NODE 631 8
2dots_tau0
0 0 -10 -14 -2
635 636 
LEAF 635 9
65 classes
1 0.0677478
3 0.0337322
5 0.0983169
9 0.0338739
24 0.0573807
27 0.0321195
28 0.0634802
30 0.0182398
35 0.0368127
37 0.0652793
47 0.031992
48 0.0318656
49 0.035991
52 0.0340168
53 0.0758181
54 0.0295311
55 0.147926
56 0.0346008
59 0.0182398
61 0.035991
62 0.0170444
-1 -1
LEAF 636 9
65 classes
5 0.164547
7 0.192101
15 0.026807
19 0.0327761
20 0.0785991
22 0.0341591
24 0.115241
28 0.0318728
35 0.0184833
41 0.147867
51 0.0198912
53 0.101514
61 0.0361415
-1 -1
NODE 632 8
2dots_tau0
0 -4 -6 -2 14
633 634 
LEAF 633 9
65 classes
5 0.0651712
20 0.0864731
24 0.475448
27 0.042582
28 0.042079
41 0.170814
49 0.0596433
55 0.012257
56 0.0229358
62 0.0225964
-1 -1
LEAF 634 9
65 classes
5 0.12047
7 0.020092
13 0.0282245
17 0.0223666
19 0.0239965
20 0.0191817
24 0.168744
27 0.165299
28 0.0233352
37 0.0719895
41 0.0270646
47 0.0235204
48 0.0234274
49 0.0264604
52 0.025009
53 0.0743215
54 0.0217111
56 0.0763151
59 0.0134098
62 0.0250619
-1 -1
NODE 614 6
2dots_tau0
0 12 -11 14 0
615 616 
NODE 615 7
2dots_tau0
0 4 -8 -6 -10
623 624 
NODE 623 8
2dots_tau0
0 1 -14 2 14
627 628 
LEAF 627 9
65 classes
2 0.0154971
5 0.0491371
16 0.045961
19 0.0326255
20 0.0260793
22 0.102006
28 0.0158632
42 0.0184405
47 0.255825
53 0.429449
59 0.00911594
-1 -1
LEAF 628 9
65 classes
1 0.0218145
2 0.0133124
5 0.021105
15 0.00573051
16 0.0526422
19 0.0350327
22 0.0292087
24 0.184763
27 0.0137898
28 0.0408806
30 0.00391542
40 0.0203602
41 0.023707
42 0.0633634
47 0.0961452
48 0.0684037
53 0.287531
62 0.018294
-1 -1
NODE 624 8
2dots_tau0
0 14 14 -3 6
625 626 
LEAF 625 9
65 classes
1 0.0583966
7 0.0471132
20 0.0449786
24 0.197842
28 0.109436
42 0.477062
51 0.0341484
61 0.0310232
-1 -1
LEAF 626 9
65 classes
1 0.144749
15 0.228148
24 0.490396
47 0.136708
-1 -1
NODE 616 7
2dots_tau0
0 3 14 -3 1
617 618 
NODE 617 8
2dots_tau0
0 -6 -8 -2 14
621 622 
LEAF 621 9
65 classes
6 0.0597276
15 0.0533989
17 0.0608546
24 0.229558
27 0.192747
28 0.19047
55 0.110962
62 0.102282
-1 -1
LEAF 622 9
65 classes
1 0.0124729
3 0.00621038
5 0.0482693
9 0.0374188
14 0.00551777
15 0.00982967
16 0.0225746
22 0.0814162
24 0.0105643
27 0.00591347
28 0.105185
33 0.00553836
40 0.0174621
42 0.0135861
45 0.024738
47 0.11191
48 0.00586672
49 0.00331313
53 0.437374
54 0.00543693
55 0.0136173
56 0.0063703
62 0.00941404
-1 -1
NODE 618 8
2dots_tau0
0 -12 11 0 -3
619 620 
LEAF 619 9
65 classes
0 0.0345156
1 0.0377061
5 0.14592
7 0.0304205
15 0.0297154
22 0.416517
24 0.0958084
30 0.0406066
53 0.168791
-1 -1
LEAF 620 9
65 classes
22 0.742893
45 0.146721
53 0.110386
-1 -1
NODE 582 5
2dots_tau0
0 14 -14 3 -7
583 584 
NODE 583 6
2dots_tau0
0 8 2 15 1
599 600 
NODE 599 7
2dots_tau0
0 10 -4 14 -2
607 608 
NODE 607 8
2dots_tau0
0 9 0 -14 -9
611 612 
LEAF 611 9
65 classes
1 0.0295209
5 0.0285608
7 0.142901
14 0.0522377
15 0.0697944
17 0.0265131
19 0.142226
22 0.0592909
23 0.0644584
28 0.0553226
40 0.0551056
42 0.0803886
45 0.0292749
47 0.0278808
49 0.015683
53 0.0440499
55 0.0322292
62 0.0445622
-1 -1
LEAF 612 9
65 classes
5 0.0404078
15 0.0658299
22 0.0838845
24 0.212249
41 0.0453896
58 0.55224
-1 -1
NODE 608 8
2dots_tau0
0 14 -1 -15 2
609 610 
LEAF 609 9
65 classes
1 0.192379
3 0.0638582
5 0.186123
7 0.0517359
19 0.0617899
22 0.128794
28 0.120174
42 0.0349247
53 0.0956872
62 0.0645332
-1 -1
LEAF 610 9
65 classes
5 0.201857
15 0.219235
19 0.0670132
22 0.139681
24 0.176714
28 0.195499
-1 -1
NODE 600 7
2dots_tau0
0 5 6 -11 15
601 602 
NODE 601 8
2dots_tau0
0 13 -14 -3 7
605 606 
LEAF 605 9
65 classes
5 0.355455
9 0.0734807
15 0.115817
24 0.248945
35 0.0399279
40 0.068582
51 0.0429691
53 0.0548226
-1 -1
LEAF 606 9
65 classes
15 0.437741
24 0.470455
45 0.091804
-1 -1
NODE 602 8
2dots_tau0
0 0 3 10 -1
603 604 
LEAF 603 9
65 classes
1 0.0776233
14 0.137356
15 0.611734
24 0.13149
59 0.0417972
-1 -1
LEAF 604 9
65 classes
1 0.154878
3 0.0514099
7 0.0833014
14 0.274059
19 0.0497448
22 0.103687
42 0.224933
51 0.0301891
59 0.0277985
-1 -1
NODE 584 6
2dots_tau0
0 -5 -15 -7 1
585 586 
NODE 585 7
2dots_tau0
0 1 12 7 8
593 594 
NODE 593 8
2dots_tau0
0 -3 1 9 14
597 598 
LEAF 597 9
65 classes
5 0.133378
19 0.0664192
20 0.106185
21 0.0358984
24 0.0583827
27 0.0653608
28 0.0645888
30 0.0742333
40 0.0643355
41 0.224734
59 0.0371166
62 0.0693681
-1 -1
LEAF 598 9
65 classes
5 0.0568594
7 0.047415
22 0.0590186
28 0.440548
41 0.0638695
47 0.111011
53 0.0438477
62 0.17743
-1 -1
NODE 594 8
2dots_tau0
0 2 11 -11 10
595 596 
LEAF 595 9
65 classes
11 0.338922
20 0.233626
40 0.14155
47 0.143235
48 0.142669
-1 -1
LEAF 596 9
65 classes
7 0.342266
47 0.200334
53 0.158258
54 0.184924
59 0.114218
-1 -1
NODE 586 7
2dots_tau0
0 -9 -5 1 13
587 588 
NODE 587 8
2dots_tau0
0 -6 -2 7 -11
591 592 
LEAF 591 9
65 classes
7 0.0793654
15 0.232577
19 0.0947886
22 0.395152
28 0.0921763
30 0.0529701
59 0.0529701
-1 -1
LEAF 592 9
65 classes
5 0.140729
7 0.058677
19 0.0467198
22 0.511257
28 0.0681484
47 0.0457929
48 0.0228059
55 0.10587
-1 -1
NODE 588 8
2dots_tau0
0 -6 4 3 3
589 590 
LEAF 589 9
65 classes
0 0.102925
3 0.335907
19 0.108342
22 0.225828
28 0.105357
30 0.0605443
35 0.0610972
-1 -1
LEAF 590 9
65 classes
5 0.154301
19 0.038419
22 0.28028
27 0.0378068
28 0.0373602
41 0.303317
48 0.0375079
53 0.0892429
55 0.0217649
-1 -1
NODE 518 4
2dots_tau0
0 13 0 -10 -13
519 520 
NODE 519 5
2dots_tau0
0 14 -1 2 13
551 552 
NODE 551 6
2dots_tau0
0 13 6 8 -6
567 568 
NODE 567 7
2dots_tau0
0 2 0 -2 7
575 576 
NODE 575 8
2dots_tau0
0 -14 -1 -7 -3
579 580 
LEAF 579 9
65 classes
2 0.0594197
9 0.0649123
15 0.204624
20 0.0499972
22 0.0651862
35 0.070544
47 0.0613061
53 0.0968597
54 0.226361
56 0.0663053
61 0.0344847
-1 -1
LEAF 580 9
65 classes
15 0.0911584
22 0.348479
30 0.124569
49 0.184352
51 0.135282
52 0.11616
-1 -1
NODE 576 8
2dots_tau0
0 8 7 1 -13
577 578 
LEAF 577 9
65 classes
0 0.0472711
9 0.0516407
14 0.0456896
23 0.0563784
30 0.111226
40 0.048198
45 0.102421
50 0.353683
52 0.103717
59 0.0278065
62 0.0519683
-1 -1
LEAF 578 9
65 classes
23 1
-1 -1
NODE 568 7
2dots_tau0
0 9 7 0 -13
569 570 
NODE 569 8
2dots_tau0
0 -6 11 -9 4
573 574 
LEAF 573 9
65 classes
1 0.0406968
3 0.0405265
4 0.0484291
7 0.0328333
9 0.203484
15 0.0320723
30 0.131482
41 0.0884551
45 0.0807152
48 0.0382839
49 0.0432403
50 0.0348411
52 0.0408685
53 0.0607262
59 0.0219136
62 0.0614323
-1 -1
LEAF 574 9
65 classes
9 0.050895
13 0.0576809
15 0.0802185
19 0.539445
30 0.05481
37 0.0490405
47 0.0961349
54 0.04437
59 0.027405
-1 -1
NODE 570 8
2dots_tau0
0 -14 0 0 4
571 572 
LEAF 571 9
65 classes
0 0.272346
15 0.156313
22 0.099592
42 0.378085
47 0.0936639
-1 -1
LEAF 572 9
65 classes
0 0.186922
15 0.241389
22 0.102531
30 0.0549769
40 0.190587
48 0.0960466
53 0.0761749
62 0.0513738
-1 -1
NODE 552 6
2dots_tau0
0 -9 5 13 3
553 554 
NODE 553 7
2dots_tau0
0 -9 10 7 6
561 562 
NODE 561 8
2dots_tau0
0 6 0 -9 2
565 566 
LEAF 565 9
65 classes
27 0.109653
35 0.0628378
42 0.0629816
47 0.764527
-1 -1
LEAF 566 9
65 classes
0 0.100023
19 0.0526436
35 0.0296871
54 0.0952598
58 0.722387
-1 -1
NODE 562 8
2dots_tau0
0 1 0 9 -9
563 564 
LEAF 563 9
65 classes
0 0.105447
12 0.249239
19 0.110997
47 0.108795
48 0.325095
54 0.100426
-1 -1
LEAF 564 9
65 classes
0 0.0658766
1 0.215898
19 0.242703
30 0.0193755
35 0.0195524
40 0.436594
-1 -1
NODE 554 7
2dots_tau0
0 11 3 4 -7
555 556 
NODE 555 8
2dots_tau0
0 -14 9 -13 -1
559 560 
LEAF 559 9
65 classes
1 0.140812
15 0.110971
20 0.108457
40 0.262849
41 0.306057
62 0.0708526
-1 -1
LEAF 560 9
65 classes
1 0.120368
4 0.0716192
7 0.0485554
9 0.0601842
11 0.134496
20 0.0463555
30 0.0648138
35 0.0327028
40 0.224688
41 0.196217
-1 -1
NODE 556 8
2dots_tau0
0 -9 -7 0 7
557 558 
LEAF 557 9
65 classes
22 1
-1 -1
LEAF 558 9
65 classes
2 0.104821
15 0.360974
27 0.21716
37 0.110338
40 0.106877
54 0.0998298
-1 -1
NODE 520 5
2dots_tau0
0 14 2 11 3
521 522 
NODE 521 6
2dots_tau0
0 -2 3 12 -4
537 538 
NODE 537 7
2dots_tau0
0 -13 14 -8 -7
545 546 
NODE 545 8
2dots_tau0
0 8 12 12 3
549 550 
LEAF 549 9
65 classes
41 1
-1 -1
LEAF 550 9
65 classes
15 1
-1 -1
NODE 546 8
2dots_tau0
0 -5 14 7 -3
547 548 
LEAF 547 9
65 classes
12 0.106506
15 0.465524
41 0.42797
-1 -1
LEAF 548 9
65 classes
40 0.0257441
41 0.959234
42 0.0150223
-1 -1
NODE 538 7
2dots_tau0
0 -4 -15 6 0
539 540 
NODE 539 8
2dots_tau0
0 15 -1 13 -9
543 544 
LEAF 543 9
65 classes
3 0.646972
35 0.353028
-1 -1
LEAF 544 9
65 classes
-1 -1
NODE 540 8
2dots_tau0
0 -3 -4 14 -15
541 542 
LEAF 541 9
65 classes
41 1
-1 -1
LEAF 542 9
65 classes
2 0.497619
15 0.107103
19 0.130952
22 0.136478
48 0.127847
-1 -1
NODE 522 6
2dots_tau0
0 10 8 5 -15
523 524 
NODE 523 7
2dots_tau0
0 8 10 -2 2
531 532 
NODE 531 8
2dots_tau0
0 9 -3 14 15
535 536 
LEAF 535 9
65 classes
0 0.046185
1 0.252271
3 0.0502431
12 0.0545822
19 0.0486158
20 0.0388611
27 0.095682
28 0.0472759
35 0.0822472
40 0.141272
47 0.0953023
48 0.0474628
-1 -1
LEAF 536 9
65 classes
5 0.424131
20 0.337658
35 0.238211
-1 -1
NODE 532 8
2dots_tau0
0 6 0 -13 -10
533 534 
LEAF 533 9
65 classes
-1 -1
LEAF 534 9
65 classes
20 0.739241
35 0.260759
-1 -1
NODE 524 7
2dots_tau0
0 12 -11 -1 -4
525 526 
NODE 525 8
2dots_tau0
0 0 -10 -10 -7
529 530 
LEAF 529 9
65 classes
0 0.111568
5 0.117918
15 0.192104
40 0.113756
42 0.464654
-1 -1
LEAF 530 9
65 classes
40 0.224415
41 0.52261
42 0.196427
48 0.0565473
-1 -1
NODE 526 8
2dots_tau0
0 -6 7 7 -10
527 528 
LEAF 527 9
65 classes
27 1
-1 -1
LEAF 528 9
65 classes
20 0.0648094
27 0.0797852
40 0.235601
41 0.365773
62 0.254031
-1 -1
NODE 2 1
2dots_tau0
0 -2 -9 14 15
3 4 
NODE 3 2
2dots_tau0
0 -10 1 13 -13
259 260 
NODE 259 3
2dots_tau0
0 -7 5 -9 9
387 388 
NODE 387 4
2dots_tau0
0 -5 5 -14 -15
451 452 
NODE 451 5
2dots_tau0
0 10 -12 -6 -1
483 484 
NODE 483 6
2dots_tau0
0 -2 4 5 -13
499 500 
NODE 499 7
2dots_tau0
0 -12 15 2 -5
507 508 
NODE 507 8
2dots_tau0
0 0 12 -2 13
511 512 
LEAF 511 9
65 classes
-1 -1
LEAF 512 9
65 classes
-1 -1
NODE 508 8
2dots_tau0
0 13 -8 13 4
509 510 
LEAF 509 9
65 classes
35 1
-1 -1
LEAF 510 9
65 classes
12 0.132626
18 0.320634
33 0.108872
35 0.199847
49 0.0651289
54 0.106878
59 0.066013
-1 -1
NODE 500 7
2dots_tau0
0 9 2 -5 -6
501 502 
NODE 501 8
2dots_tau0
0 -8 -13 14 7
505 506 
LEAF 505 9
65 classes
19 0.841768
35 0.158232
-1 -1
LEAF 506 9
65 classes
0 0.119861
18 0.114154
27 0.248318
33 0.116283
35 0.142301
39 0.0673087
40 0.122212
49 0.0695624
-1 -1
NODE 502 8
2dots_tau0
0 -6 6 -14 -10
503 504 
LEAF 503 9
65 classes
0 0.325551
27 0.674449
-1 -1
LEAF 504 9
65 classes
20 1
-1 -1
NODE 484 6
2dots_tau0
0 6 7 14 -7
485 486 
NODE 485 7
2dots_tau0
0 14 9 4 -3
493 494 
NODE 493 8
2dots_tau0
0 -5 -3 15 -8
497 498 
LEAF 497 9
65 classes
3 0.0772617
11 0.0577951
18 0.0901858
19 0.0249198
27 0.0735679
33 0.0459342
35 0.0140529
40 0.0724139
41 0.112423
47 0.0244253
58 0.341955
62 0.0650654
-1 -1
LEAF 498 9
65 classes
3 0.353476
33 0.315227
40 0.331297
-1 -1
NODE 494 8
2dots_tau0
0 -2 -3 -15 -1
495 496 
LEAF 495 9
65 classes
0 0.117156
11 0.0357518
12 0.138457
18 0.251048
27 0.121357
35 0.0347723
40 0.0895898
41 0.0347723
62 0.177096
-1 -1
LEAF 496 9
65 classes
3 0.212184
9 0.213076
19 0.410624
20 0.164117
-1 -1
NODE 486 7
2dots_tau0
0 9 -11 10 -9
487 488 
NODE 487 8
2dots_tau0
0 12 -15 9 4
491 492 
LEAF 491 9
65 classes
27 1
-1 -1
LEAF 492 9
65 classes
-1 -1
NODE 488 8
2dots_tau0
0 -5 -6 12 -13
489 490 
LEAF 489 9
65 classes
19 0.234831
35 0.132428
41 0.264855
62 0.367886
-1 -1
LEAF 490 9
65 classes
19 1
-1 -1
NODE 452 5
2dots_tau0
0 0 5 -6 -6
453 454 
NODE 453 6
2dots_tau0
0 -1 -11 8 -13
469 470 
NODE 469 7
2dots_tau0
0 13 15 -3 -1
477 478 
NODE 477 8
2dots_tau0
0 2 5 -11 -10
481 482 
LEAF 481 9
65 classes
5 0.153802
15 0.250564
18 0.277181
48 0.149546
49 0.168907
-1 -1
LEAF 482 9
65 classes
4 1
-1 -1
NODE 478 8
2dots_tau0
0 -5 -6 1 -13
479 480 
LEAF 479 9
65 classes
18 1
-1 -1
LEAF 480 9
65 classes
6 0.0949561
15 0.254684
18 0.281738
19 0.207596
37 0.103798
49 0.057228
-1 -1
NODE 470 7
2dots_tau0
0 -10 -5 -15 -10
471 472 
NODE 471 8
2dots_tau0
0 14 10 2 -2
475 476 
LEAF 475 9
65 classes
19 0.256684
20 0.205181
35 0.289503
40 0.248632
-1 -1
LEAF 476 9
65 classes
27 1
-1 -1
NODE 472 8
2dots_tau0
0 -12 -8 -4 -12
473 474 
LEAF 473 9
65 classes
1 0.217888
3 0.216976
19 0.209949
35 0.355187
-1 -1
LEAF 474 9
65 classes
11 0.429091
27 0.364129
59 0.206779
-1 -1
NODE 454 6
2dots_tau0
0 7 2 6 -11
455 456 
NODE 455 7
2dots_tau0
0 -5 -15 2 14
463 464 
NODE 463 8
2dots_tau0
0 -1 -15 1 -9
467 468 
LEAF 467 9
65 classes
14 0.26408
19 0.575202
59 0.160718
-1 -1
LEAF 468 9
65 classes
62 1
-1 -1
NODE 464 8
2dots_tau0
0 0 -1 -14 11
465 466 
LEAF 465 9
65 classes
1 0.14738
3 0.146764
19 0.14201
20 0.113516
28 0.138096
59 0.238076
62 0.0741575
-1 -1
LEAF 466 9
65 classes
56 1
-1 -1
NODE 456 7
2dots_tau0
0 6 -12 4 0
457 458 
NODE 457 8
2dots_tau0
0 15 8 -5 -7
461 462 
LEAF 461 9
65 classes
45 0.648094
59 0.351906
-1 -1
LEAF 462 9
65 classes
1 0.357882
20 0.275651
59 0.0963529
62 0.270114
-1 -1
NODE 458 8
2dots_tau0
0 15 9 -3 -9
459 460 
LEAF 459 9
65 classes
-1 -1
LEAF 460 9
65 classes
3 1
-1 -1
NODE 388 4
2dots_tau0
0 5 -7 -11 1
389 390 
NODE 389 5
2dots_tau0
0 -13 -10 -2 15
421 422 
NODE 421 6
2dots_tau0
0 -13 0 15 7
437 438 
NODE 437 7
2dots_tau0
0 7 5 6 -4
445 446 
NODE 445 8
2dots_tau0
0 -13 -8 0 1
449 450 
LEAF 449 9
65 classes
-1 -1
LEAF 450 9
65 classes
5 0.27003
18 0.72997
-1 -1
NODE 446 8
2dots_tau0
0 0 0 2 -15
447 448 
LEAF 447 9
65 classes
5 0.0768037
6 0.0699767
17 0.071297
18 0.276831
21 0.0413429
22 0.0797203
28 0.148769
35 0.0431363
37 0.0764928
51 0.0464219
54 0.0692078
-1 -1
LEAF 448 9
65 classes
27 0.485128
62 0.514872
-1 -1
NODE 438 7
2dots_tau0
0 -2 14 -12 14
439 440 
NODE 439 8
2dots_tau0
0 7 -1 1 -15
443 444 
LEAF 443 9
65 classes
4 0.316537
18 0.347843
37 0.128153
56 0.135853
59 0.0716147
-1 -1
LEAF 444 9
65 classes
18 0.640401
19 0.141562
35 0.0798309
48 0.138205
-1 -1
NODE 440 8
2dots_tau0
0 6 10 0 12
441 442 
LEAF 441 9
65 classes
3 0.0288738
5 0.0561044
6 0.102235
9 0.0289951
15 0.205654
17 0.0520818
18 0.379167
28 0.0271687
35 0.0157553
52 0.0291175
56 0.0592347
59 0.0156128
-1 -1
LEAF 442 9
65 classes
5 0.523256
6 0.476744
-1 -1
NODE 422 6
2dots_tau0
0 0 -4 8 12
423 424 
NODE 423 7
2dots_tau0
0 -14 -12 9 -1
431 432 
NODE 431 8
2dots_tau0
0 -8 12 14 -1
435 436 
LEAF 435 9
65 classes
18 0.232107
47 0.25145
51 0.311377
63 0.205066
-1 -1
LEAF 436 9
65 classes
18 1
-1 -1
NODE 432 8
2dots_tau0
0 3 1 -15 -9
433 434 
LEAF 433 9
65 classes
0 0.145736
35 0.0865099
37 0.306812
47 0.300725
62 0.160217
-1 -1
LEAF 434 9
65 classes
47 1
-1 -1
NODE 424 7
2dots_tau0
0 -9 -8 6 -14
425 426 
NODE 425 8
2dots_tau0
0 -15 15 12 -9
429 430 
LEAF 429 9
65 classes
3 0.275658
12 0.0748662
18 0.180995
19 0.0666824
27 0.131239
40 0.129181
56 0.141378
-1 -1
LEAF 430 9
65 classes
56 1
-1 -1
NODE 426 8
2dots_tau0
0 1 9 9 -9
427 428 
LEAF 427 9
65 classes
0 0.0392411
3 0.170756
4 0.0510134
12 0.0927517
18 0.560587
37 0.0413064
61 0.0227739
62 0.0215702
-1 -1
LEAF 428 9
65 classes
1 0.0871101
5 0.0842772
11 0.0973343
12 0.0942373
18 0.151884
27 0.165197
35 0.142001
56 0.177959
-1 -1
NODE 390 5
2dots_tau0
0 -10 0 0 6
391 392 
NODE 391 6
2dots_tau0
0 13 14 14 6
407 408 
NODE 407 7
2dots_tau0
0 14 -11 8 -7
415 416 
NODE 415 8
2dots_tau0
0 15 4 2 -1
419 420 
LEAF 419 9
65 classes
-1 -1
LEAF 420 9
65 classes
24 0.197206
30 0.37612
33 0.206772
47 0.219901
-1 -1
NODE 416 8
2dots_tau0
0 -12 0 -5 2
417 418 
LEAF 417 9
65 classes
1 0.106825
28 0.100095
30 0.517688
39 0.054912
48 0.100491
51 0.0624674
59 0.0575209
-1 -1
LEAF 418 9
65 classes
1 0.254229
19 0.48993
62 0.255841
-1 -1
NODE 408 7
2dots_tau0
0 -6 -8 1 8
409 410 
NODE 409 8
2dots_tau0
0 4 -5 4 5
413 414 
LEAF 413 9
65 classes
3 0.281141
15 0.222493
27 0.13385
45 0.27997
51 0.0825464
-1 -1
LEAF 414 9
65 classes
1 0.120831
3 0.120325
7 0.0974836
15 0.0952241
18 0.105339
19 0.116428
24 0.10234
40 0.112775
59 0.0650626
61 0.0641912
-1 -1
NODE 410 8
2dots_tau0
0 15 1 -1 7
411 412 
LEAF 411 9
65 classes
1 0.0542632
5 0.262493
6 0.047832
7 0.0437784
19 0.104572
24 0.0459596
35 0.0294855
40 0.0506457
47 0.0512486
48 0.25523
52 0.0544922
-1 -1
LEAF 412 9
65 classes
1 0.0713786
5 0.0690573
18 0.0622275
19 0.0687777
30 0.0768692
35 0.116357
40 0.26648
47 0.0674131
48 0.20144
-1 -1
NODE 392 6
2dots_tau0
0 11 -4 5 -2
393 394 
NODE 393 7
2dots_tau0
0 3 0 14 2
401 402 
NODE 401 8
2dots_tau0
0 -5 -4 6 -9
405 406 
LEAF 405 9
65 classes
18 0.105292
49 0.0962435
58 0.798464
-1 -1
LEAF 406 9
65 classes
5 0.0841368
15 0.205606
22 0.0873319
24 0.0736571
47 0.410668
49 0.1386
-1 -1
NODE 402 8
2dots_tau0
0 -12 0 2 14
403 404 
LEAF 403 9
65 classes
35 0.201591
45 0.122634
47 0.467178
48 0.116333
53 0.092264
-1 -1
LEAF 404 9
65 classes
1 0.0802324
18 0.769408
40 0.0748836
48 0.0754756
-1 -1
NODE 394 7
2dots_tau0
0 12 9 -3 9
395 396 
NODE 395 8
2dots_tau0
0 5 6 0 -15
399 400 
LEAF 399 9
65 classes
6 0.0771294
15 0.310305
18 0.305127
20 0.0336973
47 0.0413193
49 0.232421
-1 -1
LEAF 400 9
65 classes
5 0.340243
18 0.306593
22 0.353164
-1 -1
NODE 396 8
2dots_tau0
0 -3 12 3 0
397 398 
LEAF 397 9
65 classes
0 0.218468
15 0.188085
39 0.368045
47 0.225403
-1 -1
LEAF 398 9
65 classes
15 0.0886164
18 0.58818
21 0.117121
49 0.119474
63 0.086609
-1 -1
NODE 260 3
2dots_tau0
0 12 1 5 -6
261 262 
NODE 261 4
2dots_tau0
0 13 15 -13 -15
325 326 
NODE 325 5
2dots_tau0
0 -1 -13 15 13
357 358 
NODE 357 6
2dots_tau0
0 6 14 7 11
373 374 
NODE 373 7
2dots_tau0
0 -2 -8 1 8
381 382 
NODE 381 8
2dots_tau0
0 13 4 5 -9
385 386 
LEAF 385 9
65 classes
3 0.0675799
19 0.130782
27 0.128698
33 0.0602671
35 0.110627
37 0.065391
41 0.147503
47 0.0640936
56 0.13864
62 0.0341471
63 0.0522705
-1 -1
LEAF 386 9
65 classes
2 0.113876
4 0.148039
11 0.139004
27 0.235918
33 0.110477
41 0.135195
47 0.117491
-1 -1
NODE 382 8
2dots_tau0
0 0 11 14 -14
383 384 
LEAF 383 9
65 classes
18 0.0642312
19 0.0354962
23 0.0402182
24 0.0624025
33 0.621581
35 0.0600518
52 0.0369939
54 0.0321156
62 0.0185361
63 0.028374
-1 -1
LEAF 384 9
65 classes
2 0.0742097
23 0.088507
35 0.0440514
45 0.482363
56 0.248427
63 0.0624418
-1 -1
NODE 374 7
2dots_tau0
0 5 -3 11 11
375 376 
NODE 375 8
2dots_tau0
0 4 -8 2 -11
379 380 
LEAF 379 9
65 classes
-1 -1
LEAF 380 9
65 classes
27 1
-1 -1
NODE 376 8
2dots_tau0
0 8 4 1 -7
377 378 
LEAF 377 9
65 classes
5 0.0290636
11 0.134266
12 0.0649969
17 0.0269798
18 0.0261892
19 0.028946
21 0.0156448
23 0.0327966
24 0.127218
33 0.106711
35 0.130587
41 0.0326468
45 0.0595805
48 0.0282595
54 0.0785676
56 0.0613704
59 0.0161757
-1 -1
LEAF 378 9
65 classes
2 0.0668436
4 0.0868967
15 0.115095
19 0.0703617
27 0.0692404
28 0.0684226
33 0.194545
35 0.0396789
37 0.0703617
41 0.0793577
49 0.0387932
54 0.0636606
62 0.0367428
-1 -1
NODE 358 6
2dots_tau0
0 9 -11 -2 -8
359 360 
NODE 359 7
2dots_tau0
0 0 7 -15 -12
367 368 
NODE 367 8
2dots_tau0
0 -11 -7 -3 -1
371 372 
LEAF 371 9
65 classes
40 0.31628
48 0.318781
59 0.364939
-1 -1
LEAF 372 9
65 classes
1 0.0376206
9 0.0752411
12 0.0406986
27 0.0356721
33 0.0334093
35 0.0408844
37 0.0362498
39 0.0193384
40 0.0351125
45 0.335763
52 0.151117
54 0.0983922
59 0.0405144
61 0.0199859
-1 -1
NODE 368 8
2dots_tau0
0 -3 0 -2 7
369 370 
LEAF 369 9
65 classes
-1 -1
LEAF 370 9
65 classes
19 0.387254
56 0.410522
62 0.202224
-1 -1
NODE 360 7
2dots_tau0
0 -6 -4 -1 1
361 362 
NODE 361 8
2dots_tau0
0 13 -12 -8 14
365 366 
LEAF 365 9
65 classes
18 0.109805
27 0.119429
33 0.223707
35 0.273761
41 0.13688
42 0.0685967
59 0.0678208
-1 -1
LEAF 366 9
65 classes
3 0.24665
40 0.231174
41 0.269175
56 0.253001
-1 -1
NODE 362 8
2dots_tau0
0 8 -14 -15 0
363 364 
LEAF 363 9
65 classes
5 0.13551
17 0.125794
35 0.0761084
48 0.263522
59 0.0754197
63 0.323646
-1 -1
LEAF 364 9
65 classes
5 0.133971
18 0.362164
48 0.130265
51 0.0809753
55 0.151179
56 0.141446
-1 -1
NODE 326 5
2dots_tau0
0 5 -11 15 -5
327 328 
NODE 327 6
2dots_tau0
0 -3 -7 -9 10
343 344 
NODE 343 7
2dots_tau0
0 1 -9 8 5
351 352 
NODE 351 8
2dots_tau0
0 14 12 2 -14
355 356 
LEAF 355 9
65 classes
35 0.188018
45 0.343133
51 0.202339
63 0.266511
-1 -1
LEAF 356 9
65 classes
3 0.0827186
4 0.0988487
21 0.0432598
23 0.0906869
35 0.135409
44 0.0454477
45 0.0823739
51 0.145723
62 0.083593
63 0.191939
-1 -1
NODE 352 8
2dots_tau0
0 -12 10 3 4
353 354 
LEAF 353 9
65 classes
5 0.507014
48 0.492986
-1 -1
LEAF 354 9
65 classes
4 0.051263
20 0.13272
21 0.0224346
24 0.0729723
28 0.0403646
33 0.267792
35 0.0936311
37 0.0415085
39 0.0221439
45 0.0427192
47 0.0813699
49 0.0228853
52 0.0865199
62 0.0216757
-1 -1
NODE 344 7
2dots_tau0
0 9 14 -1 9
345 346 
NODE 345 8
2dots_tau0
0 12 7 13 -7
349 350 
LEAF 349 9
65 classes
9 0.0917881
24 0.233227
37 0.353774
51 0.0536746
54 0.0800204
56 0.187516
-1 -1
LEAF 350 9
65 classes
24 0.255686
30 0.162551
37 0.581763
-1 -1
NODE 346 8
2dots_tau0
0 4 3 -5 3
347 348 
LEAF 347 9
65 classes
5 0.0934076
7 0.0778925
9 0.0482737
22 0.0484774
37 0.0930295
40 0.0450555
47 0.0455918
48 0.181646
53 0.0720322
54 0.294593
-1 -1
LEAF 348 9
65 classes
1 0.175696
33 0.468086
35 0.190939
48 0.165279
-1 -1
NODE 328 6
2dots_tau0
0 -14 10 -14 -11
329 330 
NODE 329 7
2dots_tau0
0 -9 -15 13 -8
337 338 
NODE 337 8
2dots_tau0
0 -4 -8 7 -6
341 342 
LEAF 341 9
65 classes
3 0.692407
14 0.307593
-1 -1
LEAF 342 9
65 classes
24 0.218228
42 0.28065
48 0.24238
52 0.258743
-1 -1
NODE 338 8
2dots_tau0
0 -10 5 -1 -1
339 340 
LEAF 339 9
65 classes
1 0.0696378
3 0.161808
9 0.0232126
15 0.0182934
19 0.134201
24 0.0196605
35 0.0630662
40 0.173321
42 0.0126421
59 0.312477
62 0.0116799
-1 -1
LEAF 340 9
65 classes
1 0.173852
5 0.0560661
6 0.0255412
14 0.0256362
19 0.0837586
24 0.0490828
33 0.128659
35 0.0944675
37 0.0279195
42 0.0473418
48 0.0272574
49 0.0307863
54 0.0757816
59 0.109215
63 0.0446351
-1 -1
NODE 330 7
2dots_tau0
0 -9 -1 -12 -5
331 332 
NODE 331 8
2dots_tau0
0 -12 -13 -14 -12
335 336 
LEAF 335 9
65 classes
1 0.0499115
3 0.149108
4 0.118789
10 0.0364385
11 0.111539
14 0.0441596
15 0.0393342
21 0.0259933
33 0.0443244
35 0.0271209
37 0.0480929
42 0.0543658
52 0.150366
62 0.100456
-1 -1
LEAF 336 9
65 classes
4 0.247458
19 0.0667902
24 0.0587088
27 0.0657258
33 0.0615566
37 0.13358
42 0.037751
52 0.0696083
59 0.223944
62 0.0348777
-1 -1
NODE 332 8
2dots_tau0
0 0 10 -2 13
333 334 
LEAF 333 9
65 classes
3 0.105962
4 0.042208
5 0.0343154
14 0.0627628
18 0.0927648
19 0.0341765
24 0.0600826
37 0.068353
42 0.0772687
45 0.0351733
49 0.0188429
52 0.178093
55 0.0193615
59 0.152789
62 0.0178469
-1 -1
LEAF 334 9
65 classes
1 0.0911899
3 0.0302694
5 0.0294081
11 0.0339643
14 0.161362
18 0.0264996
19 0.0292891
24 0.128726
33 0.026994
37 0.0292891
42 0.0331094
52 0.1221
59 0.0327348
62 0.0611788
63 0.163886
-1 -1
NODE 262 4
2dots_tau0
0 0 -2 -11 -15
263 264 
NODE 263 5
2dots_tau0
0 9 -14 -1 15
295 296 
NODE 295 6
2dots_tau0
0 13 8 -3 -1
311 312 
NODE 311 7
2dots_tau0
0 4 0 -10 -12
319 320 
NODE 319 8
2dots_tau0
0 0 -9 8 -5
323 324 
LEAF 323 9
65 classes
2 0.0482251
6 0.046439
16 0.047675
18 0.0459287
19 0.0507633
22 0.0529052
33 0.140357
35 0.0858803
37 0.101527
48 0.198238
50 0.0902052
54 0.0918573
-1 -1
LEAF 324 9
65 classes
6 0.0330103
11 0.0418441
17 0.0336332
22 0.0376067
24 0.0317181
33 0.0997701
35 0.0813954
37 0.0721684
39 0.0770004
45 0.0742733
49 0.0198946
50 0.0320604
53 0.0279398
54 0.261181
56 0.0765046
-1 -1
NODE 320 8
2dots_tau0
0 -6 0 -12 0
321 322 
LEAF 321 9
65 classes
1 0.494692
56 0.505308
-1 -1
LEAF 322 9
65 classes
23 0.276797
37 0.244299
47 0.478904
-1 -1
NODE 312 7
2dots_tau0
0 -14 -2 6 -10
313 314 
NODE 313 8
2dots_tau0
0 -12 7 -7 4
317 318 
LEAF 317 9
65 classes
22 0.274687
48 0.514631
63 0.210682
-1 -1
LEAF 318 9
65 classes
41 0.413655
63 0.586345
-1 -1
NODE 314 8
2dots_tau0
0 -3 9 -13 -10
315 316 
LEAF 315 9
65 classes
15 0.104832
16 0.240755
20 0.102457
27 0.210221
32 0.0942239
33 0.0393771
35 0.0240938
49 0.023556
59 0.0238757
63 0.136609
-1 -1
LEAF 316 9
65 classes
16 0.107833
20 0.275342
27 0.112989
28 0.111654
39 0.0612531
47 0.11254
49 0.126608
63 0.0917805
-1 -1
NODE 296 6
2dots_tau0
0 2 -7 -6 5
297 298 
NODE 297 7
2dots_tau0
0 -14 -11 -7 13
305 306 
NODE 305 8
2dots_tau0
0 -7 -1 -11 -9
309 310 
LEAF 309 9
65 classes
6 0.139745
18 0.483734
27 0.0751619
35 0.0430722
37 0.0763791
56 0.0809684
62 0.0398851
63 0.0610538
-1 -1
LEAF 310 9
65 classes
3 0.0409495
5 0.0397843
6 0.0362479
15 0.0648142
18 0.215098
24 0.104487
28 0.0385313
37 0.0396232
53 0.0306801
62 0.0413824
63 0.348402
-1 -1
NODE 306 8
2dots_tau0
0 -13 11 -8 -8
307 308 
LEAF 307 9
65 classes
0 0.0297207
18 0.0283054
24 0.0274996
28 0.0304228
33 0.115334
37 0.0312849
45 0.0321974
47 0.306642
48 0.061086
53 0.0242238
54 0.113222
63 0.200062
-1 -1
LEAF 308 9
65 classes
12 0.117844
18 0.0949658
27 0.103289
35 0.177573
37 0.209924
47 0.10288
62 0.109622
63 0.0839018
-1 -1
NODE 298 7
2dots_tau0
0 -9 -13 -8 5
299 300 
NODE 299 8
2dots_tau0
0 8 -5 11 8
303 304 
LEAF 303 9
65 classes
15 0.474256
27 0.142655
33 0.267211
63 0.115878
-1 -1
LEAF 304 9
65 classes
18 0.367556
41 0.183275
49 0.0447959
62 0.339426
63 0.0649468
-1 -1
NODE 300 8
2dots_tau0
0 -14 8 0 -5
301 302 
LEAF 301 9
65 classes
19 0.21138
27 0.208011
41 0.238405
56 0.22408
59 0.118124
-1 -1
LEAF 302 9
65 classes
0 0.0505987
3 0.0550446
18 0.0481892
27 0.209652
28 0.0517939
33 0.0981765
35 0.0901072
37 0.0532618
41 0.0600715
49 0.0293653
62 0.0834397
63 0.1703
-1 -1
NODE 264 5
2dots_tau0
0 -7 15 3 4
265 266 
NODE 265 6
2dots_tau0
0 -11 11 2 -14
281 282 
NODE 281 7
2dots_tau0
0 0 14 -4 5
289 290 
NODE 289 8
2dots_tau0
0 7 11 -9 8
293 294 
LEAF 293 9
65 classes
42 1
-1 -1
LEAF 294 9
65 classes
51 1
-1 -1
NODE 290 8
2dots_tau0
0 -6 -11 -7 8
291 292 
LEAF 291 9
65 classes
51 1
-1 -1
LEAF 292 9
65 classes
35 0.413655
63 0.586345
-1 -1
NODE 282 7
2dots_tau0
0 11 -6 4 6
283 284 
NODE 283 8
2dots_tau0
0 -10 -9 14 2
287 288 
LEAF 287 9
65 classes
23 0.458244
42 0.228598
53 0.313158
-1 -1
LEAF 288 9
65 classes
30 0.231085
56 0.438367
63 0.330548
-1 -1
NODE 284 8
2dots_tau0
0 -9 0 6 -13
285 286 
LEAF 285 9
65 classes
62 1
-1 -1
LEAF 286 9
65 classes
3 0.532056
15 0.210532
19 0.257412
-1 -1
NODE 266 6
2dots_tau0
0 -3 -12 3 9
267 268 
NODE 267 7
2dots_tau0
0 8 8 3 13
275 276 
NODE 275 8
2dots_tau0
0 -9 -2 -7 -12
279 280 
LEAF 279 9
65 classes
39 0.488398
59 0.511602
-1 -1
LEAF 280 9
65 classes
4 0.108862
18 0.0797522
30 0.0492587
39 0.0470245
52 0.551199
56 0.0934435
63 0.0704607
-1 -1
NODE 276 8
2dots_tau0
0 -7 14 0 -5
277 278 
LEAF 277 9
65 classes
35 1
-1 -1
LEAF 278 9
65 classes
23 0.0433753
52 0.0797959
62 0.0199912
63 0.856838
-1 -1
NODE 268 7
2dots_tau0
0 -2 6 15 0
269 270 
NODE 269 8
2dots_tau0
0 8 -15 -12 1
273 274 
LEAF 273 9
65 classes
6 0.101508
15 0.363008
24 0.292602
35 0.0625733
51 0.0336696
62 0.0579431
63 0.0886961
-1 -1
LEAF 274 9
65 classes
19 0.294286
20 0.235238
63 0.470476
-1 -1
NODE 270 8
2dots_tau0
0 -7 14 4 9
271 272 
LEAF 271 9
65 classes
35 1
-1 -1
LEAF 272 9
65 classes
24 0.378253
30 0.0601183
35 0.242669
37 0.10758
54 0.0973344
56 0.114044
-1 -1
NODE 4 2
2dots_tau0
0 -3 13 -4 0
5 6 
NODE 5 3
2dots_tau0
0 4 1 -5 0
133 134 
NODE 133 4
2dots_tau0
0 -4 12 -5 6
197 198 
NODE 197 5
2dots_tau0
0 -12 15 -10 0
229 230 
NODE 229 6
2dots_tau0
0 -4 10 -5 11
245 246 
NODE 245 7
2dots_tau0
0 5 13 4 -8
253 254 
NODE 253 8
2dots_tau0
0 2 -7 -7 6
257 258 
LEAF 257 9
65 classes
2 0.00829675
3 0.0180515
4 0.0287621
5 0.0759974
7 0.00731239
9 0.00302123
10 0.251448
11 0.0270066
13 0.0171203
15 0.00238097
16 0.00273404
18 0.0184372
19 0.00291114
21 0.00786709
23 0.0428792
24 0.0179123
27 0.0057295
28 0.00849274
30 0.00162681
32 0.0208653
33 0.00536606
37 0.0349337
39 0.0698863
40 0.00845944
42 0.00164543
44 0.0330599
45 0.0059921
47 0.00570676
48 0.0767368
49 0.0256804
50 0.0129326
51 0.0194338
54 0.071115
56 0.0123442
59 0.00325363
61 0.0385206
62 0.00608078
-1 -1
LEAF 258 9
65 classes
1 0.0168832
2 0.00772731
4 0.0502275
7 0.0340526
9 0.0168832
10 0.00616289
11 0.0565944
13 0.0956715
19 0.00813401
20 0.0195058
22 0.00847722
23 0.0737285
24 0.0214495
30 0.0136364
39 0.0390538
40 0.00787883
42 0.00459749
44 0.143177
45 0.00837126
47 0.0239179
48 0.0317644
49 0.0134538
50 0.00722698
51 0.0148091
52 0.076295
55 0.00460803
56 0.0431138
59 0.00909096
61 0.143507
-1 -1
NODE 254 8
2dots_tau0
0 -15 -13 2 9
255 256 
LEAF 255 9
65 classes
2 0.318317
5 0.0197901
7 0.00825148
14 0.00904902
16 0.00925546
22 0.143792
23 0.011166
28 0.0191668
39 0.00525742
46 0.324558
47 0.00965947
51 0.0657888
55 0.00558299
56 0.0208943
59 0.0110144
61 0.00543345
62 0.00514627
63 0.00787762
-1 -1
LEAF 256 9
65 classes
2 0.175731
5 0.116083
9 0.00599923
12 0.00649007
15 0.00472787
16 0.195442
18 0.0104602
32 0.0318709
37 0.0115613
39 0.055509
44 0.019694
45 0.00594923
49 0.00318709
50 0.0410882
51 0.024557
52 0.00602454
53 0.00447591
54 0.0523009
56 0.0367678
58 0.158646
59 0.00969106
61 0.0191225
63 0.00462076
-1 -1
NODE 246 7
2dots_tau0
0 -6 -10 -8 11
247 248 
NODE 247 8
2dots_tau0
0 -8 -9 -14 3
251 252 
LEAF 251 9
65 classes
2 0.0122955
3 0.0267516
4 0.0319682
7 0.0108367
11 0.0750427
14 0.0237682
15 0.0740985
16 0.0121552
18 0.1171
23 0.0586572
24 0.0113766
27 0.0254727
39 0.110473
42 0.00731537
44 0.00734901
51 0.0314184
52 0.0269774
56 0.288125
61 0.028543
62 0.0202758
-1 -1
LEAF 252 9
65 classes
2 0.0916225
4 0.0238219
5 0.0193674
7 0.0646016
14 0.0354228
16 0.036231
18 0.139615
23 0.0874196
24 0.10173
27 0.0189816
39 0.0617413
42 0.0109024
44 0.0219052
47 0.0189062
48 0.0188315
51 0.0117061
52 0.0402057
53 0.0149353
55 0.0218549
56 0.10224
61 0.042539
63 0.0154187
-1 -1
NODE 248 8
2dots_tau0
0 5 1 -7 -3
249 250 
LEAF 249 9
65 classes
1 0.0241864
2 0.098623
3 0.00656869
4 0.0392479
5 0.0255271
7 0.0141913
9 0.00879505
10 0.226338
11 0.0270252
13 0.00996773
14 0.0369621
15 0.0034656
16 0.0119385
17 0.0118484
19 0.00635594
21 0.0103058
22 0.00883216
23 0.00720145
24 0.00744919
27 0.00416977
30 0.00355185
37 0.0169492
39 0.0350377
40 0.0205218
42 0.00239499
44 0.032481
45 0.0436088
47 0.0207661
48 0.031026
50 0.00941197
51 0.00642882
52 0.055201
53 0.00820228
54 0.059423
55 0.00960194
56 0.0202135
59 0.0023679
61 0.0327066
62 0.00110635
-1 -1
LEAF 250 9
65 classes
1 0.0392714
5 0.0253295
7 0.105611
14 0.231638
17 0.0117567
21 0.00681736
22 0.0131457
28 0.0122659
30 0.0140974
40 0.0244356
42 0.00712937
44 0.0787836
45 0.103851
47 0.0989059
48 0.0123144
51 0.0688939
52 0.0131457
55 0.00714572
59 0.0211462
61 0.104315
-1 -1
NODE 230 6
2dots_tau0
0 -15 13 0 -6
231 232 
NODE 231 7
2dots_tau0
0 -5 4 1 10
239 240 
NODE 239 8
2dots_tau0
0 -13 -8 -9 -3
243 244 
LEAF 243 9
65 classes
7 0.205793
14 0.225684
22 0.0853855
30 0.0457836
42 0.0463074
44 0.232602
45 0.0843182
54 0.0741258
-1 -1
LEAF 244 9
65 classes
5 0.0439579
9 0.0454355
14 0.0401994
19 0.0875599
22 0.0456272
28 0.0425734
30 0.342514
39 0.0233556
44 0.0497179
52 0.182509
61 0.0965504
-1 -1
NODE 240 8
2dots_tau0
0 -9 0 13 -15
241 242 
LEAF 241 9
65 classes
1 0.0251601
3 0.0125274
4 0.0449108
5 0.0730257
7 0.111643
9 0.0251601
10 0.183684
19 0.0121217
20 0.0678265
22 0.0252663
27 0.0119285
28 0.0353628
45 0.0249504
48 0.0710052
49 0.0400989
52 0.189497
56 0.01285
59 0.0203216
62 0.0126598
-1 -1
LEAF 242 9
65 classes
1 0.0104915
2 0.0768301
4 0.0249698
5 0.0507516
7 0.00846433
9 0.0104915
10 0.0382972
11 0.0117229
16 0.0189884
19 0.0101092
20 0.0727275
24 0.0355441
27 0.0198962
30 0.0169478
35 0.00570086
40 0.0293762
42 0.00571391
44 0.0574018
45 0.0312122
48 0.0197389
49 0.0111472
51 0.0306754
52 0.126429
54 0.0274393
55 0.00572701
56 0.182183
59 0.0225971
61 0.027868
62 0.010558
-1 -1
NODE 232 7
2dots_tau0
0 -14 -5 3 1
233 234 
NODE 233 8
2dots_tau0
0 -15 6 -1 6
237 238 
LEAF 237 9
65 classes
1 0.0456048
4 0.0542697
5 0.0441217
7 0.0735861
10 0.0332943
19 0.131829
28 0.21366
40 0.255387
51 0.0533364
52 0.0457972
59 0.0491129
-1 -1
LEAF 238 9
65 classes
1 0.0550288
3 0.0547986
4 0.196453
7 0.0665942
9 0.0550288
16 0.024899
20 0.063577
22 0.055261
30 0.0444464
35 0.0299015
40 0.154081
51 0.0160895
52 0.0276305
56 0.0562097
61 0.0584681
62 0.0415334
-1 -1
NODE 234 8
2dots_tau0
0 13 1 -12 9
235 236 
LEAF 235 9
65 classes
3 0.0276393
4 0.225698
5 0.00895092
6 0.00815529
11 0.118883
12 0.0100088
16 0.0209309
17 0.00415458
18 0.024197
19 0.00445734
20 0.0676968
21 0.0409549
22 0.00464542
23 0.00505029
24 0.00391802
27 0.00438631
30 0.0199269
35 0.00754085
37 0.0178294
39 0.166452
40 0.00863501
44 0.00759285
45 0.013762
48 0.0174065
49 0.00491502
50 0.0198015
51 0.0216406
52 0.055745
54 0.0120985
55 0.0277766
56 0.00945033
61 0.00737252
62 0.00232762
-1 -1
LEAF 236 9
65 classes
1 0.0282719
3 0.0281537
5 0.0820576
18 0.073942
19 0.0272418
20 0.108879
22 0.0283912
28 0.026491
35 0.0307248
40 0.0527743
45 0.0280364
47 0.133506
48 0.0265957
49 0.0450584
52 0.0283912
54 0.221826
55 0.0154329
62 0.0142256
-1 -1
NODE 198 5
2dots_tau0
0 7 -10 -1 5
199 200 
NODE 199 6
2dots_tau0
0 0 14 -4 15
215 216 
NODE 215 7
2dots_tau0
0 8 3 -7 12
223 224 
NODE 223 8
2dots_tau0
0 10 13 -11 0
227 228 
LEAF 227 9
65 classes
2 0.00642291
3 0.0349363
4 0.200395
7 0.00566087
9 0.0280665
11 0.125443
12 0.00759071
13 0.0159044
18 0.00611706
20 0.00540439
21 0.0365417
22 0.0281849
23 0.00766035
24 0.0297145
30 0.0717855
37 0.0743706
39 0.07935
42 0.00382141
44 0.0153559
47 0.00662682
48 0.0198019
50 0.0240282
52 0.0211387
54 0.0122341
55 0.0229811
56 0.0143344
61 0.0820068
62 0.0141223
-1 -1
LEAF 228 9
65 classes
5 0.465711
35 0.130782
51 0.140743
55 0.262764
-1 -1
NODE 224 8
2dots_tau0
0 -9 10 -15 -13
225 226 
LEAF 225 9
65 classes
1 0.0227107
5 0.263666
7 0.0366451
9 0.0454214
10 0.0331604
22 0.0684196
28 0.0425602
30 0.0122288
37 0.109416
47 0.150143
48 0.0427285
50 0.0972149
51 0.0132805
52 0.0228065
54 0.0395982
-1 -1
LEAF 226 9
65 classes
2 0.20829
5 0.220144
37 0.438506
51 0.13306
-1 -1
NODE 216 7
2dots_tau0
0 6 11 15 5
217 218 
NODE 217 8
2dots_tau0
0 3 13 9 10
221 222 
LEAF 221 9
65 classes
5 0.113229
10 0.170885
24 0.198251
37 0.112771
42 0.0637399
54 0.102031
56 0.239093
-1 -1
LEAF 222 9
65 classes
3 0.0440504
4 0.10528
17 0.119185
24 0.0749327
28 0.041449
30 0.0238191
37 0.0426237
45 0.131601
47 0.041778
54 0.192821
56 0.0451848
61 0.0705003
62 0.0667741
-1 -1
NODE 218 8
2dots_tau0
0 -9 -10 -8 -3
219 220 
LEAF 219 9
65 classes
0 0.0288308
3 0.062728
5 0.0304715
7 0.0254102
9 0.0314958
17 0.113147
22 0.094886
24 0.0266761
28 0.0295118
39 0.0161901
52 0.094886
53 0.0469969
54 0.0274579
55 0.240697
56 0.0643433
59 0.0169593
61 0.0334643
62 0.0158478
-1 -1
LEAF 220 9
65 classes
1 0.0353396
7 0.114045
9 0.0353396
18 0.0308089
22 0.0709775
23 0.0385818
30 0.0380581
39 0.0726638
44 0.116012
45 0.0350451
47 0.0333763
50 0.0302548
52 0.141955
55 0.0192909
59 0.0380581
61 0.150193
-1 -1
NODE 200 6
2dots_tau0
0 0 5 -15 -13
201 202 
NODE 201 7
2dots_tau0
0 6 5 -12 -3
209 210 
NODE 209 8
2dots_tau0
0 13 -6 1 0
213 214 
LEAF 213 9
65 classes
9 0.133562
13 0.113528
30 0.0898978
35 0.0362875
37 0.0321739
39 0.102984
44 0.16442
45 0.0662247
48 0.0628218
50 0.0571724
52 0.0335315
59 0.0719182
61 0.0354775
-1 -1
LEAF 214 9
65 classes
4 0.0218694
11 0.0410693
18 0.0320431
20 0.212324
24 0.0311308
35 0.00998602
37 0.035416
39 0.00944682
48 0.0864403
49 0.0683418
50 0.0314667
54 0.400538
55 0.0100318
59 0.00989565
-1 -1
NODE 210 8
2dots_tau0
0 4 -12 6 -6
211 212 
LEAF 211 9
65 classes
24 0.0713571
44 0.27657
48 0.158509
55 0.0459893
61 0.447575
-1 -1
LEAF 212 9
65 classes
5 0.120803
10 0.182316
22 0.376172
28 0.116998
44 0.0683163
55 0.0681596
59 0.0672343
-1 -1
NODE 202 7
2dots_tau0
0 7 -4 -12 -5
203 204 
NODE 203 8
2dots_tau0
0 10 -7 8 6
207 208 
LEAF 207 9
65 classes
44 0.503991
59 0.496009
-1 -1
LEAF 208 9
65 classes
7 0.129597
10 0.117274
19 0.154782
22 0.161313
44 0.175776
51 0.0939343
59 0.086496
62 0.0808271
-1 -1
NODE 204 8
2dots_tau0
0 12 -4 -12 -8
205 206 
LEAF 205 9
65 classes
7 0.629919
14 0.0690804
35 0.0424261
44 0.170875
51 0.0456575
59 0.0420421
-1 -1
LEAF 206 9
65 classes
7 0.124225
10 0.224824
35 0.167335
48 0.144847
51 0.09004
59 0.24873
-1 -1
NODE 134 4
2dots_tau0
0 15 -7 -8 14
135 136 
NODE 135 5
2dots_tau0
0 8 8 -7 14
167 168 
NODE 167 6
2dots_tau0
0 9 -15 -4 13
183 184 
NODE 183 7
2dots_tau0
0 11 -6 15 -15
191 192 
NODE 191 8
2dots_tau0
0 -12 2 1 -2
195 196 
LEAF 195 9
65 classes
1 0.426335
7 0.0687917
9 0.0426335
14 0.0377204
21 0.022203
30 0.0229565
40 0.0795826
44 0.0699778
51 0.0498613
52 0.0428134
59 0.0918261
61 0.0452981
-1 -1
LEAF 196 9
65 classes
1 0.0360211
9 0.0180106
30 0.019396
39 0.0370325
42 0.00980895
44 0.571535
48 0.0169427
51 0.0526599
56 0.018397
59 0.00969799
61 0.210498
-1 -1
NODE 192 8
2dots_tau0
0 12 15 9 -10
193 194 
LEAF 193 9
65 classes
1 0.0887792
3 0.0126297
7 0.0102322
23 0.0830778
30 0.1639
39 0.0586748
40 0.0355117
44 0.0416344
51 0.0741644
59 0.0136583
61 0.417738
-1 -1
LEAF 194 9
65 classes
7 0.0712901
9 0.0441819
21 0.0230094
30 0.475805
39 0.0908449
40 0.0412365
51 0.206689
61 0.0469433
-1 -1
NODE 184 7
2dots_tau0
0 -5 -9 -4 -4
185 186 
NODE 185 8
2dots_tau0
0 9 -6 11 -3
189 190 
LEAF 189 9
65 classes
3 0.118656
15 0.0939032
18 0.0519392
19 0.0574064
23 0.0650431
33 0.0529082
37 0.0574064
39 0.1225
47 0.0562674
51 0.0696776
53 0.0444495
62 0.209843
-1 -1
LEAF 190 9
65 classes
1 0.0472589
3 0.235306
6 0.0208289
7 0.0381275
14 0.0418127
23 0.206378
44 0.142211
45 0.0234325
51 0.0276354
52 0.0237291
56 0.048273
59 0.0254471
61 0.0125531
62 0.107007
-1 -1
NODE 186 8
2dots_tau0
0 13 12 -8 5
187 188 
LEAF 187 9
65 classes
1 0.115449
5 0.0186158
13 0.0218071
18 0.0503241
19 0.0185405
21 0.0300623
23 0.126041
30 0.0828867
35 0.0104555
39 0.0593455
41 0.0209109
42 0.0104794
44 0.115803
45 0.0381624
51 0.0675109
52 0.0386455
53 0.0143558
59 0.0621651
61 0.0306662
62 0.0677726
-1 -1
LEAF 188 9
65 classes
45 0.496327
62 0.503673
-1 -1
NODE 168 6
2dots_tau0
0 12 12 4 -3
169 170 
NODE 169 7
2dots_tau0
0 0 10 0 -1
177 178 
NODE 177 8
2dots_tau0
0 -2 -4 10 -2
181 182 
LEAF 181 9
65 classes
3 0.423649
23 0.0928917
42 0.0926792
51 0.0497553
53 0.126962
62 0.214063
-1 -1
LEAF 182 9
65 classes
1 0.0349629
21 0.0182082
35 0.0189981
42 0.0571247
44 0.114775
45 0.381387
48 0.03289
51 0.163561
52 0.140442
59 0.0376523
-1 -1
NODE 178 8
2dots_tau0
0 -15 1 -14 8
179 180 
LEAF 179 9
65 classes
7 0.175905
14 0.0643025
35 0.0394917
39 0.0186797
42 0.0791641
44 0.0397641
51 0.446247
59 0.0978358
61 0.0386102
-1 -1
LEAF 180 9
65 classes
1 0.167422
7 0.180097
14 0.0493759
21 0.0290637
30 0.015025
42 0.0455908
44 0.0458004
45 0.221369
51 0.0815855
59 0.1202
61 0.0444714
-1 -1
NODE 170 7
2dots_tau0
0 10 -15 13 5
171 172 
NODE 171 8
2dots_tau0
0 12 -10 -8 7
175 176 
LEAF 175 9
65 classes
-1 -1
LEAF 176 9
65 classes
22 0.666197
62 0.333803
-1 -1
NODE 172 8
2dots_tau0
0 5 1 -6 -8
173 174 
LEAF 173 9
65 classes
22 1
-1 -1
LEAF 174 9
65 classes
22 0.648368
42 0.351632
-1 -1
NODE 136 5
2dots_tau0
0 8 2 -10 15
137 138 
NODE 137 6
2dots_tau0
0 -8 -10 -8 10
153 154 
NODE 153 7
2dots_tau0
0 5 -7 7 -9
161 162 
NODE 161 8
2dots_tau0
0 7 7 -1 15
165 166 
LEAF 165 9
65 classes
7 0.3639
18 0.393225
59 0.242875
-1 -1
LEAF 166 9
65 classes
3 0.568851
62 0.431149
-1 -1
NODE 162 8
2dots_tau0
0 -3 -10 -13 -15
163 164 
LEAF 163 9
65 classes
23 0.800731
41 0.199269
-1 -1
LEAF 164 9
65 classes
1 0.266924
3 0.531614
62 0.201463
-1 -1
NODE 154 7
2dots_tau0
0 6 9 14 -9
155 156 
NODE 155 8
2dots_tau0
0 -1 13 9 -4
159 160 
LEAF 159 9
65 classes
1 0.219438
7 0.0354076
18 0.038261
23 0.287484
45 0.0435219
52 0.0881456
56 0.0448294
62 0.242913
-1 -1
LEAF 160 9
65 classes
1 0.464228
7 0.074906
27 0.0880369
39 0.0954525
40 0.0866559
45 0.0920719
61 0.0986485
-1 -1
NODE 156 8
2dots_tau0
0 -11 7 3 11
157 158 
LEAF 157 9
65 classes
45 1
-1 -1
LEAF 158 9
65 classes
1 0.199662
3 0.198826
52 0.601512
-1 -1
NODE 138 6
2dots_tau0
0 6 13 11 -5
139 140 
NODE 139 7
2dots_tau0
0 -1 -8 -7 1
147 148 
NODE 147 8
2dots_tau0
0 -1 0 12 -2
151 152 
LEAF 151 9
65 classes
3 0.0970358
18 0.0849508
19 0.093893
42 0.10614
47 0.27609
51 0.34189
-1 -1
LEAF 152 9
65 classes
21 0.0452229
23 0.85322
51 0.101557
-1 -1
NODE 148 8
2dots_tau0
0 -6 1 -12 13
149 150 
LEAF 149 9
65 classes
0 0.0285796
1 0.0936643
3 0.186545
7 0.0251888
19 0.0601676
23 0.374944
28 0.0292547
35 0.0169651
39 0.016049
48 0.0587407
52 0.0313532
62 0.0785486
-1 -1
LEAF 150 9
65 classes
1 0.0412553
3 0.143789
7 0.0499258
14 0.0182505
23 0.202681
39 0.0106034
40 0.0962623
44 0.0338578
45 0.0204557
47 0.0389633
48 0.0194046
52 0.0414293
58 0.272743
62 0.0103792
-1 -1
NODE 140 7
2dots_tau0
0 -12 -8 14 -9
141 142 
NODE 141 8
2dots_tau0
0 0 12 -6 -5
145 146 
LEAF 145 9
65 classes
5 0.20971
14 0.575338
45 0.214953
-1 -1
LEAF 146 9
65 classes
7 0.264819
14 0.290415
51 0.191945
63 0.252821
-1 -1
NODE 142 8
2dots_tau0
0 0 12 11 9
143 144 
LEAF 143 9
65 classes
3 0.168059
14 0.149317
21 0.087891
35 0.0917037
42 0.0919135
44 0.0923361
47 0.318779
-1 -1
LEAF 144 9
65 classes
1 0.112163
14 0.645044
21 0.0292067
42 0.0152717
44 0.0153419
45 0.0556144
47 0.026483
51 0.0163974
52 0.0844775
-1 -1
NODE 6 3
2dots_tau0
0 15 7 15 0
7 8 
NODE 7 4
2dots_tau0
0 -5 4 -9 3
71 72 
NODE 71 5
2dots_tau0
0 -3 -8 15 -6
103 104 
NODE 103 6
2dots_tau0
0 -7 4 13 -14
119 120 
NODE 119 7
2dots_tau0
0 0 1 9 14
127 128 
NODE 127 8
2dots_tau0
0 -8 -9 0 -15
131 132 
LEAF 131 9
65 classes
39 0.493402
45 0.190371
49 0.203969
51 0.112258
-1 -1
LEAF 132 9
65 classes
12 0.300643
15 0.109506
18 0.121138
49 0.147637
63 0.321075
-1 -1
NODE 128 8
2dots_tau0
0 15 -1 11 -11
129 130 
LEAF 129 9
65 classes
3 0.682866
6 0.0154991
11 0.0589401
18 0.0459862
19 0.0508269
21 0.00915699
39 0.05423
51 0.0205639
62 0.0619307
-1 -1
LEAF 130 9
65 classes
3 0.240075
18 0.350293
35 0.0218333
37 0.0387166
39 0.0206544
40 0.0750039
51 0.0469926
59 0.0649072
62 0.141524
-1 -1
NODE 120 7
2dots_tau0
0 2 9 -10 -14
121 122 
NODE 121 8
2dots_tau0
0 -3 -15 -11 7
125 126 
LEAF 125 9
65 classes
5 0.0234934
6 0.128431
10 0.0354564
16 0.0219749
18 0.12702
20 0.0561106
32 0.0903029
35 0.0527798
39 0.0124825
48 0.0228434
49 0.0387013
51 0.0283999
55 0.185577
59 0.0392266
61 0.0387013
62 0.0610929
63 0.037407
-1 -1
LEAF 126 9
65 classes
18 0.187301
21 0.0372962
30 0.0385619
39 0.110439
49 0.0760908
51 0.041878
54 0.124867
55 0.0390925
59 0.154247
61 0.190227
-1 -1
NODE 122 8
2dots_tau0
0 11 2 -9 -1
123 124 
LEAF 123 9
65 classes
3 0.0587683
7 0.0476123
10 0.0430847
13 0.0668839
51 0.138041
55 0.0322147
59 0.0317774
61 0.0313518
62 0.504811
63 0.0454551
-1 -1
LEAF 124 9
65 classes
18 0.102098
42 0.191347
51 0.616352
63 0.0902033
-1 -1
NODE 104 6
2dots_tau0
0 -8 -1 -7 -12
105 106 
NODE 105 7
2dots_tau0
0 15 4 13 -6
113 114 
NODE 113 8
2dots_tau0
0 10 11 3 6
117 118 
LEAF 117 9
65 classes
2 0.0145292
3 0.00790293
9 0.00793613
10 0.0115877
13 0.0179886
21 0.210785
23 0.0346569
30 0.235032
32 0.00843214
37 0.00764696
39 0.0979076
44 0.121578
45 0.02361
49 0.00421607
51 0.0510486
55 0.0433211
59 0.0640996
61 0.0337286
62 0.00399323
-1 -1
LEAF 118 9
65 classes
2 0.0595457
9 0.06505
10 0.0474905
14 0.0575535
18 0.0567102
21 0.0338772
35 0.10604
39 0.0334382
44 0.106772
49 0.138231
59 0.245188
63 0.0501032
-1 -1
NODE 114 8
2dots_tau0
0 -15 8 -8 -10
115 116 
LEAF 115 9
65 classes
2 0.0173568
7 0.0458926
9 0.0568837
14 0.0335522
15 0.014943
21 0.0493739
30 0.234828
32 0.0503658
37 0.0182703
39 0.00974682
44 0.0207484
46 0.300852
51 0.0332637
54 0.0330606
55 0.0103504
61 0.0705121
-1 -1
LEAF 116 9
65 classes
2 0.0718222
21 0.122585
30 0.295738
32 0.083365
35 0.0852683
39 0.161328
51 0.137644
59 0.0422483
-1 -1
NODE 106 7
2dots_tau0
0 2 15 15 8
107 108 
NODE 107 8
2dots_tau0
0 4 14 7 -5
111 112 
LEAF 111 9
65 classes
5 0.0686139
10 0.0517762
15 0.0558908
18 0.123656
20 0.382373
23 0.0774267
49 0.0376764
55 0.0387134
63 0.163874
-1 -1
LEAF 112 9
65 classes
30 0.40324
49 0.59676
-1 -1
NODE 108 8
2dots_tau0
0 -4 -4 8 9
109 110 
LEAF 109 9
65 classes
4 0.0449481
13 0.0428078
14 0.167093
21 0.41309
39 0.0388321
55 0.0206184
59 0.203385
61 0.0401323
63 0.0290926
-1 -1
LEAF 110 9
65 classes
2 0.00639827
3 0.00696046
4 0.0166355
5 0.0067624
7 0.0338349
10 0.00510291
11 0.0156202
13 0.0396083
14 0.0742104
15 0.0110169
16 0.0189758
19 0.00673502
20 0.102289
21 0.25117
22 0.0280768
23 0.0457858
28 0.00654941
30 0.00752737
39 0.111382
42 0.0114202
44 0.0191213
48 0.00657529
49 0.00371328
51 0.0408734
55 0.0572322
59 0.0112911
61 0.0408461
62 0.00351702
63 0.0107673
-1 -1
NODE 72 5
2dots_tau0
0 4 3 -13 0
73 74 
NODE 73 6
2dots_tau0
0 9 12 2 -2
89 90 
NODE 89 7
2dots_tau0
0 -12 -10 3 0
97 98 
NODE 97 8
2dots_tau0
0 -14 0 -12 -5
101 102 
LEAF 101 9
65 classes
17 0.113288
24 0.106838
30 0.0339609
44 0.0345074
51 0.110644
52 0.126673
59 0.37357
61 0.100518
-1 -1
LEAF 102 9
65 classes
3 0.175321
4 0.034918
17 0.0263532
20 0.406812
21 0.0305628
24 0.0248527
30 0.0948001
35 0.0159443
51 0.0343175
59 0.0790001
61 0.0623537
62 0.0147645
-1 -1
NODE 98 8
2dots_tau0
0 3 -11 -14 -2
99 100 
LEAF 99 9
65 classes
4 0.0145531
9 0.0122295
10 0.0357131
11 0.0136649
13 0.0138601
17 0.109835
18 0.149262
20 0.0376779
21 0.0382138
23 0.0267029
24 0.0414323
30 0.0395106
35 0.0132905
37 0.0117839
39 0.0377186
45 0.0242551
48 0.0345132
51 0.0429084
55 0.133515
59 0.0329255
61 0.136435
-1 -1
LEAF 100 9
65 classes
15 0.0158967
17 0.0543489
20 0.621465
23 0.0220221
24 0.0170848
30 0.0108616
44 0.0220727
47 0.0190509
49 0.0321483
51 0.0117956
53 0.0150496
54 0.0175854
59 0.0977542
61 0.0428644
-1 -1
NODE 90 7
2dots_tau0
0 5 -11 2 13
91 92 
NODE 91 8
2dots_tau0
0 -1 -13 5 -15
95 96 
LEAF 95 9
65 classes
5 0.0719867
20 0.171929
21 0.03875
27 0.0705527
49 0.0395284
51 0.0870208
55 0.365547
59 0.040065
63 0.11462
-1 -1
LEAF 96 9
65 classes
20 0.0307436
21 0.0831489
22 0.0400834
40 0.037254
42 0.0217386
54 0.104393
55 0.5665
59 0.0429854
61 0.0424097
63 0.0307436
-1 -1
NODE 92 8
2dots_tau0
0 -1 4 13 5
93 94 
LEAF 93 9
65 classes
24 0.385122
49 0.241561
54 0.198204
63 0.175112
-1 -1
LEAF 94 9
65 classes
15 0.0875419
18 0.0968412
20 0.171117
28 0.104085
35 0.0603599
37 0.107035
44 0.243105
51 0.129915
-1 -1
NODE 74 6
2dots_tau0
0 -3 -3 1 -6
75 76 
NODE 75 7
2dots_tau0
0 6 15 -6 -15
83 84 
NODE 83 8
2dots_tau0
0 4 3 7 -10
87 88 
LEAF 87 9
65 classes
7 0.101509
10 0.0459283
18 0.0548447
39 0.0323383
40 0.0587161
45 0.0623859
51 0.0735755
59 0.440371
61 0.033421
63 0.0969101
-1 -1
LEAF 88 9
65 classes
1 0.0442841
9 0.0442841
14 0.0783614
17 0.0397721
19 0.0426705
30 0.0476906
42 0.0241181
44 0.218061
51 0.129479
59 0.143072
61 0.188207
-1 -1
NODE 84 8
2dots_tau0
0 15 -8 7 6
85 86 
LEAF 85 9
65 classes
7 0.141987
14 0.233565
21 0.0458272
42 0.143774
44 0.0962898
51 0.102914
59 0.142147
61 0.0934957
-1 -1
LEAF 86 9
65 classes
1 0.335312
28 0.31419
39 0.172363
61 0.178135
-1 -1
NODE 76 7
2dots_tau0
0 -4 4 8 -1
77 78 
NODE 77 8
2dots_tau0
0 4 -6 7 10
81 82 
LEAF 81 9
65 classes
7 0.226769
42 0.306164
51 0.164366
59 0.302701
-1 -1
LEAF 82 9
65 classes
3 0.119631
7 0.0969214
14 0.106289
44 0.0657283
48 0.113011
51 0.0702502
54 0.104732
59 0.323437
-1 -1
NODE 78 8
2dots_tau0
0 -11 -13 -10 -11
79 80 
LEAF 79 9
65 classes
3 0.0530086
5 0.0515002
7 0.128838
14 0.141291
17 0.0478078
23 0.058115
28 0.199513
44 0.0291243
51 0.0622558
55 0.0290575
59 0.114652
61 0.0848375
-1 -1
LEAF 80 9
65 classes
1 0.152109
4 0.0603366
7 0.0409062
14 0.358879
17 0.045537
19 0.0488555
28 0.0475091
30 0.0273016
42 0.110456
59 0.0273016
61 0.0808079
-1 -1
NODE 8 4
2dots_tau0
0 2 3 -8 11
9 10 
NODE 9 5
2dots_tau0
0 2 -4 4 -15
41 42 
NODE 41 6
2dots_tau0
0 7 12 -10 13
57 58 
NODE 57 7
2dots_tau0
0 14 -5 2 -10
65 66 
NODE 65 8
2dots_tau0
0 -11 -9 -9 -7
69 70 
LEAF 69 9
65 classes
3 0.0381369
4 0.0151912
5 0.0123506
7 0.0308974
11 0.014264
16 0.0115523
17 0.0917205
19 0.0123006
20 0.0098325
21 0.0332412
30 0.0137477
37 0.0123006
39 0.0196862
44 0.00698446
49 0.033909
51 0.141834
54 0.0222582
55 0.432044
59 0.0206216
61 0.0271272
-1 -1
LEAF 70 9
65 classes
0 0.026317
11 0.0321241
13 0.032583
15 0.0453141
19 0.0277022
20 0.0442876
21 0.104807
30 0.0774031
32 0.0458199
35 0.015622
39 0.0443354
49 0.0458199
51 0.218554
55 0.0627746
59 0.123845
61 0.0305466
63 0.0221438
-1 -1
NODE 66 8
2dots_tau0
0 0 4 4 -8
67 68 
LEAF 67 9
65 classes
10 0.0619882
15 0.133829
18 0.222067
20 0.196196
24 0.14383
35 0.0461373
49 0.0451075
62 0.0854467
63 0.0653985
-1 -1
LEAF 68 9
65 classes
0 0.0512881
11 0.0626052
16 0.101406
17 0.0503204
18 0.244229
37 0.377913
48 0.0527072
49 0.0595309
-1 -1
NODE 58 7
2dots_tau0
0 -4 12 -7 2
59 60 
NODE 59 8
2dots_tau0
0 5 9 1 -14
63 64 
LEAF 63 9
65 classes
7 0.086596
10 0.0783614
14 0.379863
18 0.0935744
28 0.100574
51 0.0627661
59 0.115592
63 0.0826726
-1 -1
LEAF 64 9
65 classes
19 0.30618
55 0.69382
-1 -1
NODE 60 8
2dots_tau0
0 0 11 3 13
61 62 
LEAF 61 9
65 classes
14 0.16714
17 0.0565542
20 0.0485012
49 0.0334528
51 0.110468
55 0.549977
59 0.0339069
-1 -1
LEAF 62 9
65 classes
17 0.423185
49 0.0417202
51 0.045923
55 0.428685
63 0.0604876
-1 -1
NODE 42 6
2dots_tau0
0 9 13 -1 15
43 44 
NODE 43 7
2dots_tau0
0 9 -13 -15 -2
51 52 
NODE 51 8
2dots_tau0
0 7 12 7 2
55 56 
LEAF 55 9
65 classes
1 0.0141317
2 0.0258719
3 0.0140726
5 0.0273443
7 0.0114012
9 0.0141317
11 0.047371
13 0.0160159
17 0.190378
20 0.0108846
21 0.147192
23 0.0462845
30 0.0989219
32 0.0675672
35 0.00767887
39 0.116228
40 0.0263792
51 0.0413187
55 0.0539986
59 0.0228281
-1 -1
LEAF 56 9
65 classes
4 0.100388
9 0.016872
10 0.0123176
11 0.0188522
17 0.121223
21 0.149374
23 0.128939
24 0.0428704
30 0.109019
32 0.00896323
35 0.0183357
39 0.0433642
40 0.0157472
44 0.00923109
49 0.00896323
51 0.0394646
55 0.138149
61 0.0179265
-1 -1
NODE 52 8
2dots_tau0
0 -1 -1 -11 11
53 54 
LEAF 53 9
65 classes
5 0.0287547
7 0.143871
11 0.0332096
15 0.0936907
18 0.0518216
19 0.0572765
20 0.457841
51 0.0695199
59 0.0640149
-1 -1
LEAF 54 9
65 classes
3 0.304285
7 0.493044
15 0.120404
59 0.082267
-1 -1
NODE 44 7
2dots_tau0
0 -8 -6 3 1
45 46 
NODE 45 8
2dots_tau0
0 -3 3 12 2
49 50 
LEAF 49 9
65 classes
20 0.430911
39 0.287584
62 0.281504
-1 -1
LEAF 50 9
65 classes
-1 -1
NODE 46 8
2dots_tau0
0 1 -3 -2 -8
47 48 
LEAF 47 9
65 classes
15 0.160507
23 0.222354
24 0.172502
30 0.109668
39 0.104694
51 0.119099
55 0.111177
-1 -1
LEAF 48 9
65 classes
15 0.102895
21 0.203989
23 0.142543
24 0.22117
39 0.13423
45 0.129476
62 0.0656963
-1 -1
NODE 10 5
2dots_tau0
0 -14 11 -14 -8
11 12 
NODE 11 6
2dots_tau0
0 9 -12 0 -5
27 28 
NODE 27 7
2dots_tau0
0 3 1 -3 8
35 36 
NODE 35 8
2dots_tau0
0 9 2 15 -2
39 40 
LEAF 39 9
65 classes
7 0.180893
14 0.198377
17 0.201371
28 0.210092
40 0.209268
-1 -1
LEAF 40 9
65 classes
7 0.273441
17 0.121759
39 0.0348445
40 0.0632667
45 0.0672209
47 0.0640199
51 0.118917
55 0.148009
59 0.0365
61 0.0720224
-1 -1
NODE 36 8
2dots_tau0
0 0 -7 -5 7
37 38 
LEAF 37 9
65 classes
9 0.209661
39 0.215548
44 0.229422
51 0.122603
61 0.222765
-1 -1
LEAF 38 9
65 classes
1 0.134908
3 0.0671716
7 0.0544203
9 0.134908
14 0.0596803
21 0.0351291
30 0.163446
39 0.0173369
45 0.100338
52 0.0338692
59 0.127124
61 0.0716697
-1 -1
NODE 28 7
2dots_tau0
0 9 -9 13 -11
29 30 
NODE 29 8
2dots_tau0
0 6 -6 4 -8
33 34 
LEAF 33 9
65 classes
7 0.660124
9 0.163644
59 0.176232
-1 -1
LEAF 34 9
65 classes
0 0.134152
7 0.236472
9 0.146553
51 0.171398
61 0.311425
-1 -1
NODE 30 8
2dots_tau0
0 -4 -1 0 -13
31 32 
LEAF 31 9
65 classes
1 0.0559488
7 0.180553
9 0.0559488
13 0.0634087
14 0.0495012
39 0.115039
59 0.301263
61 0.178337
-1 -1
LEAF 32 9
65 classes
7 0.204979
14 0.337187
17 0.114092
42 0.0691863
55 0.069345
59 0.205211
-1 -1
NODE 12 6
2dots_tau0
0 -11 -9 -5 -8
13 14 
NODE 13 7
2dots_tau0
0 -12 -3 1 -3
21 22 
NODE 21 8
2dots_tau0
0 0 -10 0 14
25 26 
LEAF 25 9
65 classes
7 0.417534
14 0.114473
19 0.124669
45 0.128305
51 0.0756588
55 0.0706265
61 0.0687347
-1 -1
LEAF 26 9
65 classes
3 0.0554217
7 0.314307
14 0.295445
30 0.119871
44 0.0304501
53 0.124569
59 0.0599357
-1 -1
NODE 22 8
2dots_tau0
0 15 0 15 -7
23 24 
LEAF 23 9
65 classes
5 0.136661
14 0.249952
22 0.141851
51 0.165202
55 0.154214
59 0.15212
-1 -1
LEAF 24 9
65 classes
14 0.14025
17 0.4271
55 0.432651
-1 -1
NODE 14 7
2dots_tau0
0 10 3 -5 -14
15 16 
NODE 15 8
2dots_tau0
0 -4 6 -1 -9
19 20 
LEAF 19 9
65 classes
0 0.228806
19 0.240849
21 0.130174
59 0.134592
61 0.265579
-1 -1
LEAF 20 9
65 classes
61 1
-1 -1
NODE 16 8
2dots_tau0
0 -3 13 12 13
17 18 
LEAF 17 9
65 classes
-1 -1
LEAF 18 9
65 classes
-1 -1
