image_size: 32 32
class_number: 65
max_depth:  10
1023
NODE 0 0
2dots_tau0
0 -7 -13 -3 7
1 2 
NODE 1 1
2dots_tau0
0 8 8 -10 13
513 514 
NODE 513 2
2dots_tau0
0 8 1 15 -1
769 770 
NODE 769 3
2dots_tau0
0 -5 -9 -10 8
897 898 
NODE 897 4
2dots_tau0
0 1 -7 13 10
961 962 
NODE 961 5
2dots_tau0
0 -7 15 -12 6
993 994 
NODE 993 6
2dots_tau0
0 0 14 -15 4
1009 1010 
NODE 1009 7
2dots_tau0
0 0 1 -4 15
1017 1018 
NODE 1017 8
2dots_tau0
0 -6 4 -11 -11
1021 1022 
LEAF 1021 9
65 classes
2 0.00556678
12 0.0263157
13 0.0068922
16 0.0275164
18 0.0212068
27 0.0634302
28 0.00569827
35 0.0528717
40 0.00567593
41 0.0264358
46 0.578945
48 0.0057208
49 0.00323072
51 0.00355617
58 0.160818
62 0.00611992
-1 -1
LEAF 1022 9
65 classes
1 0.00845779
11 0.0378019
12 0.0274494
13 0.115026
16 0.00765381
24 0.0501447
27 0.0882171
37 0.040748
41 0.17464
45 0.0167746
48 0.0556944
54 0.0368673
56 0.00863928
58 0.223661
62 0.0170229
63 0.0912018
-1 -1
NODE 1018 8
2dots_tau0
0 6 -12 -3 13
1019 1020 
LEAF 1019 9
65 classes
1 0.0518206
3 0.0172013
13 0.05873
35 0.0375443
40 0.016122
41 0.0187721
52 0.0346928
56 0.0176442
62 0.747473
-1 -1
LEAF 1020 9
65 classes
0 0.10622
1 0.0580196
3 0.115554
5 0.0561327
12 0.0313833
18 0.0505811
19 0.0279527
27 0.137536
35 0.0472899
40 0.0270758
41 0.0630532
48 0.0272898
54 0.0758717
56 0.0592646
62 0.116775
-1 -1
NODE 1010 7
2dots_tau0
0 10 -8 -14 4
1011 1012 
NODE 1011 8
2dots_tau0
0 2 -8 -15 6
1015 1016 
LEAF 1015 9
65 classes
2 0.014414
4 0.0374765
5 0.0152343
11 0.0703784
13 0.339073
20 0.0121283
21 0.00820054
22 0.0158129
33 0.0139838
37 0.0151727
39 0.0485656
41 0.171125
42 0.0428793
48 0.0592513
52 0.0316257
56 0.0804216
63 0.0242566
-1 -1
LEAF 1016 9
65 classes
6 0.213335
41 0.52603
59 0.260635
-1 -1
NODE 1012 8
2dots_tau0
0 7 0 4 13
1013 1014 
LEAF 1013 9
65 classes
6 0.082035
28 0.0436013
35 0.0505695
37 0.0448369
41 0.707973
48 0.0437736
51 0.0272106
-1 -1
LEAF 1014 9
65 classes
0 0.199712
41 0.237101
56 0.445709
59 0.117478
-1 -1
NODE 994 6
2dots_tau0
0 -4 -13 -1 13
995 996 
NODE 995 7
2dots_tau0
0 -10 12 8 1
1003 1004 
NODE 1003 8
2dots_tau0
0 -5 2 14 -6
1007 1008 
LEAF 1007 9
65 classes
18 0.530928
63 0.469072
-1 -1
LEAF 1008 9
65 classes
-1 -1
NODE 1004 8
2dots_tau0
0 6 -4 7 9
1005 1006 
LEAF 1005 9
65 classes
1 0.00800671
6 0.155271
11 0.0536788
12 0.0346472
13 0.245005
15 0.00630992
21 0.0166792
23 0.00874127
27 0.00759202
32 0.0127607
33 0.00711044
35 0.013052
41 0.139222
42 0.0523276
48 0.045192
49 0.029775
50 0.10282
51 0.0140462
54 0.00698021
62 0.016115
63 0.0246679
-1 -1
LEAF 1006 9
65 classes
3 0.0349592
6 0.201145
11 0.0588397
15 0.0138332
18 0.0612106
19 0.0338269
20 0.0135198
24 0.0892019
27 0.0166439
33 0.0155881
35 0.0763036
37 0.0338269
39 0.00902294
41 0.0190759
45 0.0348135
47 0.0165779
48 0.0660493
50 0.105192
51 0.0102644
52 0.0352542
59 0.0283549
62 0.0264965
-1 -1
NODE 996 7
2dots_tau0
0 15 -1 0 -4
997 998 
NODE 997 8
2dots_tau0
0 -4 -15 -1 -1
1001 1002 
LEAF 1001 9
65 classes
3 0.0591503
6 0.52359
24 0.301856
41 0.0645521
50 0.0508522
-1 -1
LEAF 1002 9
65 classes
17 0.124316
18 0.0603363
20 0.0533068
24 0.762041
-1 -1
NODE 998 8
2dots_tau0
0 -7 9 -8 5
999 1000 
LEAF 999 9
65 classes
6 0.139058
16 0.0713797
18 0.0687651
19 0.152007
24 0.334037
37 0.152007
55 0.043057
62 0.0396889
-1 -1
LEAF 1000 9
65 classes
1 0.060624
6 0.106878
20 0.186777
24 0.256735
35 0.0658836
41 0.131767
48 0.0570296
50 0.103802
62 0.0305042
-1 -1
NODE 962 5
2dots_tau0
0 -3 -15 -9 -12
963 964 
NODE 963 6
2dots_tau0
0 0 9 12 10
979 980 
NODE 979 7
2dots_tau0
0 8 -9 -2 5
987 988 
NODE 987 8
2dots_tau0
0 -1 -7 5 10
991 992 
LEAF 991 9
65 classes
6 1
-1 -1
LEAF 992 9
65 classes
6 0.163227
18 0.0322867
20 0.171151
24 0.376411
28 0.0347019
30 0.0199418
35 0.0201239
41 0.0804957
47 0.0699546
50 0.0317061
-1 -1
NODE 988 8
2dots_tau0
0 5 -2 -11 -3
989 990 
LEAF 989 9
65 classes
4 0.0494337
6 0.14647
11 0.0928332
19 0.160109
24 0.246289
28 0.0778483
35 0.0451449
47 0.117699
59 0.0223682
62 0.0418044
-1 -1
LEAF 990 9
65 classes
20 0.671432
24 0.210953
47 0.117615
-1 -1
NODE 980 7
2dots_tau0
0 -15 -6 -1 14
981 982 
NODE 981 8
2dots_tau0
0 2 7 15 5
985 986 
LEAF 985 9
65 classes
3 0.239737
5 0.0110912
6 0.282949
13 0.0259851
15 0.0542073
18 0.0299828
19 0.0110463
20 0.079469
24 0.0873876
28 0.0214837
35 0.0124586
41 0.0747516
45 0.0113685
47 0.0108271
51 0.00670377
56 0.01171
62 0.0288418
-1 -1
LEAF 986 9
65 classes
2 0.0090645
3 0.246524
4 0.0353516
6 0.157118
7 0.0159781
10 0.0144587
11 0.0110646
13 0.0112227
15 0.0156077
17 0.0177869
18 0.0431643
20 0.0228813
21 0.0154711
22 0.0397767
35 0.00538075
39 0.0152706
41 0.0322845
42 0.0269653
44 0.00541786
45 0.00981988
46 0.157118
49 0.00526065
51 0.00579059
52 0.00994418
55 0.00540544
56 0.0505745
59 0.00533206
62 0.0099652
-1 -1
NODE 982 8
2dots_tau0
0 5 -2 1 -7
983 984 
LEAF 983 9
65 classes
0 0.0161324
1 0.0352473
3 0.0701996
4 0.104861
6 0.0776746
7 0.0142184
11 0.0787686
13 0.0199735
18 0.0614568
19 0.0169815
20 0.0135742
21 0.0367127
23 0.038481
24 0.0149268
28 0.0165135
30 0.00948966
35 0.0574579
39 0.00905924
42 0.0191965
45 0.0174768
48 0.0165788
51 0.0206114
54 0.0460926
56 0.108011
61 0.00936257
62 0.0709417
-1 -1
LEAF 984 9
65 classes
1 0.0328323
3 0.0980846
18 0.429345
21 0.0683945
27 0.0622636
42 0.0178812
48 0.0308857
52 0.0329708
54 0.057246
56 0.0335368
59 0.0530367
61 0.0174421
62 0.066081
-1 -1
NODE 964 6
2dots_tau0
0 -11 6 -1 8
965 966 
NODE 965 7
2dots_tau0
0 -12 -5 7 -7
973 974 
NODE 973 8
2dots_tau0
0 10 -3 2 13
977 978 
LEAF 977 9
65 classes
14 0.0888588
15 0.0395745
17 0.1804
20 0.309424
22 0.0504283
24 0.0850641
28 0.0470532
42 0.054698
51 0.117459
59 0.0270396
-1 -1
LEAF 978 9
65 classes
1 0.0446908
7 0.108167
15 0.176099
20 0.413064
24 0.151408
28 0.0418756
47 0.042208
62 0.0224871
-1 -1
NODE 974 8
2dots_tau0
0 1 2 2 0
975 976 
LEAF 975 9
65 classes
4 0.0476412
5 0.0387327
6 0.0705795
14 0.283368
17 0.143822
24 0.0678166
28 0.0375128
42 0.0436075
56 0.245362
59 0.0215571
-1 -1
LEAF 976 9
65 classes
4 0.111025
5 0.0451321
6 0.123361
14 0.0412732
17 0.0837924
24 0.118532
42 0.0508123
45 0.0925208
56 0.333551
-1 -1
NODE 966 7
2dots_tau0
0 -8 -9 15 14
967 968 
NODE 967 8
2dots_tau0
0 -2 11 -3 14
971 972 
LEAF 971 9
65 classes
3 0.197117
6 0.0436212
18 0.0431419
20 0.0762313
22 0.0496951
24 0.0838273
35 0.134449
41 0.0537796
47 0.046737
48 0.0465523
56 0.0505482
62 0.1743
-1 -1
LEAF 972 9
65 classes
1 0.150795
3 0.0500548
5 0.0972609
7 0.0405529
11 0.0561648
18 0.0876417
19 0.0968672
35 0.054626
40 0.0938282
54 0.0438209
56 0.0513438
62 0.177044
-1 -1
NODE 968 8
2dots_tau0
0 8 7 -1 -5
969 970 
LEAF 969 9
65 classes
3 0.112315
4 0.0536867
6 0.0497099
7 0.0181989
11 0.0504101
13 0.0127826
15 0.0177771
20 0.234554
24 0.0191056
35 0.00612862
41 0.0122572
45 0.0111847
47 0.0213043
55 0.0246269
56 0.207374
59 0.00607316
61 0.0119836
62 0.130528
-1 -1
LEAF 970 9
65 classes
3 0.22585
18 0.197722
22 0.113878
39 0.0582918
55 0.0619016
62 0.342356
-1 -1
NODE 898 4
2dots_tau0
0 4 1 -14 12
899 900 
NODE 899 5
2dots_tau0
0 -3 -1 11 11
931 932 
NODE 931 6
2dots_tau0
0 -15 -11 -10 6
947 948 
NODE 947 7
2dots_tau0
0 -9 15 1 4
955 956 
NODE 955 8
2dots_tau0
0 -7 14 3 -12
959 960 
LEAF 959 9
65 classes
15 0.45781
40 0.54219
-1 -1
LEAF 960 9
65 classes
17 0.225696
20 0.0645194
30 0.0451052
40 0.234547
55 0.0457259
56 0.342257
62 0.042149
-1 -1
NODE 956 8
2dots_tau0
0 -2 -10 3 -1
957 958 
LEAF 957 9
65 classes
1 0.0320983
6 0.198059
17 0.0576559
18 0.0279832
24 0.054373
33 0.370568
37 0.0618575
41 0.0348831
48 0.0301953
59 0.0172837
62 0.016151
63 0.098892
-1 -1
LEAF 958 9
65 classes
6 0.233577
11 0.0197389
15 0.15314
16 0.0159862
17 0.0158656
20 0.122458
24 0.194509
27 0.0167505
28 0.0165527
33 0.031376
37 0.0340435
40 0.0329755
41 0.0383961
47 0.0333681
49 0.0187695
62 0.00888875
63 0.0136064
-1 -1
NODE 948 7
2dots_tau0
0 5 -10 -11 11
949 950 
NODE 949 8
2dots_tau0
0 -2 -11 7 0
953 954 
LEAF 953 9
65 classes
22 0.14019
27 0.132371
33 0.123974
41 0.455138
49 0.148326
-1 -1
LEAF 954 9
65 classes
20 0.0202812
27 0.0499354
28 0.0246728
33 0.0467678
35 0.0715398
37 0.202976
40 0.0983041
41 0.372007
48 0.0247703
49 0.0279772
61 0.0139886
62 0.0264985
63 0.0202812
-1 -1
NODE 950 8
2dots_tau0
0 -2 2 -11 -10
951 952 
LEAF 951 9
65 classes
5 0.242263
28 0.234633
35 0.136066
47 0.118248
55 0.0683449
59 0.0674172
61 0.133029
-1 -1
LEAF 952 9
65 classes
20 0.179883
28 0.218834
35 0.126904
41 0.253808
47 0.220571
-1 -1
NODE 932 6
2dots_tau0
0 13 0 -8 -15
933 934 
NODE 933 7
2dots_tau0
0 -2 10 -4 3
941 942 
NODE 941 8
2dots_tau0
0 11 7 -4 -9
945 946 
LEAF 945 9
65 classes
1 0.0205753
2 0.0251124
3 0.00682972
4 0.0734537
5 0.0398123
11 0.038317
13 0.00777288
15 0.0432398
16 0.0434454
17 0.0246386
18 0.0119583
20 0.068673
24 0.0464713
27 0.0130064
28 0.00642639
35 0.0149069
37 0.0660852
44 0.0337718
45 0.0136025
47 0.0842062
49 0.0255048
52 0.00688736
53 0.0255847
54 0.0657705
55 0.0187191
56 0.168134
61 0.00364354
62 0.00345096
-1 -1
LEAF 946 9
65 classes
47 0.64
61 0.36
-1 -1
NODE 942 8
2dots_tau0
0 5 5 9 8
943 944 
LEAF 943 9
65 classes
6 0.0766041
11 0.012138
15 0.00856089
17 0.653665
18 0.00947029
20 0.133871
24 0.0368027
41 0.0118054
42 0.00591622
44 0.00594342
49 0.0173129
53 0.0162093
55 0.00592979
61 0.00577096
-1 -1
LEAF 944 9
65 classes
5 0.031944
7 0.026638
11 0.0184465
17 0.622726
20 0.0254311
24 0.0139826
35 0.00897056
37 0.0477219
40 0.0308165
44 0.0180649
48 0.0310601
49 0.0438516
51 0.00965382
55 0.0450586
56 0.0168631
61 0.00877033
-1 -1
NODE 934 7
2dots_tau0
0 -6 0 15 -12
935 936 
NODE 935 8
2dots_tau0
0 15 -14 -15 14
939 940 
LEAF 939 9
65 classes
1 0.0698522
4 0.0831241
18 0.18269
20 0.107604
22 0.0701469
37 0.067307
41 0.0759124
48 0.131421
56 0.0713511
62 0.14059
-1 -1
LEAF 940 9
65 classes
1 0.022706
3 0.045222
5 0.131806
6 0.0200149
15 0.125259
18 0.03959
20 0.122421
24 0.0769257
27 0.04306
28 0.0638272
35 0.0616899
40 0.0423846
47 0.0428892
49 0.0241251
53 0.0338811
56 0.0927731
62 0.011425
-1 -1
NODE 936 8
2dots_tau0
0 -6 15 -5 -11
937 938 
LEAF 937 9
65 classes
2 0.0797289
5 0.0842663
15 0.0686408
20 0.0223619
22 0.0583109
24 0.196721
28 0.0816123
37 0.1119
44 0.0158847
48 0.0273116
51 0.0169775
53 0.108305
55 0.0316965
56 0.0593119
62 0.0146085
63 0.0223619
-1 -1
LEAF 938 9
65 classes
5 0.0174091
17 0.0323219
20 0.44351
22 0.0361405
23 0.0196452
24 0.182889
28 0.0337216
35 0.00977773
37 0.0173386
44 0.00984516
47 0.101968
49 0.00955948
55 0.0491129
56 0.0367609
-1 -1
NODE 900 5
2dots_tau0
0 3 10 -13 7
901 902 
NODE 901 6
2dots_tau0
0 9 1 -4 2
917 918 
NODE 917 7
2dots_tau0
0 -2 12 4 0
925 926 
NODE 925 8
2dots_tau0
0 6 5 -3 13
929 930 
LEAF 929 9
65 classes
1 0.122666
5 0.0791178
7 0.0659762
35 0.022218
37 0.0393988
40 0.114488
44 0.156599
48 0.0384644
51 0.0239103
56 0.20883
59 0.022017
61 0.0651663
62 0.041148
-1 -1
LEAF 930 9
65 classes
1 0.329373
5 0.318662
20 0.042282
35 0.119316
40 0.0512358
48 0.0516409
61 0.0874898
-1 -1
NODE 926 8
2dots_tau0
0 0 1 -2 1
927 928 
LEAF 927 9
65 classes
2 0.0291928
4 0.0379506
5 0.277687
17 0.372345
20 0.0245635
24 0.0270111
27 0.0302395
28 0.089647
35 0.017329
37 0.0614584
56 0.0325756
-1 -1
LEAF 928 9
65 classes
1 0.158636
6 0.0699172
7 0.127984
13 0.0898936
14 0.0701771
17 0.284946
40 0.07403
44 0.0433969
56 0.0810199
-1 -1
NODE 918 7
2dots_tau0
0 10 -11 8 10
919 920 
NODE 919 8
2dots_tau0
0 13 -9 -3 14
923 924 
LEAF 923 9
65 classes
35 1
-1 -1
LEAF 924 9
65 classes
59 1
-1 -1
NODE 920 8
2dots_tau0
0 14 -1 -12 1
921 922 
LEAF 921 9
65 classes
35 0.162524
40 0.837476
-1 -1
LEAF 922 9
65 classes
22 0.349794
40 0.650206
-1 -1
NODE 902 6
2dots_tau0
0 3 -4 -2 0
903 904 
NODE 903 7
2dots_tau0
0 14 2 2 -5
911 912 
NODE 911 8
2dots_tau0
0 7 3 4 2
915 916 
LEAF 915 9
65 classes
5 0.0201141
7 0.402554
17 0.466799
42 0.0113228
44 0.0227497
56 0.0212363
61 0.0552239
-1 -1
LEAF 916 9
65 classes
2 0.232208
5 0.490846
23 0.276945
-1 -1
NODE 912 8
2dots_tau0
0 -1 -7 11 -4
913 914 
LEAF 913 9
65 classes
5 0.144961
28 0.561582
41 0.162833
54 0.130624
-1 -1
LEAF 914 9
65 classes
2 0.199101
5 0.210431
23 0.474919
61 0.115549
-1 -1
NODE 904 7
2dots_tau0
0 -2 -10 -10 9
905 906 
NODE 905 8
2dots_tau0
0 0 4 4 15
909 910 
LEAF 909 9
65 classes
5 0.0726534
17 0.606998
44 0.0410867
61 0.279261
-1 -1
LEAF 910 9
65 classes
14 0.221334
56 0.511063
59 0.134703
61 0.132899
-1 -1
NODE 906 8
2dots_tau0
0 -1 2 1 12
907 908 
LEAF 907 9
65 classes
5 0.0798478
7 0.432802
14 0.146041
19 0.0397622
22 0.04144
44 0.0225776
48 0.0388193
51 0.0241309
56 0.0421514
59 0.0666602
61 0.0657675
-1 -1
LEAF 908 9
65 classes
1 0.445607
5 0.0538895
7 0.314568
14 0.0985636
44 0.0304754
56 0.0568962
-1 -1
NODE 770 3
2dots_tau0
0 -2 -13 6 13
771 772 
NODE 771 4
2dots_tau0
0 14 -15 -9 -8
835 836 
NODE 835 5
2dots_tau0
0 -13 7 0 -1
867 868 
NODE 867 6
2dots_tau0
0 4 15 -10 -1
883 884 
NODE 883 7
2dots_tau0
0 -6 5 10 -15
891 892 
NODE 891 8
2dots_tau0
0 -12 -10 9 7
895 896 
LEAF 895 9
65 classes
-1 -1
LEAF 896 9
65 classes
14 1
-1 -1
NODE 892 8
2dots_tau0
0 4 5 3 -11
893 894 
LEAF 893 9
65 classes
14 0.0714905
44 0.530509
52 0.0811433
53 0.0602851
56 0.0825363
59 0.174036
-1 -1
LEAF 894 9
65 classes
3 0.026973
4 0.451258
11 0.0302654
13 0.0613956
23 0.177428
30 0.0145849
40 0.0758417
44 0.0296393
51 0.0633567
52 0.0272006
56 0.0276676
61 0.0143896
-1 -1
NODE 884 7
2dots_tau0
0 -2 0 -14 -13
885 886 
NODE 885 8
2dots_tau0
0 7 4 7 -8
889 890 
LEAF 889 9
65 classes
35 0.332826
42 0.667174
-1 -1
LEAF 890 9
65 classes
6 0.239616
42 0.296093
51 0.317918
59 0.146372
-1 -1
NODE 886 8
2dots_tau0
0 -10 -6 -12 12
887 888 
LEAF 887 9
65 classes
4 0.291341
7 0.112868
14 0.123777
23 0.305468
51 0.0204521
52 0.0702449
55 0.0381836
59 0.0376652
-1 -1
LEAF 888 9
65 classes
4 0.194151
5 0.0526154
7 0.0438759
14 0.0481167
23 0.118747
40 0.101517
42 0.0592375
51 0.127208
52 0.109227
55 0.0593734
59 0.0585674
62 0.0273645
-1 -1
NODE 868 6
2dots_tau0
0 1 0 -2 -9
869 870 
NODE 869 7
2dots_tau0
0 -2 -4 -4 -9
877 878 
NODE 877 8
2dots_tau0
0 8 9 3 15
881 882 
LEAF 881 9
65 classes
1 0.0163402
2 0.00373939
4 0.00486121
7 0.0098872
11 0.0365161
17 0.044026
21 0.153176
23 0.00445982
30 0.00659892
39 0.0272983
42 0.100116
44 0.0201153
46 0.453713
47 0.0115743
49 0.00651054
51 0.0167216
55 0.0646674
59 0.0109982
61 0.00868072
-1 -1
LEAF 882 9
65 classes
14 0.0432206
15 0.0384979
21 0.152644
39 0.125555
45 0.0484431
49 0.0259517
51 0.314226
52 0.0490563
61 0.0519034
63 0.150503
-1 -1
NODE 878 8
2dots_tau0
0 10 10 7 -15
879 880 
LEAF 879 9
65 classes
11 0.0627059
14 0.397215
18 0.0489244
21 0.0292262
35 0.030494
39 0.0288474
42 0.152819
51 0.0328166
53 0.0418694
56 0.114647
59 0.060436
-1 -1
LEAF 880 9
65 classes
1 0.0454646
4 0.0541029
11 0.0508008
21 0.27229
23 0.0248178
30 0.0122405
35 0.0988181
39 0.0584264
42 0.272372
45 0.0450857
51 0.0531724
55 0.0124089
-1 -1
NODE 870 7
2dots_tau0
0 -6 -14 -15 5
871 872 
NODE 871 8
2dots_tau0
0 9 1 6 5
875 876 
LEAF 875 9
65 classes
1 0.00935775
3 0.0372744
4 0.200443
9 0.00935775
10 0.00683173
11 0.135929
13 0.148476
15 0.00737465
18 0.00815804
21 0.160822
23 0.040865
27 0.00887309
30 0.00503879
35 0.0152544
39 0.0096205
42 0.0662537
50 0.0160226
51 0.0711373
52 0.00939724
61 0.00497131
62 0.0141257
63 0.0144152
-1 -1
LEAF 876 9
65 classes
13 0.0732868
16 0.058518
21 0.0673533
23 0.141195
28 0.0605915
30 0.0348195
35 0.175688
39 0.132961
50 0.0553606
51 0.0378138
52 0.129875
62 0.0325375
-1 -1
NODE 872 8
2dots_tau0
0 -3 -15 0 13
873 874 
LEAF 873 9
65 classes
4 0.211034
23 0.19361
28 0.166169
47 0.334975
49 0.0942118
-1 -1
LEAF 874 9
65 classes
4 0.526616
59 0.238288
61 0.235096
-1 -1
NODE 836 5
2dots_tau0
0 14 -12 -9 8
837 838 
NODE 837 6
2dots_tau0
0 -5 -1 -2 8
853 854 
NODE 853 7
2dots_tau0
0 6 1 -15 -1
861 862 
NODE 861 8
2dots_tau0
0 -13 -15 2 -4
865 866 
LEAF 865 9
65 classes
3 0.0796577
7 0.0430242
11 0.0297937
13 0.0906581
14 0.0235913
18 0.0464913
42 0.0145219
45 0.13221
52 0.16066
58 0.352559
62 0.0268333
-1 -1
LEAF 866 9
65 classes
11 0.0509826
13 0.51711
17 0.0409785
35 0.0123965
37 0.0219824
42 0.0124248
55 0.0249067
58 0.301647
63 0.0175717
-1 -1
NODE 862 8
2dots_tau0
0 10 -12 -14 -15
863 864 
LEAF 863 9
65 classes
7 0.284059
13 0.199518
19 0.339261
62 0.177162
-1 -1
LEAF 864 9
65 classes
7 0.106584
14 0.175329
19 0.0636484
32 0.0350919
45 0.0655048
51 0.0386269
52 0.464338
63 0.0508775
-1 -1
NODE 854 7
2dots_tau0
0 -14 6 -10 -5
855 856 
NODE 855 8
2dots_tau0
0 14 0 -12 -8
859 860 
LEAF 859 9
65 classes
1 0.133868
14 0.118441
18 0.116706
19 0.12899
40 0.124944
53 0.0998766
55 0.0730749
56 0.136741
62 0.0673586
-1 -1
LEAF 860 9
65 classes
-1 -1
NODE 856 8
2dots_tau0
0 -7 -8 -4 10
857 858 
LEAF 857 9
65 classes
3 0.151363
13 0.129199
18 0.033128
19 0.109846
20 0.0292684
27 0.0360317
35 0.0412966
40 0.0354665
51 0.022221
52 0.305281
56 0.0776305
63 0.0292684
-1 -1
LEAF 858 9
65 classes
3 0.636846
40 0.198962
63 0.164192
-1 -1
NODE 838 6
2dots_tau0
0 7 -7 15 7
839 840 
NODE 839 7
2dots_tau0
0 7 4 11 0
847 848 
NODE 847 8
2dots_tau0
0 13 -6 2 -1
851 852 
LEAF 851 9
65 classes
3 0.50823
37 0.49177
-1 -1
LEAF 852 9
65 classes
15 0.758013
62 0.241987
-1 -1
NODE 848 8
2dots_tau0
0 -9 7 13 -6
849 850 
LEAF 849 9
65 classes
13 0.367026
27 0.307074
62 0.3259
-1 -1
LEAF 850 9
65 classes
15 0.19572
40 0.115897
52 0.374098
56 0.12684
62 0.187444
-1 -1
NODE 840 7
2dots_tau0
0 13 -2 11 -10
841 842 
NODE 841 8
2dots_tau0
0 -10 -6 -8 3
845 846 
LEAF 845 9
65 classes
3 0.173372
5 0.0421095
7 0.0351151
14 0.0385091
15 0.325861
17 0.175907
19 0.0419391
42 0.0118523
45 0.0215811
47 0.0411069
52 0.0218543
55 0.0356386
59 0.0351548
-1 -1
LEAF 846 9
65 classes
3 0.231639
17 0.0696373
20 0.119443
22 0.0778645
27 0.147043
35 0.0421322
40 0.0723682
42 0.0422286
52 0.0778645
59 0.0417509
62 0.0780292
-1 -1
NODE 842 8
2dots_tau0
0 4 3 0 -9
843 844 
LEAF 843 9
65 classes
35 0.351111
52 0.648889
-1 -1
LEAF 844 9
65 classes
3 0.84089
52 0.105998
62 0.0531112
-1 -1
NODE 772 4
2dots_tau0
0 -8 11 11 -8
773 774 
NODE 773 5
2dots_tau0
0 -7 -11 3 -13
805 806 
NODE 805 6
2dots_tau0
0 -4 -13 -15 -6
821 822 
NODE 821 7
2dots_tau0
0 -4 -1 -11 -12
829 830 
NODE 829 8
2dots_tau0
0 7 5 -12 14
833 834 
LEAF 833 9
65 classes
18 0.249465
19 0.0689311
23 0.312403
35 0.116616
40 0.0667686
51 0.0418329
62 0.143983
-1 -1
LEAF 834 9
65 classes
3 0.127942
18 0.224015
19 0.247596
23 0.280533
40 0.119914
-1 -1
NODE 830 8
2dots_tau0
0 -4 -7 -7 -6
831 832 
LEAF 831 9
65 classes
3 0.1094
7 0.177265
11 0.122754
15 0.259734
19 0.105857
59 0.0591552
62 0.165835
-1 -1
LEAF 832 9
65 classes
1 0.03436
3 0.479028
7 0.0831629
14 0.0304003
15 0.0541569
19 0.0331081
20 0.026465
23 0.0375123
24 0.0291021
35 0.037341
47 0.0649023
51 0.0200926
59 0.0185016
62 0.051867
-1 -1
NODE 822 7
2dots_tau0
0 10 2 -4 10
823 824 
NODE 823 8
2dots_tau0
0 -13 -3 -9 6
827 828 
LEAF 827 9
65 classes
7 0.340532
14 0.041494
15 0.295679
20 0.0361226
24 0.039722
28 0.0439444
30 0.0252531
49 0.124575
51 0.0274248
59 0.0252531
-1 -1
LEAF 828 9
65 classes
4 0.0719177
5 0.116939
7 0.585093
30 0.0325419
49 0.0963183
59 0.0650839
61 0.0321061
-1 -1
NODE 824 8
2dots_tau0
0 15 5 -5 -9
825 826 
LEAF 825 9
65 classes
1 0.250834
3 0.249784
35 0.068149
53 0.0935713
59 0.337661
-1 -1
LEAF 826 9
65 classes
-1 -1
NODE 806 6
2dots_tau0
0 -13 -4 -2 -4
807 808 
NODE 807 7
2dots_tau0
0 -7 13 -7 -1
815 816 
NODE 815 8
2dots_tau0
0 -5 11 -1 4
819 820 
LEAF 819 9
65 classes
5 0.159336
7 0.0664348
14 0.145712
24 0.278979
35 0.0447449
47 0.155542
48 0.0774635
54 0.0717885
-1 -1
LEAF 820 9
65 classes
4 0.149486
5 0.121534
7 0.202694
11 0.140363
24 0.319188
49 0.0667351
-1 -1
NODE 816 8
2dots_tau0
0 2 4 -5 7
817 818 
LEAF 817 9
65 classes
5 0.387948
15 0.158005
18 0.17479
24 0.169813
55 0.109444
-1 -1
LEAF 818 9
65 classes
-1 -1
NODE 808 7
2dots_tau0
0 3 2 10 -4
809 810 
NODE 809 8
2dots_tau0
0 13 14 -10 3
813 814 
LEAF 813 9
65 classes
11 0.10868
18 0.42397
24 0.16476
49 0.0516713
51 0.113753
54 0.0847939
59 0.0523727
-1 -1
LEAF 814 9
65 classes
-1 -1
NODE 810 8
2dots_tau0
0 1 10 6 -5
811 812 
LEAF 811 9
65 classes
4 0.262959
11 0.24691
48 0.207873
53 0.164865
61 0.117393
-1 -1
LEAF 812 9
65 classes
4 0.401373
11 0.188438
35 0.0916378
47 0.31855
-1 -1
NODE 774 5
2dots_tau0
0 15 2 -8 7
775 776 
NODE 775 6
2dots_tau0
0 -10 0 -3 6
791 792 
NODE 791 7
2dots_tau0
0 4 -8 -14 0
799 800 
NODE 799 8
2dots_tau0
0 -4 0 -5 12
803 804 
LEAF 803 9
65 classes
4 0.0676324
6 0.00715687
7 0.00655035
10 0.00592747
13 0.00920169
15 0.0127971
17 0.138546
19 0.0078233
20 0.0125072
21 0.00845669
23 0.00886401
24 0.00687671
28 0.0076077
30 0.0262311
35 0.0132353
37 0.0078233
39 0.0918181
40 0.0303114
42 0.00442186
46 0.128824
48 0.0152755
49 0.00431329
51 0.0094956
55 0.230464
58 0.107353
59 0.0218592
61 0.00862658
-1 -1
LEAF 804 9
65 classes
1 0.0382767
2 0.0233586
3 0.0127055
4 0.0910986
5 0.012344
7 0.0102936
15 0.010055
16 0.0346383
17 0.0687537
23 0.0139294
24 0.0540324
27 0.0604904
28 0.0119552
30 0.0137404
35 0.0138658
37 0.036882
39 0.0393514
40 0.0476333
47 0.0120501
48 0.0120025
51 0.014922
52 0.0896892
53 0.0190384
54 0.0222463
55 0.111436
56 0.0912289
59 0.00687018
61 0.0271127
-1 -1
NODE 800 8
2dots_tau0
0 6 -6 -11 9
801 802 
LEAF 801 9
65 classes
1 0.0428043
4 0.0764057
7 0.0690673
14 0.0189357
17 0.0576647
18 0.0186583
19 0.061867
20 0.115392
21 0.011146
23 0.0467313
24 0.163144
44 0.0351291
45 0.0212238
49 0.0568495
51 0.0876069
52 0.0214925
53 0.0159678
59 0.0691455
62 0.010769
-1 -1
LEAF 802 9
65 classes
1 0.149333
7 0.385531
17 0.0268235
20 0.0690119
24 0.0252962
30 0.0482459
35 0.0162288
44 0.065363
49 0.0158666
51 0.0698598
59 0.112574
61 0.0158666
-1 -1
NODE 792 7
2dots_tau0
0 4 4 -15 -10
793 794 
NODE 793 8
2dots_tau0
0 1 5 -14 6
797 798 
LEAF 797 9
65 classes
1 0.0113519
3 0.0508696
4 0.0675436
6 0.00500323
10 0.00414378
11 0.139527
12 0.018421
13 0.0192982
16 0.0719095
18 0.0346377
21 0.0532072
23 0.117736
24 0.00961474
27 0.0107639
30 0.0152813
35 0.033926
37 0.114851
39 0.0787765
40 0.00529753
45 0.0112573
49 0.00603067
51 0.00663819
52 0.0227995
55 0.0123933
56 0.0521796
59 0.00305627
61 0.0120613
62 0.0114239
-1 -1
LEAF 798 9
65 classes
1 0.156086
4 0.0371485
16 0.0847494
30 0.0504278
40 0.0291361
44 0.0512393
52 0.0626978
55 0.0170406
56 0.478306
61 0.0331683
-1 -1
NODE 794 8
2dots_tau0
0 -9 9 -14 -12
795 796 
LEAF 795 9
65 classes
1 0.37241
19 0.119614
37 0.119614
44 0.0679185
56 0.253601
59 0.0668429
-1 -1
LEAF 796 9
65 classes
1 0.0246687
2 0.0112907
3 0.13511
4 0.146779
7 0.00995112
11 0.0275641
14 0.0873035
16 0.0111619
18 0.0215061
19 0.0356548
28 0.0346722
30 0.00664158
37 0.130734
44 0.107975
51 0.0432764
52 0.0247728
53 0.0276073
56 0.0503962
59 0.0132832
62 0.0496504
-1 -1
NODE 776 6
2dots_tau0
0 11 -7 6 6
777 778 
NODE 777 7
2dots_tau0
0 3 -10 10 -12
785 786 
NODE 785 8
2dots_tau0
0 11 0 7 11
789 790 
LEAF 789 9
65 classes
7 0.45572
19 0.54428
-1 -1
LEAF 790 9
65 classes
18 0.130348
37 0.576275
48 0.140652
56 0.152725
-1 -1
NODE 786 8
2dots_tau0
0 15 0 -13 0
787 788 
LEAF 787 9
65 classes
1 0.21769
3 0.325169
19 0.104879
35 0.177432
51 0.0636489
56 0.111181
-1 -1
LEAF 788 9
65 classes
28 1
-1 -1
NODE 778 7
2dots_tau0
0 -12 -8 -3 -15
779 780 
NODE 779 8
2dots_tau0
0 10 -14 5 -12
783 784 
LEAF 783 9
65 classes
3 0.147257
18 0.128917
19 0.142487
24 0.500987
35 0.0803523
-1 -1
LEAF 784 9
65 classes
24 0.128668
37 0.585517
48 0.285815
-1 -1
NODE 780 8
2dots_tau0
0 -8 13 -9 4
781 782 
LEAF 781 9
65 classes
1 0.257024
37 0.742976
-1 -1
LEAF 782 9
65 classes
24 0.160725
35 0.103114
40 0.354226
62 0.381935
-1 -1
NODE 514 2
2dots_tau0
0 15 -6 1 1
515 516 
NODE 515 3
2dots_tau0
0 -6 7 12 1
643 644 
NODE 643 4
2dots_tau0
0 13 7 12 -8
707 708 
NODE 707 5
2dots_tau0
0 -7 2 -1 11
739 740 
NODE 739 6
2dots_tau0
0 15 -15 14 -7
755 756 
NODE 755 7
2dots_tau0
0 6 9 -10 2
763 764 
NODE 763 8
2dots_tau0
0 -3 5 0 6
767 768 
LEAF 767 9
65 classes
14 0.447639
23 0.552361
-1 -1
LEAF 768 9
65 classes
14 1
-1 -1
NODE 764 8
2dots_tau0
0 2 -7 -15 11
765 766 
LEAF 765 9
65 classes
14 0.37291
35 0.229024
47 0.398066
-1 -1
LEAF 766 9
65 classes
7 0.0866753
14 0.855476
59 0.0578489
-1 -1
NODE 756 7
2dots_tau0
0 2 15 4 -13
757 758 
NODE 757 8
2dots_tau0
0 2 -1 -4 -5
761 762 
LEAF 761 9
65 classes
14 0.151342
22 0.687106
47 0.161552
-1 -1
LEAF 762 9
65 classes
3 1
-1 -1
NODE 758 8
2dots_tau0
0 10 -8 -13 6
759 760 
LEAF 759 9
65 classes
41 1
-1 -1
LEAF 760 9
65 classes
47 1
-1 -1
NODE 740 6
2dots_tau0
0 11 0 13 10
741 742 
NODE 741 7
2dots_tau0
0 -7 -7 -14 -8
749 750 
NODE 749 8
2dots_tau0
0 6 -15 15 1
753 754 
LEAF 753 9
65 classes
0 1
-1 -1
LEAF 754 9
65 classes
14 1
-1 -1
NODE 750 8
2dots_tau0
0 -1 0 2 5
751 752 
LEAF 751 9
65 classes
-1 -1
LEAF 752 9
65 classes
53 1
-1 -1
NODE 742 7
2dots_tau0
0 -14 -8 8 8
743 744 
NODE 743 8
2dots_tau0
0 6 -11 8 -13
747 748 
LEAF 747 9
65 classes
14 0.283304
53 0.716696
-1 -1
LEAF 748 9
65 classes
14 1
-1 -1
NODE 744 8
2dots_tau0
0 -15 6 0 -8
745 746 
LEAF 745 9
65 classes
53 0.847149
59 0.152851
-1 -1
LEAF 746 9
65 classes
3 0.423363
14 0.188074
35 0.115507
53 0.158595
59 0.114461
-1 -1
NODE 708 5
2dots_tau0
0 15 -6 -5 10
709 710 
NODE 709 6
2dots_tau0
0 0 -1 2 -14
725 726 
NODE 725 7
2dots_tau0
0 0 6 -13 10
733 734 
NODE 733 8
2dots_tau0
0 9 -10 -13 14
737 738 
LEAF 737 9
65 classes
19 0.117834
22 0.368418
40 0.114137
42 0.399611
-1 -1
LEAF 738 9
65 classes
51 0.240455
59 0.442829
63 0.316716
-1 -1
NODE 734 8
2dots_tau0
0 -12 -10 -9 8
735 736 
LEAF 735 9
65 classes
14 0.107803
24 0.0515999
30 0.0984133
42 0.564056
51 0.178127
-1 -1
LEAF 736 9
65 classes
7 0.0597929
19 0.0714126
22 0.148852
28 0.347223
30 0.039907
35 0.0402715
49 0.0393726
51 0.173355
59 0.0798141
-1 -1
NODE 726 7
2dots_tau0
0 -10 13 7 8
727 728 
NODE 727 8
2dots_tau0
0 2 10 4 7
731 732 
LEAF 731 9
65 classes
7 0.0598362
20 0.142813
22 0.0372398
23 0.080971
24 0.0314087
30 0.019968
35 0.0201503
42 0.504911
49 0.0197005
53 0.0830016
-1 -1
LEAF 732 9
65 classes
22 0.143484
23 0.311979
35 0.0776387
42 0.466898
-1 -1
NODE 728 8
2dots_tau0
0 9 12 -10 -15
729 730 
LEAF 729 9
65 classes
-1 -1
LEAF 730 9
65 classes
24 0.48816
33 0.51184
-1 -1
NODE 710 6
2dots_tau0
0 0 10 -6 1
711 712 
NODE 711 7
2dots_tau0
0 2 0 -3 -4
719 720 
NODE 719 8
2dots_tau0
0 -15 -10 12 3
723 724 
LEAF 723 9
65 classes
14 0.676736
47 0.180597
53 0.142666
-1 -1
LEAF 724 9
65 classes
-1 -1
NODE 720 8
2dots_tau0
0 8 0 14 -4
721 722 
LEAF 721 9
65 classes
-1 -1
LEAF 722 9
65 classes
3 0.267247
7 0.108258
14 0.118721
30 0.505774
-1 -1
NODE 712 7
2dots_tau0
0 6 -8 -1 9
713 714 
NODE 713 8
2dots_tau0
0 3 6 12 0
717 718 
LEAF 717 9
65 classes
-1 -1
LEAF 718 9
65 classes
5 0.258347
14 0.236258
27 0.2532
47 0.252196
-1 -1
NODE 714 8
2dots_tau0
0 12 10 -5 -7
715 716 
LEAF 715 9
65 classes
-1 -1
LEAF 716 9
65 classes
3 0.497371
62 0.502629
-1 -1
NODE 644 4
2dots_tau0
0 8 0 -7 8
645 646 
NODE 645 5
2dots_tau0
0 4 -2 4 3
677 678 
NODE 677 6
2dots_tau0
0 -15 -2 -10 15
693 694 
NODE 693 7
2dots_tau0
0 15 5 0 10
701 702 
NODE 701 8
2dots_tau0
0 11 -4 9 7
705 706 
LEAF 705 9
65 classes
4 0.0220142
7 0.0223873
10 0.0607754
13 0.136278
14 0.3519
15 0.014579
17 0.0166145
19 0.0178253
22 0.0092887
23 0.0403931
28 0.0433351
42 0.0302255
45 0.00917259
47 0.0174716
48 0.00870127
51 0.0054089
52 0.0278661
55 0.151474
59 0.00498059
62 0.00930834
-1 -1
LEAF 706 9
65 classes
2 0.129162
14 0.374522
15 0.111199
55 0.385116
-1 -1
NODE 702 8
2dots_tau0
0 -10 3 -11 2
703 704 
LEAF 703 9
65 classes
2 0.154447
10 0.123178
15 0.132967
20 0.129955
42 0.459452
-1 -1
LEAF 704 9
65 classes
12 0.0387361
13 0.0405807
14 0.0316801
15 0.0282183
22 0.0359575
23 0.0390914
28 0.301958
42 0.429022
47 0.0338172
51 0.0209384
-1 -1
NODE 694 7
2dots_tau0
0 4 -7 14 12
695 696 
NODE 695 8
2dots_tau0
0 10 5 -6 -5
699 700 
LEAF 699 9
65 classes
1 0.0130427
4 0.0310416
12 0.0141098
13 0.0739086
16 0.0354087
17 0.0117138
20 0.0502291
23 0.0142393
28 0.0733266
30 0.0491609
42 0.333857
47 0.0123181
49 0.0207868
52 0.0261954
53 0.233542
55 0.00711963
-1 -1
LEAF 700 9
65 classes
13 0.149052
20 0.0578842
23 0.0615351
30 0.0202333
42 0.491155
49 0.069868
51 0.0329599
53 0.0981219
56 0.0191912
-1 -1
NODE 696 8
2dots_tau0
0 9 14 10 3
697 698 
LEAF 697 9
65 classes
1 0.0602403
4 0.035843
7 0.0243003
14 0.159894
16 0.027257
19 0.0290227
28 0.0564457
42 0.246062
51 0.158519
52 0.0302473
55 0.0328835
56 0.123066
59 0.0162186
-1 -1
LEAF 698 9
65 classes
1 0.0165752
4 0.0788979
7 0.347685
14 0.263971
15 0.0130626
17 0.0297728
42 0.0361089
44 0.00906872
51 0.106619
55 0.0723834
56 0.0169309
59 0.0089251
-1 -1
NODE 678 6
2dots_tau0
0 -6 -7 -7 8
679 680 
NODE 679 7
2dots_tau0
0 13 0 5 3
687 688 
NODE 687 8
2dots_tau0
0 1 15 3 -10
691 692 
LEAF 691 9
65 classes
1 0.0322164
7 0.0259915
14 0.399052
35 0.0175057
42 0.24564
51 0.131873
53 0.0961441
59 0.0173473
61 0.0342299
-1 -1
LEAF 692 9
65 classes
1 0.171161
4 0.0763805
7 0.0517834
13 0.0484956
14 0.0946475
19 0.0206155
23 0.0934318
42 0.221393
49 0.0113662
51 0.0625557
53 0.0478875
55 0.011679
56 0.0655627
59 0.0230409
-1 -1
NODE 688 8
2dots_tau0
0 -9 14 9 2
689 690 
LEAF 689 9
65 classes
23 0.708826
42 0.0884006
53 0.1211
62 0.0816724
-1 -1
LEAF 690 9
65 classes
15 0.263139
40 0.0519398
42 0.0303081
49 0.0591279
53 0.166077
55 0.0303776
56 0.341064
59 0.0299653
62 0.0280014
-1 -1
NODE 680 7
2dots_tau0
0 14 0 -14 -13
681 682 
NODE 681 8
2dots_tau0
0 -5 6 -15 -4
685 686 
LEAF 685 9
65 classes
1 0.168548
7 0.0679905
21 0.0219444
23 0.0920055
40 0.0786557
42 0.0229487
44 0.0691628
49 0.0223853
51 0.0246403
52 0.0423148
56 0.34433
59 0.0226891
61 0.0223853
-1 -1
LEAF 686 9
65 classes
1 0.0725518
5 0.0175481
7 0.2634
14 0.0962863
15 0.157236
23 0.019802
40 0.0169288
42 0.0691484
44 0.0198475
49 0.00963579
51 0.0318194
53 0.108259
55 0.0990099
56 0.0185272
-1 -1
NODE 682 8
2dots_tau0
0 15 -4 2 6
683 684 
LEAF 683 9
65 classes
23 0.579802
51 0.155279
53 0.198114
62 0.0668059
-1 -1
LEAF 684 9
65 classes
3 1
-1 -1
NODE 646 5
2dots_tau0
0 5 2 8 9
647 648 
NODE 647 6
2dots_tau0
0 4 11 -3 -2
663 664 
NODE 663 7
2dots_tau0
0 3 -8 1 7
671 672 
NODE 671 8
2dots_tau0
0 15 -7 -13 -12
675 676 
LEAF 675 9
65 classes
7 0.683322
20 0.0310649
23 0.0440323
42 0.0658974
44 0.0662003
55 0.0660485
59 0.0434346
-1 -1
LEAF 676 9
65 classes
5 0.374841
7 0.625159
-1 -1
NODE 672 8
2dots_tau0
0 -6 5 -12 -4
673 674 
LEAF 673 9
65 classes
5 0.0949066
23 0.107096
44 0.161014
51 0.0573637
59 0.475392
61 0.104228
-1 -1
LEAF 674 9
65 classes
5 0.262822
7 0.438334
51 0.0794279
59 0.219415
-1 -1
NODE 664 7
2dots_tau0
0 0 10 1 13
665 666 
NODE 665 8
2dots_tau0
0 0 14 -9 0
669 670 
LEAF 669 9
65 classes
14 0.45102
59 0.54898
-1 -1
LEAF 670 9
65 classes
7 0.0692536
10 0.0626682
14 0.151895
19 0.165424
51 0.100392
52 0.172404
55 0.0468574
59 0.231107
-1 -1
NODE 666 8
2dots_tau0
0 3 0 0 4
667 668 
LEAF 667 9
65 classes
14 0.549225
42 0.450775
-1 -1
LEAF 668 9
65 classes
7 0.113165
14 0.372308
19 0.135156
42 0.152785
59 0.226586
-1 -1
NODE 648 6
2dots_tau0
0 13 12 -4 11
649 650 
NODE 649 7
2dots_tau0
0 8 -5 0 0
657 658 
NODE 657 8
2dots_tau0
0 -12 4 -10 -4
661 662 
LEAF 661 9
65 classes
5 0.108813
7 0.725909
14 0.099509
51 0.0657688
-1 -1
LEAF 662 9
65 classes
5 0.0638381
7 0.47911
14 0.0583798
22 0.265049
23 0.0720375
40 0.061585
-1 -1
NODE 658 8
2dots_tau0
0 -1 12 -14 14
659 660 
LEAF 659 9
65 classes
1 0.224921
42 0.122497
44 0.12306
53 0.167809
59 0.242223
61 0.119489
-1 -1
LEAF 660 9
65 classes
1 0.0245303
5 0.0237325
7 0.277067
14 0.499177
42 0.0267195
44 0.0268423
51 0.0430334
59 0.0528344
61 0.0260634
-1 -1
NODE 650 7
2dots_tau0
0 -8 14 -4 -3
651 652 
NODE 651 8
2dots_tau0
0 -4 -6 12 5
655 656 
LEAF 655 9
65 classes
-1 -1
LEAF 656 9
65 classes
1 0.0978121
14 0.69232
35 0.0797235
44 0.0267578
47 0.046189
51 0.0571972
-1 -1
NODE 652 8
2dots_tau0
0 -12 -6 -3 6
653 654 
LEAF 653 9
65 classes
-1 -1
LEAF 654 9
65 classes
-1 -1
NODE 516 3
2dots_tau0
0 13 -1 -2 -9
517 518 
NODE 517 4
2dots_tau0
0 -15 -6 8 4
581 582 
NODE 581 5
2dots_tau0
0 -1 15 10 -6
613 614 
NODE 613 6
2dots_tau0
0 11 -7 9 11
629 630 
NODE 629 7
2dots_tau0
0 3 5 -9 -4
637 638 
NODE 637 8
2dots_tau0
0 1 13 -13 6
641 642 
LEAF 641 9
65 classes
2 0.139234
7 0.122715
18 0.132604
20 0.117155
24 0.257657
53 0.113482
63 0.117155
-1 -1
LEAF 642 9
65 classes
14 0.295044
47 0.314948
51 0.390009
-1 -1
NODE 638 8
2dots_tau0
0 4 13 10 4
639 640 
LEAF 639 9
65 classes
14 0.120849
22 0.480081
30 0.0735483
47 0.129001
51 0.159746
59 0.0367742
-1 -1
LEAF 640 9
65 classes
7 0.150459
22 0.749121
30 0.10042
-1 -1
NODE 630 7
2dots_tau0
0 11 0 -6 0
631 632 
NODE 631 8
2dots_tau0
0 4 2 -3 15
635 636 
LEAF 635 9
65 classes
2 0.0359094
7 0.0949468
15 0.0309154
22 0.157577
24 0.0332258
28 0.330819
47 0.148197
53 0.117071
59 0.0211232
63 0.030215
-1 -1
LEAF 636 9
65 classes
1 0.121363
7 0.391654
22 0.121875
47 0.114621
48 0.114168
51 0.0709692
59 0.0653495
-1 -1
NODE 632 8
2dots_tau0
0 -14 -8 13 -13
633 634 
LEAF 633 9
65 classes
28 0.615734
51 0.384266
-1 -1
LEAF 634 9
65 classes
7 0.0885752
47 0.829514
53 0.0819112
-1 -1
NODE 614 6
2dots_tau0
0 12 2 -7 10
615 616 
NODE 615 7
2dots_tau0
0 3 -13 -14 3
623 624 
NODE 623 8
2dots_tau0
0 -11 -6 4 3
627 628 
LEAF 627 9
65 classes
5 0.0950187
17 0.044103
20 0.151292
22 0.295881
30 0.0264419
45 0.0486971
47 0.185513
48 0.0461949
55 0.0804172
59 0.0264419
-1 -1
LEAF 628 9
65 classes
13 0.0717111
16 0.171779
20 0.0974714
30 0.0340709
40 0.0590562
47 0.298796
53 0.0944159
55 0.172699
-1 -1
NODE 624 8
2dots_tau0
0 -6 -4 -8 -9
625 626 
LEAF 625 9
65 classes
-1 -1
LEAF 626 9
65 classes
7 0.0282748
14 0.0310077
15 0.0276195
22 0.31675
28 0.558261
35 0.0380871
-1 -1
NODE 616 7
2dots_tau0
0 -14 6 -8 -8
617 618 
NODE 617 8
2dots_tau0
0 -6 -1 10 -3
621 622 
LEAF 621 9
65 classes
14 0.45102
30 0.54898
-1 -1
LEAF 622 9
65 classes
14 0.151935
15 0.0386665
20 0.0188953
22 0.123178
24 0.0207781
28 0.0919471
47 0.417046
51 0.0143456
53 0.109818
55 0.0133914
-1 -1
NODE 618 8
2dots_tau0
0 5 -12 0 -4
619 620 
LEAF 619 9
65 classes
5 0.112384
22 0.58326
28 0.217689
53 0.0866663
-1 -1
LEAF 620 9
65 classes
22 0.348901
28 0.651099
-1 -1
NODE 582 5
2dots_tau0
0 -11 -15 12 13
583 584 
NODE 583 6
2dots_tau0
0 0 14 10 -4
599 600 
NODE 599 7
2dots_tau0
0 -4 5 -5 -5
607 608 
NODE 607 8
2dots_tau0
0 8 0 -8 3
611 612 
LEAF 611 9
65 classes
1 0.0447483
5 0.0865861
7 0.036102
22 0.134811
28 0.377366
47 0.0845246
53 0.166929
63 0.0689327
-1 -1
LEAF 612 9
65 classes
1 0.448903
5 0.217152
35 0.121962
47 0.211982
-1 -1
NODE 608 8
2dots_tau0
0 15 -11 -1 12
609 610 
LEAF 609 9
65 classes
5 0.331979
22 0.344586
47 0.162038
48 0.161397
-1 -1
LEAF 610 9
65 classes
15 0.0845076
22 0.107685
28 0.301433
47 0.506375
-1 -1
NODE 600 7
2dots_tau0
0 14 14 6 8
601 602 
NODE 601 8
2dots_tau0
0 0 14 -15 11
605 606 
LEAF 605 9
65 classes
15 0.177116
22 0.338539
28 0.105294
49 0.119395
63 0.259656
-1 -1
LEAF 606 9
65 classes
5 0.114407
13 0.0446731
14 0.0174374
15 0.264045
17 0.0177007
22 0.0593756
28 0.277008
47 0.111683
49 0.0104703
53 0.0294086
55 0.0537921
-1 -1
NODE 602 8
2dots_tau0
0 11 -3 -3 7
603 604 
LEAF 603 9
65 classes
1 0.0253803
5 0.0736648
15 0.0600051
19 0.0244555
20 0.0586458
22 0.0254874
28 0.261597
35 0.0275823
41 0.137911
47 0.0239703
49 0.0808998
52 0.0254874
53 0.0946789
54 0.0663793
55 0.0138544
-1 -1
LEAF 604 9
65 classes
35 0.4214
53 0.5786
-1 -1
NODE 584 6
2dots_tau0
0 14 -15 6 -3
585 586 
NODE 585 7
2dots_tau0
0 2 -11 -4 -5
593 594 
NODE 593 8
2dots_tau0
0 -12 9 -13 4
597 598 
LEAF 597 9
65 classes
5 0.147105
7 0.122671
14 0.0672636
16 0.0687981
22 0.152691
35 0.0413103
47 0.0718012
48 0.0715174
51 0.0444568
53 0.113441
61 0.0403882
63 0.0585563
-1 -1
LEAF 598 9
65 classes
5 0.196585
45 0.2015
47 0.191905
48 0.191146
49 0.107946
55 0.110917
-1 -1
NODE 594 8
2dots_tau0
0 13 -4 -9 1
595 596 
LEAF 595 9
65 classes
1 0.21311
7 0.343866
22 0.214009
35 0.1158
61 0.113215
-1 -1
LEAF 596 9
65 classes
41 1
-1 -1
NODE 586 7
2dots_tau0
0 -11 15 -8 -14
587 588 
NODE 587 8
2dots_tau0
0 -14 13 12 12
591 592 
LEAF 591 9
65 classes
1 0.0716601
5 0.0346648
15 0.0282369
40 0.167207
47 0.372234
53 0.267321
55 0.0586758
-1 -1
LEAF 592 9
65 classes
1 0.0572149
2 0.0523736
5 0.0553542
15 0.0450899
28 0.0536108
41 0.0621787
47 0.108073
49 0.0303954
53 0.0853739
54 0.0498796
55 0.31232
63 0.0881368
-1 -1
NODE 588 8
2dots_tau0
0 2 -7 -4 11
589 590 
LEAF 589 9
65 classes
5 0.0735562
13 0.0861658
20 0.0585593
22 0.152699
27 0.0720909
28 0.142479
35 0.123937
55 0.290513
-1 -1
LEAF 590 9
65 classes
5 0.48643
56 0.51357
-1 -1
NODE 518 4
2dots_tau0
0 8 3 8 10
519 520 
NODE 519 5
2dots_tau0
0 -7 3 -3 -10
551 552 
NODE 551 6
2dots_tau0
0 15 -15 -6 -6
567 568 
NODE 567 7
2dots_tau0
0 5 1 -13 2
575 576 
NODE 575 8
2dots_tau0
0 -8 -6 -11 -10
579 580 
LEAF 579 9
65 classes
19 0.404819
47 0.595181
-1 -1
LEAF 580 9
65 classes
5 0.0678148
15 0.11048
19 0.0675402
24 0.118736
28 0.0656789
47 0.1986
53 0.209184
63 0.161965
-1 -1
NODE 576 8
2dots_tau0
0 14 -15 13 0
577 578 
LEAF 577 9
65 classes
7 0.115971
19 0.277016
24 0.121749
42 0.0782872
51 0.252173
59 0.154803
-1 -1
LEAF 578 9
65 classes
5 1
-1 -1
NODE 568 7
2dots_tau0
0 6 8 -9 15
569 570 
NODE 569 8
2dots_tau0
0 -2 1 -3 -10
573 574 
LEAF 573 9
65 classes
12 0.336478
35 0.169007
41 0.338014
62 0.156501
-1 -1
LEAF 574 9
65 classes
12 0.122387
24 0.0958193
35 0.0614731
40 0.105589
41 0.614731
-1 -1
NODE 570 8
2dots_tau0
0 15 3 1 -5
571 572 
LEAF 571 9
65 classes
5 0.623277
51 0.376723
-1 -1
LEAF 572 9
65 classes
12 0.0684229
15 0.099689
19 0.18283
35 0.103103
41 0.206206
51 0.147941
53 0.0943764
63 0.0974307
-1 -1
NODE 552 6
2dots_tau0
0 -9 3 -13 8
553 554 
NODE 553 7
2dots_tau0
0 13 -11 6 -4
561 562 
NODE 561 8
2dots_tau0
0 4 6 12 3
565 566 
LEAF 565 9
65 classes
0 0.072318
42 0.387241
47 0.373069
59 0.12762
62 0.039752
-1 -1
LEAF 566 9
65 classes
49 1
-1 -1
NODE 562 8
2dots_tau0
0 14 0 6 12
563 564 
LEAF 563 9
65 classes
12 0.323505
13 0.0847276
33 0.066391
41 0.406228
49 0.119148
-1 -1
LEAF 564 9
65 classes
4 0.0345789
11 0.0324685
20 0.0223812
33 0.0258052
35 0.0315789
37 0.0279991
41 0.347368
42 0.0158256
48 0.0273351
49 0.0463111
56 0.0296815
62 0.336286
63 0.0223812
-1 -1
NODE 554 7
2dots_tau0
0 1 -15 -13 -5
555 556 
NODE 555 8
2dots_tau0
0 7 14 7 -8
559 560 
LEAF 559 9
65 classes
18 0.0710469
41 0.442827
47 0.0769675
51 0.0953111
63 0.313848
-1 -1
LEAF 560 9
65 classes
0 0.0388431
3 0.021128
13 0.0240457
16 0.0192
20 0.065367
22 0.0426127
30 0.0114244
33 0.0188418
35 0.0576439
41 0.18446
42 0.0577758
47 0.0601143
48 0.0598767
55 0.0231633
62 0.0213514
63 0.294152
-1 -1
NODE 556 8
2dots_tau0
0 -13 -9 5 -14
557 558 
LEAF 557 9
65 classes
1 0.033932
14 0.0900649
15 0.0802234
24 0.402354
27 0.0321746
28 0.0953837
30 0.0913555
42 0.0369603
47 0.0320469
51 0.0793692
63 0.0261353
-1 -1
LEAF 558 9
65 classes
40 0.0758978
41 0.706993
42 0.0442882
51 0.0475527
63 0.125268
-1 -1
NODE 520 5
2dots_tau0
0 -15 3 4 11
521 522 
NODE 521 6
2dots_tau0
0 11 -4 -3 11
537 538 
NODE 537 7
2dots_tau0
0 -15 -15 -10 -14
545 546 
NODE 545 8
2dots_tau0
0 -1 0 0 14
549 550 
LEAF 549 9
65 classes
15 0.0509241
20 0.0995409
21 0.0336522
28 0.24219
30 0.208766
42 0.140769
47 0.061028
51 0.113359
63 0.0497704
-1 -1
LEAF 550 9
65 classes
30 0.33081
42 0.66919
-1 -1
NODE 546 8
2dots_tau0
0 -6 3 5 3
547 548 
LEAF 547 9
65 classes
20 0.202146
28 0.245918
30 0.0706597
42 0.357341
47 0.123935
-1 -1
LEAF 548 9
65 classes
28 0.260561
47 0.525257
63 0.214182
-1 -1
NODE 538 7
2dots_tau0
0 12 -5 9 13
539 540 
NODE 539 8
2dots_tau0
0 -8 -13 4 -8
543 544 
LEAF 543 9
65 classes
5 0.478156
21 0.128694
30 0.266123
39 0.127026
-1 -1
LEAF 544 9
65 classes
19 1
-1 -1
NODE 540 8
2dots_tau0
0 -7 2 12 -4
541 542 
LEAF 541 9
65 classes
20 0.0410213
21 0.055473
24 0.0451088
30 0.0286778
39 0.328525
42 0.0580118
47 0.1006
51 0.342583
-1 -1
LEAF 542 9
65 classes
30 0.221831
47 0.778169
-1 -1
NODE 522 6
2dots_tau0
0 -5 -2 -13 -10
523 524 
NODE 523 7
2dots_tau0
0 14 -12 0 15
531 532 
NODE 531 8
2dots_tau0
0 10 2 13 -7
535 536 
LEAF 535 9
65 classes
41 1
-1 -1
LEAF 536 9
65 classes
20 0.666667
63 0.333333
-1 -1
NODE 532 8
2dots_tau0
0 -3 0 -3 -10
533 534 
LEAF 533 9
65 classes
27 0.459353
49 0.257361
51 0.283286
-1 -1
LEAF 534 9
65 classes
1 0.0650139
3 0.194225
19 0.37587
47 0.122804
48 0.0611593
62 0.130852
63 0.0500754
-1 -1
NODE 524 7
2dots_tau0
0 0 -4 4 -3
525 526 
NODE 525 8
2dots_tau0
0 8 -12 1 12
529 530 
LEAF 529 9
65 classes
20 0.344866
24 0.12641
28 0.139847
42 0.162569
53 0.111352
63 0.114955
-1 -1
LEAF 530 9
65 classes
1 0.159106
15 0.0417961
20 0.0408493
24 0.269518
27 0.0502886
28 0.0496946
41 0.0576367
47 0.100178
62 0.0266859
63 0.204246
-1 -1
NODE 526 8
2dots_tau0
0 -4 -12 5 -6
527 528 
LEAF 527 9
65 classes
3 0.0907832
15 0.071845
18 0.0397384
19 0.0439214
24 0.115821
28 0.298977
62 0.0229357
63 0.315978
-1 -1
LEAF 528 9
65 classes
27 0.0340118
28 0.168051
47 0.372645
53 0.187332
62 0.0721942
63 0.165766
-1 -1
NODE 2 1
2dots_tau0
0 5 -7 0 -7
3 4 
NODE 3 2
2dots_tau0
0 -11 -5 2 0
259 260 
NODE 259 3
2dots_tau0
0 -5 3 4 8
387 388 
NODE 387 4
2dots_tau0
0 2 -4 -8 -1
451 452 
NODE 451 5
2dots_tau0
0 7 15 2 0
483 484 
NODE 483 6
2dots_tau0
0 -10 8 2 7
499 500 
NODE 499 7
2dots_tau0
0 10 5 4 2
507 508 
NODE 507 8
2dots_tau0
0 -3 6 -7 -6
511 512 
LEAF 511 9
65 classes
1 0.108962
9 0.108962
14 0.0964054
19 0.104992
30 0.469377
56 0.111301
-1 -1
LEAF 512 9
65 classes
22 1
-1 -1
NODE 508 8
2dots_tau0
0 12 -1 0 -11
509 510 
LEAF 509 9
65 classes
23 0.493808
53 0.506192
-1 -1
LEAF 510 9
65 classes
0 1
-1 -1
NODE 500 7
2dots_tau0
0 1 8 7 -5
501 502 
NODE 501 8
2dots_tau0
0 14 9 15 14
505 506 
LEAF 505 9
65 classes
30 0.548057
33 0.451943
-1 -1
LEAF 506 9
65 classes
0 0.556314
10 0.443686
-1 -1
NODE 502 8
2dots_tau0
0 -2 1 9 -9
503 504 
LEAF 503 9
65 classes
52 1
-1 -1
LEAF 504 9
65 classes
21 0.0434679
23 0.182246
30 0.359544
35 0.0453534
39 0.0643568
44 0.0228331
51 0.0732118
53 0.186816
61 0.0221705
-1 -1
NODE 484 6
2dots_tau0
0 4 -3 3 -5
485 486 
NODE 485 7
2dots_tau0
0 9 -15 -1 -8
493 494 
NODE 493 8
2dots_tau0
0 15 -10 -6 8
497 498 
LEAF 497 9
65 classes
15 0.194424
23 0.538679
35 0.134055
59 0.132842
-1 -1
LEAF 498 9
65 classes
3 0.162832
5 0.158198
9 0.163516
15 0.515454
-1 -1
NODE 494 8
2dots_tau0
0 -15 1 8 -10
495 496 
LEAF 495 9
65 classes
30 0.329795
44 0.670205
-1 -1
LEAF 496 9
65 classes
0 0.458333
12 0.541667
-1 -1
NODE 486 7
2dots_tau0
0 7 13 0 9
487 488 
NODE 487 8
2dots_tau0
0 6 0 -8 9
491 492 
LEAF 491 9
65 classes
21 0.194714
59 0.805286
-1 -1
LEAF 492 9
65 classes
59 1
-1 -1
NODE 488 8
2dots_tau0
0 12 10 6 -13
489 490 
LEAF 489 9
65 classes
35 0.335357
59 0.664643
-1 -1
LEAF 490 9
65 classes
15 0.267785
21 0.0884803
23 0.185484
30 0.0914831
35 0.0923185
59 0.274449
-1 -1
NODE 452 5
2dots_tau0
0 -13 1 7 -14
453 454 
NODE 453 6
2dots_tau0
0 -3 -14 -7 -2
469 470 
NODE 469 7
2dots_tau0
0 -13 -7 14 -15
477 478 
NODE 477 8
2dots_tau0
0 -7 -9 0 15
481 482 
LEAF 481 9
65 classes
7 0.286578
22 0.713422
-1 -1
LEAF 482 9
65 classes
5 0.545286
7 0.454713
-1 -1
NODE 478 8
2dots_tau0
0 -9 -10 -3 8
479 480 
LEAF 479 9
65 classes
-1 -1
LEAF 480 9
65 classes
7 1
-1 -1
NODE 470 7
2dots_tau0
0 -5 -7 0 3
471 472 
NODE 471 8
2dots_tau0
0 -7 -5 -13 7
475 476 
LEAF 475 9
65 classes
0 0.719263
7 0.0792409
19 0.0946399
51 0.057435
62 0.0494208
-1 -1
LEAF 476 9
65 classes
0 0.323249
1 0.0706259
3 0.0703304
7 0.113959
19 0.27221
59 0.114088
62 0.0355369
-1 -1
NODE 472 8
2dots_tau0
0 -8 5 -8 -7
473 474 
LEAF 473 9
65 classes
0 0.303578
7 0.0594578
9 0.0368488
12 0.0398637
19 0.213037
45 0.0730835
51 0.021548
52 0.0740086
59 0.178575
-1 -1
LEAF 474 9
65 classes
0 0.205694
1 0.112354
7 0.0906448
51 0.591307
-1 -1
NODE 454 6
2dots_tau0
0 -5 13 7 -14
455 456 
NODE 455 7
2dots_tau0
0 3 12 12 -6
463 464 
NODE 463 8
2dots_tau0
0 11 -5 -13 10
467 468 
LEAF 467 9
65 classes
0 0.371657
35 0.220618
52 0.407725
-1 -1
LEAF 468 9
65 classes
19 1
-1 -1
NODE 464 8
2dots_tau0
0 -2 -7 8 0
465 466 
LEAF 465 9
65 classes
5 0.267218
15 0.435335
59 0.297446
-1 -1
LEAF 466 9
65 classes
0 0.601833
19 0.190052
45 0.0651985
51 0.0768926
52 0.0660238
-1 -1
NODE 456 7
2dots_tau0
0 11 5 9 -9
457 458 
NODE 457 8
2dots_tau0
0 -1 6 12 14
461 462 
LEAF 461 9
65 classes
6 0.0861795
21 0.0509157
23 0.106736
35 0.106249
44 0.106981
53 0.437651
59 0.105287
-1 -1
LEAF 462 9
65 classes
14 0.0324446
23 0.0400348
30 0.434405
35 0.039852
44 0.240761
51 0.107219
53 0.0273592
61 0.0779249
-1 -1
NODE 458 8
2dots_tau0
0 -12 3 -15 -13
459 460 
LEAF 459 9
65 classes
0 0.257805
3 0.0350572
6 0.0310321
19 0.305296
30 0.075825
51 0.0205864
53 0.105062
59 0.075825
61 0.0935119
-1 -1
LEAF 460 9
65 classes
0 0.0446299
6 0.171908
7 0.0393348
14 0.0431367
19 0.0939577
21 0.279303
30 0.0525058
39 0.0250622
53 0.145502
59 0.0787587
61 0.0259013
-1 -1
NODE 388 4
2dots_tau0
0 -7 4 7 0
389 390 
NODE 389 5
2dots_tau0
0 12 12 5 -8
421 422 
NODE 421 6
2dots_tau0
0 -10 1 15 -15
437 438 
NODE 437 7
2dots_tau0
0 4 -9 8 -7
445 446 
NODE 445 8
2dots_tau0
0 15 12 -12 9
449 450 
LEAF 449 9
65 classes
5 0.137322
35 0.0771263
45 0.281511
52 0.427612
59 0.0764284
-1 -1
LEAF 450 9
65 classes
0 0.0604709
1 0.0660606
58 0.873468
-1 -1
NODE 446 8
2dots_tau0
0 -13 -6 -9 4
447 448 
LEAF 447 9
65 classes
0 0.13307
1 0.436111
3 0.144762
19 0.140073
22 0.145984
-1 -1
LEAF 448 9
65 classes
1 0.125277
3 0.0623764
30 0.0337284
40 0.0584626
45 0.434816
52 0.251611
59 0.0337284
-1 -1
NODE 438 7
2dots_tau0
0 3 14 -6 7
439 440 
NODE 439 8
2dots_tau0
0 4 9 -1 10
443 444 
LEAF 443 9
65 classes
5 0.048952
19 0.0487538
30 0.136224
40 0.141673
44 0.0276832
51 0.0591754
52 0.101622
59 0.435917
-1 -1
LEAF 444 9
65 classes
22 0.311929
35 0.0843918
48 0.146101
51 0.0908197
53 0.115873
59 0.250884
-1 -1
NODE 440 8
2dots_tau0
0 0 5 -3 12
441 442 
LEAF 441 9
65 classes
19 0.113806
59 0.826765
62 0.0594292
-1 -1
LEAF 442 9
65 classes
30 0.0608398
45 0.112047
52 0.340395
59 0.486719
-1 -1
NODE 422 6
2dots_tau0
0 5 -7 12 -13
423 424 
NODE 423 7
2dots_tau0
0 -14 -9 0 -4
431 432 
NODE 431 8
2dots_tau0
0 -8 -6 8 -4
435 436 
LEAF 435 9
65 classes
0 0.228142
12 0.539244
40 0.232615
-1 -1
LEAF 436 9
65 classes
1 0.151369
3 0.150736
19 0.145854
24 0.128206
40 0.423834
-1 -1
NODE 432 8
2dots_tau0
0 2 -3 6 1
433 434 
LEAF 433 9
65 classes
22 0.671217
47 0.210421
61 0.118362
-1 -1
LEAF 434 9
65 classes
0 0.606061
45 0.393939
-1 -1
NODE 424 7
2dots_tau0
0 -10 8 15 2
425 426 
NODE 425 8
2dots_tau0
0 3 -4 -10 14
429 430 
LEAF 429 9
65 classes
0 0.161653
3 0.175857
5 0.170853
15 0.139172
22 0.177341
45 0.175124
-1 -1
LEAF 430 9
65 classes
3 1
-1 -1
NODE 426 8
2dots_tau0
0 14 -4 6 6
427 428 
LEAF 427 9
65 classes
23 0.130994
24 0.101625
35 0.065198
45 0.237973
52 0.120493
53 0.0895195
59 0.193824
62 0.0603736
-1 -1
LEAF 428 9
65 classes
35 1
-1 -1
NODE 390 5
2dots_tau0
0 -15 7 6 15
391 392 
NODE 391 6
2dots_tau0
0 -9 -5 -5 12
407 408 
NODE 407 7
2dots_tau0
0 -12 -2 -5 -13
415 416 
NODE 415 8
2dots_tau0
0 0 -3 2 4
419 420 
LEAF 419 9
65 classes
1 0.0860071
5 0.16642
7 0.104083
10 0.0313952
19 0.207183
22 0.08637
30 0.0694673
35 0.0233672
45 0.0426452
48 0.040454
51 0.0502941
59 0.0694673
61 0.0228456
-1 -1
LEAF 420 9
65 classes
1 0.194675
3 0.03231
5 0.219735
9 0.0648916
10 0.0236874
15 0.0255699
19 0.156318
24 0.0274808
40 0.121131
48 0.0305221
59 0.0873541
62 0.0163258
-1 -1
NODE 416 8
2dots_tau0
0 -15 3 12 -10
417 418 
LEAF 417 9
65 classes
1 0.227759
5 0.220352
15 0.358984
24 0.192906
-1 -1
LEAF 418 9
65 classes
30 0.25084
59 0.50168
61 0.24748
-1 -1
NODE 408 7
2dots_tau0
0 15 1 8 -2
409 410 
NODE 409 8
2dots_tau0
0 15 10 -12 12
413 414 
LEAF 413 9
65 classes
9 0.188527
15 0.074287
19 0.0908287
22 0.0946611
40 0.0879791
51 0.0551221
52 0.189322
53 0.0703281
59 0.101514
62 0.0474306
-1 -1
LEAF 414 9
65 classes
0 0.137297
1 0.112491
9 0.187485
23 0.0818741
40 0.209983
45 0.111553
52 0.0376552
53 0.0839273
62 0.0377348
-1 -1
NODE 410 8
2dots_tau0
0 7 11 15 15
411 412 
LEAF 411 9
65 classes
0 0.107488
1 0.328786
3 0.0701593
9 0.0469694
10 0.0171453
33 0.0208558
40 0.175352
42 0.0639515
47 0.02218
53 0.12265
59 0.0126456
62 0.0118168
-1 -1
LEAF 412 9
65 classes
1 0.394835
3 0.0873741
5 0.0424439
9 0.0438706
15 0.0345735
19 0.0845441
22 0.0440557
23 0.0478954
40 0.163784
42 0.0238929
53 0.032731
-1 -1
NODE 392 6
2dots_tau0
0 -14 0 -14 -14
393 394 
NODE 393 7
2dots_tau0
0 3 -13 -8 9
401 402 
NODE 401 8
2dots_tau0
0 8 -9 14 -14
405 406 
LEAF 405 9
65 classes
0 0.0662385
1 0.0361807
3 0.0180147
5 0.0700082
6 0.0956778
10 0.0132071
19 0.0522936
30 0.0487048
33 0.0321306
40 0.0844216
41 0.0393197
44 0.069284
48 0.0170178
56 0.166307
61 0.172989
62 0.0182051
-1 -1
LEAF 406 9
65 classes
0 0.0891908
6 0.0429437
9 0.0487176
15 0.0767867
23 0.0531871
28 0.0456488
30 0.393489
42 0.0265327
44 0.0266547
51 0.0569769
53 0.0363473
61 0.103525
-1 -1
NODE 402 8
2dots_tau0
0 11 1 -13 10
403 404 
LEAF 403 9
65 classes
0 0.00891679
1 0.0681872
5 0.0282727
9 0.18508
10 0.00711155
19 0.0187722
22 0.00978213
30 0.0576969
40 0.127283
44 0.0799436
45 0.183537
51 0.00569623
52 0.0684749
53 0.0218028
59 0.00524517
61 0.124198
-1 -1
LEAF 404 9
65 classes
10 0.0691611
19 0.365126
40 0.0884178
42 0.0515939
53 0.0706788
59 0.204041
61 0.150981
-1 -1
NODE 394 7
2dots_tau0
0 -12 -9 2 12
395 396 
NODE 395 8
2dots_tau0
0 3 13 -6 14
399 400 
LEAF 399 9
65 classes
4 0.151377
6 0.224262
19 0.122572
22 0.0638721
23 0.138878
49 0.0337895
51 0.0371934
59 0.0342482
61 0.0337895
62 0.160018
-1 -1
LEAF 400 9
65 classes
1 0.198677
9 0.397354
45 0.197021
59 0.10698
62 0.0999685
-1 -1
NODE 396 8
2dots_tau0
0 -2 -7 6 11
397 398 
LEAF 397 9
65 classes
0 0.507576
33 0.492424
-1 -1
LEAF 398 9
65 classes
1 0.0111407
3 0.0110941
4 0.145832
5 0.0215569
6 0.0491018
9 0.044563
12 0.0120523
13 0.0126262
20 0.0257427
21 0.0232079
23 0.0121628
24 0.0188719
30 0.0179966
35 0.00605365
39 0.0171803
40 0.0415921
41 0.0363219
42 0.0060675
44 0.0548586
45 0.0662875
48 0.0733616
51 0.00651474
52 0.089502
53 0.0498714
56 0.0341395
59 0.0119977
61 0.0946964
62 0.0056057
-1 -1
NODE 260 3
2dots_tau0
0 11 -15 3 7
261 262 
NODE 261 4
2dots_tau0
0 5 -15 5 -1
325 326 
NODE 325 5
2dots_tau0
0 -3 12 -4 -2
357 358 
NODE 357 6
2dots_tau0
0 -13 -8 -4 -7
373 374 
NODE 373 7
2dots_tau0
0 11 11 -11 -4
381 382 
NODE 381 8
2dots_tau0
0 -14 -4 8 -5
385 386 
LEAF 385 9
65 classes
1 0.075639
2 0.581606
5 0.0731792
14 0.0267689
15 0.0119219
22 0.0151916
30 0.0570202
44 0.0413841
45 0.0300035
48 0.0284618
51 0.0176925
54 0.0131883
59 0.0162915
63 0.0116518
-1 -1
LEAF 386 9
65 classes
1 0.0720411
2 0.131891
3 0.00956529
4 0.00571526
9 0.019211
13 0.0054431
16 0.0478082
20 0.0036992
21 0.00250121
23 0.0314601
27 0.018216
30 0.116374
37 0.0416497
39 0.00493759
40 0.0134477
44 0.0604372
45 0.0952543
47 0.00453592
48 0.0542159
49 0.0102058
50 0.0041117
51 0.0252763
52 0.038584
53 0.0895808
54 0.020935
56 0.0196232
59 0.00775827
61 0.0382718
62 0.0072498
-1 -1
NODE 382 8
2dots_tau0
0 7 14 -12 1
383 384 
LEAF 383 9
65 classes
2 0.170541
16 0.112397
42 0.033822
48 0.175259
51 0.036315
53 0.277998
54 0.16242
62 0.0312478
-1 -1
LEAF 384 9
65 classes
1 0.0480758
2 0.220039
3 0.0478746
15 0.113663
19 0.138972
22 0.0965573
23 0.0524864
35 0.0261234
40 0.134612
45 0.0476752
49 0.0255403
62 0.0483807
-1 -1
NODE 374 7
2dots_tau0
0 9 4 3 -2
375 376 
NODE 375 8
2dots_tau0
0 -6 13 -6 11
379 380 
LEAF 379 9
65 classes
1 0.0269141
2 0.0295641
3 0.0321617
9 0.0645937
11 0.0360876
12 0.0291161
13 0.00610052
19 0.0414934
21 0.0420495
23 0.0470132
27 0.010208
30 0.104344
32 0.0657712
37 0.01556
39 0.132815
40 0.0401917
44 0.0206156
45 0.0640555
48 0.00506367
50 0.0368665
51 0.00314769
52 0.0432442
56 0.0109966
59 0.00579687
61 0.0428943
62 0.0433356
-1 -1
LEAF 380 9
65 classes
0 0.00945788
2 0.0378315
3 0.0205778
9 0.0619929
18 0.00900751
19 0.0199113
21 0.0591894
23 0.10152
30 0.367188
35 0.0112285
39 0.0690446
40 0.0192867
44 0.0508769
45 0.0204921
52 0.0311272
54 0.00900751
61 0.0658674
62 0.0363919
-1 -1
NODE 376 8
2dots_tau0
0 -7 13 -1 -5
377 378 
LEAF 377 9
65 classes
0 0.0301245
1 0.0164546
2 0.361494
9 0.0164546
12 0.0356017
15 0.0129675
18 0.014345
19 0.047565
27 0.0780117
30 0.00886015
32 0.0699319
35 0.00894107
44 0.00900273
45 0.0163174
48 0.015479
50 0.14087
51 0.00962208
54 0.02869
59 0.0443008
61 0.034966
-1 -1
LEAF 378 9
65 classes
2 0.210203
16 0.133589
18 0.0142995
21 0.00854216
32 0.39212
35 0.00891271
37 0.158047
49 0.00871377
50 0.0280847
51 0.0287747
61 0.00871377
-1 -1
NODE 358 6
2dots_tau0
0 -12 14 -11 -12
359 360 
NODE 359 7
2dots_tau0
0 1 -11 0 10
367 368 
NODE 367 8
2dots_tau0
0 13 -6 -14 -5
371 372 
LEAF 371 9
65 classes
2 0.0854727
4 0.0138893
16 0.0105622
21 0.151962
27 0.0221344
30 0.0817018
32 0.285227
35 0.0126843
37 0.0112464
39 0.0059997
40 0.0108936
45 0.0347233
47 0.0220465
49 0.0372035
51 0.0409513
53 0.0348321
54 0.0203506
55 0.0127425
59 0.0439933
61 0.0434041
63 0.0179797
-1 -1
LEAF 372 9
65 classes
17 0.10453
28 0.109056
49 0.0618311
51 0.476419
59 0.0626705
61 0.185493
-1 -1
NODE 368 8
2dots_tau0
0 -3 -6 -5 12
369 370 
LEAF 369 9
65 classes
5 0.0134995
19 0.0134449
21 0.130801
22 0.0140122
30 0.0601065
32 0.578189
35 0.00758192
37 0.0134449
39 0.0143451
44 0.0229026
51 0.0489565
54 0.0121644
59 0.0375665
61 0.022238
63 0.0107472
-1 -1
LEAF 370 9
65 classes
15 0.0174367
19 0.0426387
27 0.0209796
30 0.357412
32 0.188067
39 0.0341201
40 0.0206505
44 0.0484218
51 0.0388148
53 0.0495223
59 0.0714825
61 0.0822793
62 0.0111329
63 0.0170417
-1 -1
NODE 360 7
2dots_tau0
0 -7 14 7 0
361 362 
NODE 361 8
2dots_tau0
0 9 -2 9 3
365 366 
LEAF 365 9
65 classes
15 0.360338
51 0.0891255
61 0.0809689
63 0.469567
-1 -1
LEAF 366 9
65 classes
18 0.571242
20 0.252345
30 0.176413
-1 -1
NODE 362 8
2dots_tau0
0 2 6 12 9
363 364 
LEAF 363 9
65 classes
11 0.0619067
12 0.0599369
13 0.0627911
15 0.0873254
19 0.0533851
21 0.259683
23 0.18146
30 0.0298329
35 0.0301053
39 0.0284798
44 0.0303129
49 0.0294333
63 0.0853471
-1 -1
LEAF 364 9
65 classes
2 0.0168817
4 0.0219462
11 0.0618204
13 0.0627035
17 0.0165632
19 0.0177702
21 0.55706
23 0.0604025
30 0.0297913
35 0.0100211
39 0.0948001
49 0.0195949
51 0.0107844
59 0.0198608
-1 -1
NODE 326 5
2dots_tau0
0 14 5 -6 3
327 328 
NODE 327 6
2dots_tau0
0 7 12 3 10
343 344 
NODE 343 7
2dots_tau0
0 6 -15 -8 10
351 352 
NODE 351 8
2dots_tau0
0 -13 -3 -14 -9
355 356 
LEAF 355 9
65 classes
2 0.0661419
6 0.00909888
9 0.0825781
12 0.0223336
13 0.0116986
16 0.0186821
18 0.0179978
21 0.107514
22 0.12439
23 0.0112693
27 0.0195753
28 0.0193441
30 0.038907
32 0.054837
35 0.0168267
37 0.0198923
39 0.0955088
40 0.0289023
44 0.0169427
45 0.0307087
47 0.0194976
49 0.0274185
50 0.0353482
51 0.00603611
52 0.0207316
53 0.0231037
55 0.0112693
56 0.0105438
61 0.0329022
-1 -1
LEAF 356 9
65 classes
2 0.0108275
5 0.0114437
9 0.0236567
11 0.0132167
13 0.0134055
16 0.032112
17 0.0106232
18 0.0206238
21 0.0616006
22 0.154417
23 0.0129135
28 0.0221665
37 0.0227947
39 0.0972837
40 0.0110398
41 0.0128546
42 0.012884
44 0.0129432
47 0.0111712
49 0.0377029
52 0.0356348
53 0.141199
55 0.154962
56 0.0120822
59 0.0127382
61 0.0377029
-1 -1
NODE 352 8
2dots_tau0
0 -2 7 -9 -6
353 354 
LEAF 353 9
65 classes
2 0.0640175
9 0.297224
14 0.00773445
16 0.0474654
22 0.0965664
23 0.00954389
30 0.0141215
35 0.00475015
39 0.0224683
40 0.0734318
44 0.0382633
45 0.0953593
47 0.0247687
48 0.00822359
50 0.0449043
52 0.114124
59 0.00941433
61 0.0232206
62 0.00439866
-1 -1
LEAF 354 9
65 classes
14 0.0482419
17 0.14691
19 0.0525388
22 0.328533
45 0.0540711
47 0.0514963
52 0.0547556
59 0.205519
61 0.0579334
-1 -1
NODE 344 7
2dots_tau0
0 -13 -4 1 -8
345 346 
NODE 345 8
2dots_tau0
0 -2 12 -6 -5
349 350 
LEAF 349 9
65 classes
4 0.0264729
13 0.0252122
15 0.0175317
16 0.0201314
19 0.0643065
22 0.379779
30 0.0119787
44 0.109543
47 0.0420204
52 0.02234
53 0.165974
54 0.0387881
59 0.0239573
61 0.0236365
62 0.0111936
63 0.0171345
-1 -1
LEAF 350 9
65 classes
19 0.22965
44 0.130399
59 0.513336
61 0.126615
-1 -1
NODE 346 8
2dots_tau0
0 15 -13 -2 8
347 348 
LEAF 347 9
65 classes
2 0.0942753
6 0.00907836
9 0.0720929
12 0.0668498
15 0.00811642
16 0.29824
19 0.00992372
20 0.00793255
21 0.0697266
27 0.00976557
28 0.0386009
32 0.0109427
35 0.022385
39 0.0211763
44 0.0281742
45 0.0408526
47 0.00972682
49 0.032828
50 0.0264513
52 0.0310273
53 0.0307355
55 0.0393535
59 0.0110912
61 0.00547134
62 0.00518215
-1 -1
LEAF 348 9
65 classes
0 0.0444129
12 0.052488
15 0.0382363
22 0.048723
35 0.34273
37 0.0467504
41 0.0527276
49 0.0515507
50 0.207686
53 0.0723972
54 0.042298
-1 -1
NODE 328 6
2dots_tau0
0 5 4 -2 13
329 330 
NODE 329 7
2dots_tau0
0 -3 11 9 -9
337 338 
NODE 337 8
2dots_tau0
0 -15 0 10 -14
341 342 
LEAF 341 9
65 classes
47 0.710345
63 0.289655
-1 -1
LEAF 342 9
65 classes
0 0.213449
9 0.11659
12 0.126129
35 0.25341
49 0.0619383
51 0.0681778
54 0.101642
62 0.0586646
-1 -1
NODE 338 8
2dots_tau0
0 6 5 8 0
339 340 
LEAF 339 9
65 classes
0 0.0277987
9 0.242947
18 0.026475
19 0.0292618
30 0.0981131
35 0.165015
40 0.0283438
41 0.033003
45 0.0301153
49 0.0161332
51 0.0710336
53 0.0679718
54 0.132375
61 0.0161332
62 0.0152805
-1 -1
LEAF 340 9
65 classes
0 0.0113124
6 0.0108934
9 0.25952
12 0.0267384
18 0.0107737
19 0.0833546
22 0.0248205
27 0.0234361
30 0.0199631
32 0.0328262
35 0.0134303
41 0.0134303
44 0.00676144
45 0.0857858
49 0.111609
51 0.115626
53 0.0829813
54 0.0107737
62 0.0559641
-1 -1
NODE 330 7
2dots_tau0
0 -5 9 -14 13
331 332 
NODE 331 8
2dots_tau0
0 15 9 -6 -2
335 336 
LEAF 335 9
65 classes
2 0.0393619
4 0.0511705
15 0.101663
19 0.0414336
20 0.0662401
35 0.0700965
45 0.255852
47 0.121834
48 0.0809019
49 0.022844
50 0.0736266
54 0.074975
-1 -1
LEAF 336 9
65 classes
0 0.0523918
12 0.0619176
18 0.049897
20 0.0881675
35 0.466503
41 0.0622004
45 0.0567578
47 0.162165
-1 -1
NODE 332 8
2dots_tau0
0 -15 -8 -11 -12
333 334 
LEAF 333 9
65 classes
2 0.0556238
19 0.0585513
47 0.114779
49 0.096845
51 0.213202
53 0.408024
54 0.052975
-1 -1
LEAF 334 9
65 classes
9 0.246401
47 0.465424
51 0.288174
-1 -1
NODE 262 4
2dots_tau0
0 -6 -8 7 -7
263 264 
NODE 263 5
2dots_tau0
0 11 -13 14 -1
295 296 
NODE 295 6
2dots_tau0
0 8 4 -15 7
311 312 
NODE 311 7
2dots_tau0
0 13 4 15 -12
319 320 
NODE 319 8
2dots_tau0
0 5 -9 -15 10
323 324 
LEAF 323 9
65 classes
15 0.0380852
18 0.252785
20 0.335001
33 0.0429168
35 0.131298
41 0.0525192
62 0.0729496
63 0.0744448
-1 -1
LEAF 324 9
65 classes
20 0.0109627
24 0.012055
28 0.0133365
49 0.0226839
58 0.940962
-1 -1
NODE 320 8
2dots_tau0
0 -5 13 8 -5
321 322 
LEAF 321 9
65 classes
0 0.0829916
15 0.142899
20 0.0698311
24 0.153579
41 0.295587
62 0.0456191
63 0.209493
-1 -1
LEAF 322 9
65 classes
20 0.178709
24 0.196516
35 0.252151
41 0.126076
51 0.0678392
63 0.178709
-1 -1
NODE 312 7
2dots_tau0
0 13 6 -15 10
313 314 
NODE 313 8
2dots_tau0
0 -7 10 3 -13
317 318 
LEAF 317 9
65 classes
18 1
-1 -1
LEAF 318 9
65 classes
18 0.184588
63 0.815412
-1 -1
NODE 314 8
2dots_tau0
0 -7 1 9 9
315 316 
LEAF 315 9
65 classes
0 0.145764
15 0.0570419
18 0.0126203
58 0.765629
59 0.00779487
63 0.0111499
-1 -1
LEAF 316 9
65 classes
15 0.546547
18 0.453453
-1 -1
NODE 296 6
2dots_tau0
0 -5 -13 -11 -9
297 298 
NODE 297 7
2dots_tau0
0 -14 -9 0 -4
305 306 
NODE 305 8
2dots_tau0
0 -6 0 9 0
309 310 
LEAF 309 9
65 classes
15 0.325389
41 0.448709
44 0.225902
-1 -1
LEAF 310 9
65 classes
6 0.0846696
20 0.295933
47 0.36287
49 0.153086
59 0.103442
-1 -1
NODE 306 8
2dots_tau0
0 11 -2 -4 2
307 308 
LEAF 307 9
65 classes
0 0.14994
6 0.048129
12 0.0590674
18 0.1904
20 0.0420544
23 0.119219
30 0.0147
33 0.0242441
35 0.178011
49 0.159535
59 0.0147
-1 -1
LEAF 308 9
65 classes
0 0.0712634
11 0.0289961
18 0.180986
20 0.0199876
27 0.0246062
33 0.0230454
35 0.183311
40 0.0726607
41 0.16921
44 0.0141981
48 0.0244117
49 0.0551443
62 0.0522297
63 0.0799503
-1 -1
NODE 298 7
2dots_tau0
0 3 -8 0 15
299 300 
NODE 299 8
2dots_tau0
0 -13 0 -13 7
303 304 
LEAF 303 9
65 classes
22 0.114373
27 0.431973
37 0.109742
48 0.10714
59 0.0613265
63 0.175446
-1 -1
LEAF 304 9
65 classes
6 0.31732
27 0.68268
-1 -1
NODE 300 8
2dots_tau0
0 -14 -14 -7 -14
301 302 
LEAF 301 9
65 classes
6 0.0624593
12 0.0766547
18 0.185319
24 0.240057
27 0.134375
44 0.155071
45 0.0702668
49 0.0376429
59 0.0381539
-1 -1
LEAF 302 9
65 classes
20 0.131039
44 0.279248
45 0.337425
47 0.160679
59 0.0916087
-1 -1
NODE 264 5
2dots_tau0
0 14 5 -2 -12
265 266 
NODE 265 6
2dots_tau0
0 7 3 13 12
281 282 
NODE 281 7
2dots_tau0
0 -4 14 -15 -5
289 290 
NODE 289 8
2dots_tau0
0 -12 6 9 -14
293 294 
LEAF 293 9
65 classes
0 0.00670543
1 0.00732526
2 0.0100581
4 0.0174341
9 0.0952284
10 0.0106958
11 0.11459
12 0.134718
13 0.0166039
16 0.0596605
19 0.00352917
20 0.00282105
27 0.00694586
28 0.00343191
30 0.00394437
37 0.0105875
40 0.00683691
45 0.0581137
49 0.00194577
50 0.263393
52 0.0625274
54 0.0670543
56 0.0224474
59 0.00591655
62 0.00184293
63 0.00564211
-1 -1
LEAF 294 9
65 classes
0 0.00396936
1 0.00433627
2 0.0238161
4 0.00516016
5 0.00419526
6 0.0267564
9 0.0303539
10 0.00316575
11 0.0484523
12 0.079748
13 0.0933744
16 0.0431649
18 0.00378034
19 0.0208914
20 0.0200395
24 0.0146909
27 0.0246701
30 0.00466983
32 0.0737166
33 0.0346578
35 0.00235624
37 0.0376044
39 0.0111451
40 0.0161888
45 0.0215007
48 0.00407918
49 0.00921458
50 0.185617
52 0.0522548
53 0.0161761
54 0.0604854
56 0.00885865
62 0.0109094
-1 -1
NODE 290 8
2dots_tau0
0 4 -4 12 13
291 292 
LEAF 291 9
65 classes
1 0.00657359
2 0.0421215
5 0.0127196
6 0.0173835
9 0.144619
11 0.0661062
12 0.00711143
13 0.00745007
15 0.0569856
16 0.0475898
18 0.0229233
19 0.0316703
20 0.0202526
28 0.135509
33 0.0291887
35 0.00357195
37 0.0190022
40 0.0429474
45 0.032594
48 0.0247354
49 0.0523833
51 0.00768803
53 0.00490443
54 0.126078
55 0.00358834
56 0.020144
59 0.0141585
-1 -1
LEAF 292 9
65 classes
0 0.112307
1 0.0981507
4 0.0291998
5 0.0237397
6 0.043259
9 0.0245377
11 0.0274177
18 0.0855672
20 0.170096
24 0.0207828
35 0.0133333
40 0.160313
45 0.121666
47 0.0231745
54 0.0213918
56 0.0250642
-1 -1
NODE 282 7
2dots_tau0
0 13 -6 -8 6
283 284 
NODE 283 8
2dots_tau0
0 7 0 -7 -9
287 288 
LEAF 287 9
65 classes
1 0.00862838
2 0.0375168
4 0.0590397
5 0.00417389
9 0.0301993
10 0.0598428
11 0.0578466
12 0.00466717
13 0.0391153
15 0.00339992
16 0.126883
18 0.0112833
19 0.00415699
20 0.0199374
21 0.0123573
22 0.00433239
23 0.00470999
24 0.00365401
27 0.00818149
28 0.00606364
30 0.00116151
32 0.00572978
33 0.00574688
35 0.00234424
37 0.0145495
39 0.118645
40 0.00201329
44 0.0011802
45 0.0919821
48 0.00608761
49 0.0148974
50 0.110803
52 0.0606535
53 0.00804684
54 0.00376109
55 0.00470999
56 0.0198305
59 0.0116151
61 0.00916765
62 0.00108539
-1 -1
LEAF 288 9
65 classes
24 0.182746
30 0.11618
35 0.234483
44 0.11805
59 0.348541
-1 -1
NODE 284 8
2dots_tau0
0 -3 9 13 -2
285 286 
LEAF 285 9
65 classes
0 0.0100417
1 0.0109699
4 0.078325
9 0.0219398
10 0.0080087
11 0.0735446
12 0.0356023
13 0.0372976
15 0.00864515
18 0.124325
20 0.0084493
30 0.00590687
33 0.0292258
35 0.0119216
39 0.0112779
47 0.113965
48 0.0515975
50 0.037566
52 0.0550809
53 0.0654755
54 0.200833
-1 -1
LEAF 286 9
65 classes
1 0.0103786
4 0.148206
9 0.0311357
10 0.280348
11 0.208741
16 0.018784
18 0.00904797
22 0.0208447
35 0.011279
39 0.0640198
45 0.0102921
50 0.00888524
52 0.156335
56 0.0106013
59 0.00558845
61 0.00551361
-1 -1
NODE 266 6
2dots_tau0
0 10 -6 12 11
267 268 
NODE 267 7
2dots_tau0
0 4 12 -10 -11
275 276 
NODE 275 8
2dots_tau0
0 3 -3 5 -6
279 280 
LEAF 279 9
65 classes
0 0.116933
6 0.0225204
12 0.304025
15 0.0503353
18 0.0222729
24 0.0108194
27 0.157463
28 0.047878
32 0.0610765
33 0.0113442
35 0.118001
41 0.0138824
49 0.0135726
53 0.0190612
54 0.0111365
63 0.019678
-1 -1
LEAF 280 9
65 classes
0 0.0387045
1 0.00768768
3 0.00765551
4 0.00457417
5 0.00371884
6 0.0508241
9 0.0115315
11 0.00858999
12 0.0831667
15 0.0787605
18 0.00335104
19 0.00740756
24 0.0683684
27 0.189527
32 0.00816816
33 0.232122
35 0.0208866
37 0.0148151
40 0.0681641
41 0.0167093
45 0.00381181
48 0.00361594
53 0.00286782
62 0.0560892
63 0.00888188
-1 -1
NODE 276 8
2dots_tau0
0 -8 1 15 -13
277 278 
LEAF 277 9
65 classes
0 0.133125
1 0.0727156
12 0.131108
15 0.0382038
19 0.0233553
22 0.0486816
27 0.160882
28 0.0227117
33 0.0645758
35 0.0395121
40 0.158358
51 0.0141739
62 0.0365884
63 0.0560075
-1 -1
LEAF 278 9
65 classes
12 0.0763166
15 0.277975
24 0.119499
33 0.31324
35 0.0958314
49 0.0187385
53 0.0263161
62 0.0177481
63 0.0543355
-1 -1
NODE 268 7
2dots_tau0
0 -14 -15 14 -9
269 270 
NODE 269 8
2dots_tau0
0 1 -5 5 8
273 274 
LEAF 273 9
65 classes
12 0.0641552
15 0.0467356
18 0.361901
27 0.168695
35 0.0644481
40 0.0553496
47 0.0560085
63 0.182707
-1 -1
LEAF 274 9
65 classes
4 0.0472365
5 0.0128012
11 0.0739226
12 0.0715705
15 0.04171
18 0.299914
20 0.0101913
27 0.225832
33 0.0117504
35 0.0143795
40 0.0864459
48 0.012447
49 0.0210877
56 0.0405464
62 0.0199732
63 0.0101913
-1 -1
NODE 270 8
2dots_tau0
0 8 -1 0 -1
271 272 
LEAF 271 9
65 classes
6 0.0911365
12 0.111849
18 0.030045
27 0.0653569
33 0.244844
35 0.0936334
47 0.162744
50 0.0590093
56 0.0352029
63 0.106178
-1 -1
LEAF 272 9
65 classes
2 0.12726
5 0.134502
15 0.0547807
18 0.0302999
24 0.176624
32 0.0923201
33 0.0308652
35 0.0188856
41 0.0377712
47 0.164125
50 0.029755
54 0.0302999
55 0.0189722
63 0.0535397
-1 -1
NODE 4 2
2dots_tau0
0 4 2 -1 -13
5 6 
NODE 5 3
2dots_tau0
0 -11 11 11 15
133 134 
NODE 133 4
2dots_tau0
0 4 8 -15 -11
197 198 
NODE 197 5
2dots_tau0
0 -3 -6 15 15
229 230 
NODE 229 6
2dots_tau0
0 6 6 -6 6
245 246 
NODE 245 7
2dots_tau0
0 2 -9 14 -12
253 254 
NODE 253 8
2dots_tau0
0 -3 7 3 -4
257 258 
LEAF 257 9
65 classes
0 0.138673
12 0.0655544
15 0.0358162
18 0.0396208
32 0.00804798
33 0.2018
35 0.0740855
40 0.0141392
48 0.0285019
49 0.0241439
54 0.198104
59 0.00815723
63 0.163356
-1 -1
LEAF 258 9
65 classes
0 0.0361661
5 0.0254829
6 0.0348267
12 0.0854836
15 0.0415152
18 0.0229626
27 0.0249753
32 0.0139929
33 0.0701731
35 0.0143123
37 0.0761392
49 0.09795
54 0.344439
63 0.111581
-1 -1
NODE 254 8
2dots_tau0
0 -4 0 -5 11
255 256 
LEAF 255 9
65 classes
12 0.0429583
15 0.0625882
19 0.0765249
22 0.0398769
24 0.0336328
32 0.295338
33 0.317378
35 0.0215772
40 0.0370621
49 0.0210956
59 0.021382
63 0.0305852
-1 -1
LEAF 256 9
65 classes
3 0.291498
12 0.0351859
15 0.0256321
19 0.219378
32 0.0172788
33 0.14442
35 0.0176733
40 0.121426
47 0.0307178
49 0.0345576
54 0.0283549
59 0.0175133
62 0.0163655
-1 -1
NODE 246 7
2dots_tau0
0 15 8 -3 -11
247 248 
NODE 247 8
2dots_tau0
0 -13 4 9 8
251 252 
LEAF 251 9
65 classes
0 0.0997244
3 0.108487
19 0.419892
35 0.0591971
49 0.0578757
51 0.254824
-1 -1
LEAF 252 9
65 classes
1 0.0679101
12 0.293865
19 0.130871
33 0.0603082
35 0.184505
37 0.0654356
49 0.108232
59 0.036567
63 0.0523061
-1 -1
NODE 248 8
2dots_tau0
0 14 0 15 -12
249 250 
LEAF 249 9
65 classes
0 0.441233
12 0.18251
19 0.0464456
33 0.0428062
35 0.0654799
40 0.0224943
49 0.0512146
54 0.0420222
59 0.0129775
63 0.0928161
-1 -1
LEAF 250 9
65 classes
0 0.491034
12 0.0414509
15 0.090588
19 0.0369198
35 0.0832803
59 0.0206317
63 0.236096
-1 -1
NODE 230 6
2dots_tau0
0 -11 -5 12 5
231 232 
NODE 231 7
2dots_tau0
0 -1 -7 -13 3
239 240 
NODE 239 8
2dots_tau0
0 14 -4 0 -3
243 244 
LEAF 243 9
65 classes
19 0.525
54 0.475
-1 -1
LEAF 244 9
65 classes
19 0.323099
20 0.129135
24 0.142003
27 0.158975
48 0.157719
49 0.0890687
-1 -1
NODE 240 8
2dots_tau0
0 8 4 0 -8
241 242 
LEAF 241 9
65 classes
0 0.249672
5 0.0879602
10 0.331874
19 0.175208
51 0.10633
59 0.0489552
-1 -1
LEAF 242 9
65 classes
0 0.308004
10 0.245648
15 0.265169
59 0.181179
-1 -1
NODE 232 7
2dots_tau0
0 11 8 10 5
233 234 
NODE 233 8
2dots_tau0
0 3 12 -2 7
237 238 
LEAF 237 9
65 classes
1 0.0112383
3 0.0111913
5 0.0326184
9 0.0224766
10 0.713804
13 0.0127367
19 0.0108288
21 0.0117055
40 0.0209781
44 0.0245951
45 0.0222893
48 0.031716
49 0.00597034
51 0.0197153
52 0.0225714
54 0.019595
61 0.00597034
-1 -1
LEAF 238 9
65 classes
0 0.106799
1 0.0291677
3 0.0290457
10 0.383296
15 0.091946
19 0.028105
44 0.0159584
48 0.0274384
49 0.0154954
51 0.0341126
54 0.177998
59 0.0157057
63 0.0449315
-1 -1
NODE 234 8
2dots_tau0
0 10 8 -10 -12
235 236 
LEAF 235 9
65 classes
0 0.0479989
3 0.0696218
5 0.0338203
9 0.157307
10 0.102083
13 0.0198091
15 0.0137745
16 0.0158171
18 0.0152377
19 0.117892
20 0.0134625
32 0.0649985
44 0.00956299
45 0.0173329
47 0.0165075
48 0.0164423
49 0.055713
51 0.0102209
52 0.0175523
54 0.13714
55 0.0477053
-1 -1
LEAF 236 9
65 classes
19 0.201825
20 0.161329
54 0.182604
55 0.228673
59 0.225569
-1 -1
NODE 198 5
2dots_tau0
0 -7 0 15 1
199 200 
NODE 199 6
2dots_tau0
0 0 -3 11 -3
215 216 
NODE 215 7
2dots_tau0
0 6 -14 -3 -7
223 224 
NODE 223 8
2dots_tau0
0 4 -4 -3 -12
227 228 
LEAF 227 9
65 classes
51 1
-1 -1
LEAF 228 9
65 classes
59 1
-1 -1
NODE 224 8
2dots_tau0
0 -6 3 0 -15
225 226 
LEAF 225 9
65 classes
12 0.222232
28 0.192484
59 0.110613
63 0.47467
-1 -1
LEAF 226 9
65 classes
59 1
-1 -1
NODE 216 7
2dots_tau0
0 -2 -15 -4 14
217 218 
NODE 217 8
2dots_tau0
0 11 -1 -6 0
221 222 
LEAF 221 9
65 classes
19 0.780053
35 0.219947
-1 -1
LEAF 222 9
65 classes
-1 -1
NODE 218 8
2dots_tau0
0 4 -4 1 -8
219 220 
LEAF 219 9
65 classes
5 0.252055
22 0.261627
40 0.486318
-1 -1
LEAF 220 9
65 classes
24 0.222865
40 0.491176
41 0.285959
-1 -1
NODE 200 6
2dots_tau0
0 -14 8 1 -2
201 202 
NODE 201 7
2dots_tau0
0 10 13 14 -8
209 210 
NODE 209 8
2dots_tau0
0 -5 15 11 2
213 214 
LEAF 213 9
65 classes
-1 -1
LEAF 214 9
65 classes
3 0.129714
5 0.378068
7 0.10509
19 0.125512
22 0.261616
-1 -1
NODE 210 8
2dots_tau0
0 -5 14 10 15
211 212 
LEAF 211 9
65 classes
3 0.075523
7 0.122373
14 0.0671004
19 0.0730769
22 0.0761603
51 0.177396
59 0.408371
-1 -1
LEAF 212 9
65 classes
7 0.262134
14 0.0718676
22 0.570999
51 0.0949995
-1 -1
NODE 202 7
2dots_tau0
0 -14 8 8 -13
203 204 
NODE 203 8
2dots_tau0
0 -12 14 -5 13
207 208 
LEAF 207 9
65 classes
15 0.0608569
19 0.037204
22 0.465285
28 0.325608
55 0.0210766
56 0.0394394
59 0.0207905
63 0.0297391
-1 -1
LEAF 208 9
65 classes
-1 -1
NODE 204 8
2dots_tau0
0 11 -10 13 9
205 206 
LEAF 205 9
65 classes
1 0.108727
15 0.0428428
22 0.0545929
28 0.050939
32 0.0288806
35 0.17724
48 0.0511404
49 0.115522
51 0.0635799
55 0.0890265
59 0.175636
63 0.0418722
-1 -1
LEAF 206 9
65 classes
1 0.0849387
22 0.0852971
28 0.0795883
37 0.0818438
51 0.0496693
55 0.324559
59 0.228681
63 0.0654221
-1 -1
NODE 134 4
2dots_tau0
0 9 15 -7 0
135 136 
NODE 135 5
2dots_tau0
0 -12 -2 -3 -14
167 168 
NODE 167 6
2dots_tau0
0 -14 9 2 14
183 184 
NODE 183 7
2dots_tau0
0 15 5 3 -14
191 192 
NODE 191 8
2dots_tau0
0 -11 3 15 15
195 196 
LEAF 195 9
65 classes
7 0.0959141
9 0.0594425
15 0.0936909
19 0.34366
28 0.111396
51 0.10428
59 0.160038
61 0.0315789
-1 -1
LEAF 196 9
65 classes
1 0.0296438
2 0.00904517
5 0.00955993
7 0.023916
10 0.165921
15 0.0233617
16 0.00894199
19 0.00952123
21 0.00514605
22 0.0496149
28 0.0648118
44 0.167596
45 0.00979893
47 0.00933232
49 0.0104989
51 0.0693389
52 0.0198459
55 0.118666
59 0.0904517
61 0.104989
-1 -1
NODE 192 8
2dots_tau0
0 13 10 -13 9
193 194 
LEAF 193 9
65 classes
5 0.0949991
16 0.0888585
22 0.29582
28 0.092007
51 0.0574196
55 0.214402
61 0.156494
-1 -1
LEAF 194 9
65 classes
19 0.24757
48 0.241699
49 0.136495
51 0.150245
54 0.223992
-1 -1
NODE 184 7
2dots_tau0
0 -15 -8 -10 -4
185 186 
NODE 185 8
2dots_tau0
0 0 7 11 -14
189 190 
LEAF 189 9
65 classes
5 0.0118709
10 0.089578
18 0.128362
19 0.0118228
20 0.0378025
24 0.031177
27 0.0232689
28 0.022994
33 0.0217929
37 0.0472914
39 0.00630722
40 0.0458077
44 0.0268528
45 0.0121677
48 0.0346274
49 0.260736
51 0.0215251
54 0.0855749
55 0.00669781
56 0.0125332
59 0.0198207
61 0.0130368
63 0.0283519
-1 -1
LEAF 190 9
65 classes
1 0.0227342
2 0.0520263
3 0.0226391
5 0.0769821
7 0.00917075
16 0.0925792
18 0.0297293
30 0.0183622
32 0.00603877
35 0.0432365
37 0.0109529
40 0.0636558
44 0.1617
48 0.0427726
49 0.054349
51 0.0132942
55 0.01241
56 0.011611
58 0.150298
59 0.00612075
61 0.0905816
63 0.00875524
-1 -1
NODE 186 8
2dots_tau0
0 6 1 14 -1
187 188 
LEAF 187 9
65 classes
2 0.0166944
5 0.0176445
10 0.0932018
16 0.0825198
27 0.086465
28 0.0170887
32 0.30035
37 0.0351461
39 0.0187496
48 0.0343126
49 0.0581322
50 0.0312269
52 0.036629
54 0.0158994
59 0.0687416
61 0.0871984
-1 -1
LEAF 188 9
65 classes
10 0.00893764
16 0.0332358
20 0.00942936
21 0.0573808
23 0.0400964
30 0.0197761
32 0.0520299
33 0.0108719
35 0.00665222
37 0.0117962
39 0.0251721
40 0.0457047
44 0.288018
48 0.103648
49 0.0130075
51 0.0859068
52 0.012294
59 0.0329601
61 0.143082
-1 -1
NODE 168 6
2dots_tau0
0 5 1 7 -14
169 170 
NODE 169 7
2dots_tau0
0 0 -7 -10 14
177 178 
NODE 177 8
2dots_tau0
0 -6 11 7 -2
181 182 
LEAF 181 9
65 classes
0 0.025105
18 0.263005
20 0.0422479
23 0.0898252
35 0.029805
39 0.0422935
44 0.0150053
47 0.025902
49 0.0291397
54 0.358643
59 0.0295353
61 0.0145699
62 0.0137998
63 0.0211239
-1 -1
LEAF 182 9
65 classes
3 0.00437885
6 0.15892
10 0.157303
11 0.00982672
12 0.00951405
15 0.0103962
16 0.0119378
17 0.00394923
18 0.038335
20 0.00677376
21 0.0160302
22 0.00441581
23 0.014402
24 0.0111731
28 0.016481
32 0.0373766
33 0.00781004
35 0.0215044
37 0.0127111
39 0.0271243
41 0.00477875
44 0.00240585
49 0.107458
50 0.00752911
54 0.0345015
55 0.165623
56 0.00898323
59 0.0142065
61 0.0256964
62 0.00442514
63 0.0440294
-1 -1
NODE 178 8
2dots_tau0
0 6 12 12 7
179 180 
LEAF 179 9
65 classes
10 0.355972
13 0.042508
20 0.0577778
21 0.0195332
23 0.245688
39 0.0192801
47 0.0354233
49 0.0398512
54 0.163492
55 0.020474
-1 -1
LEAF 180 9
65 classes
13 0.103081
21 0.0710517
23 0.297895
24 0.154072
35 0.0247113
39 0.0935079
44 0.0995268
49 0.0966387
59 0.0244876
63 0.0350276
-1 -1
NODE 170 7
2dots_tau0
0 10 9 -8 -9
171 172 
NODE 171 8
2dots_tau0
0 -15 -10 10 1
175 176 
LEAF 175 9
65 classes
2 0.110178
5 0.174673
6 0.0530487
16 0.163382
18 0.0524657
30 0.0648106
42 0.0327761
44 0.0329268
51 0.105576
55 0.131405
59 0.0324053
63 0.0463532
-1 -1
LEAF 176 9
65 classes
1 0.00897499
2 0.0164311
3 0.00893744
16 0.0487311
17 0.0403028
18 0.0156487
21 0.0514147
23 0.0195968
30 0.00483269
32 0.219326
33 0.0159407
35 0.00975364
39 0.262969
44 0.0589254
45 0.0089002
48 0.00844287
49 0.00476796
51 0.0104965
52 0.00901286
54 0.0625948
55 0.0195968
61 0.0667515
63 0.0276511
-1 -1
NODE 172 8
2dots_tau0
0 -10 2 11 2
173 174 
LEAF 173 9
65 classes
51 0.170292
59 0.156807
63 0.672901
-1 -1
LEAF 174 9
65 classes
37 0.425407
49 0.234543
63 0.34005
-1 -1
NODE 136 5
2dots_tau0
0 -7 4 14 -14
137 138 
NODE 137 6
2dots_tau0
0 3 4 7 7
153 154 
NODE 153 7
2dots_tau0
0 -13 -9 11 4
161 162 
NODE 161 8
2dots_tau0
0 -15 3 -3 -2
165 166 
LEAF 165 9
65 classes
15 1
-1 -1
LEAF 166 9
65 classes
0 0.194731
1 0.212731
12 0.230137
40 0.198549
63 0.163851
-1 -1
NODE 162 8
2dots_tau0
0 14 -8 -12 -13
163 164 
LEAF 163 9
65 classes
0 0.205173
12 0.303096
19 0.0539928
32 0.0595367
35 0.121792
41 0.060896
54 0.0488506
59 0.0603449
63 0.0863186
-1 -1
LEAF 164 9
65 classes
6 0.257053
18 0.254228
35 0.158457
45 0.144592
62 0.073366
63 0.112305
-1 -1
NODE 154 7
2dots_tau0
0 0 7 -7 5
155 156 
NODE 155 8
2dots_tau0
0 1 -1 7 12
159 160 
LEAF 159 9
65 classes
12 0.555296
40 0.11977
45 0.127255
63 0.197678
-1 -1
LEAF 160 9
65 classes
6 0.100457
12 0.246576
35 0.0619254
40 0.319098
45 0.113014
50 0.0975659
59 0.061365
-1 -1
NODE 156 8
2dots_tau0
0 15 14 2 6
157 158 
LEAF 157 9
65 classes
9 0.128694
19 0.124005
27 0.122028
32 0.0683686
41 0.279718
59 0.277187
-1 -1
LEAF 158 9
65 classes
0 0.126432
19 0.798517
35 0.0750509
-1 -1
NODE 138 6
2dots_tau0
0 -8 3 0 -14
139 140 
NODE 139 7
2dots_tau0
0 3 1 7 3
147 148 
NODE 147 8
2dots_tau0
0 5 -12 -5 12
151 152 
LEAF 151 9
65 classes
21 0.234423
51 0.526444
61 0.239133
-1 -1
LEAF 152 9
65 classes
32 0.30461
35 0.0623128
44 0.313713
51 0.134118
59 0.185247
-1 -1
NODE 148 8
2dots_tau0
0 -14 7 -8 0
149 150 
LEAF 149 9
65 classes
19 0.356745
32 0.0983438
40 0.345553
59 0.199358
-1 -1
LEAF 150 9
65 classes
3 0.0600489
12 0.13047
19 0.29052
21 0.125616
30 0.0324699
32 0.12814
35 0.0327664
49 0.032035
51 0.0705242
59 0.0974096
-1 -1
NODE 140 7
2dots_tau0
0 15 10 13 11
141 142 
NODE 141 8
2dots_tau0
0 -6 0 2 -15
145 146 
LEAF 145 9
65 classes
44 0.507361
61 0.492639
-1 -1
LEAF 146 9
65 classes
12 0.195878
21 0.0942959
44 0.0990648
49 0.19238
63 0.418381
-1 -1
NODE 142 8
2dots_tau0
0 6 8 -15 -12
143 144 
LEAF 143 9
65 classes
12 0.240842
33 0.395412
35 0.241941
44 0.121805
-1 -1
LEAF 144 9
65 classes
49 1
-1 -1
NODE 6 3
2dots_tau0
0 15 3 1 -11
7 8 
NODE 7 4
2dots_tau0
0 13 -3 7 -9
71 72 
NODE 71 5
2dots_tau0
0 8 -12 -10 9
103 104 
NODE 103 6
2dots_tau0
0 -1 -2 -11 6
119 120 
NODE 119 7
2dots_tau0
0 3 12 -7 14
127 128 
NODE 127 8
2dots_tau0
0 0 -12 -6 4
131 132 
LEAF 131 9
65 classes
5 0.0539313
6 0.00982747
7 0.00899464
14 0.00986401
17 0.0300387
21 0.0987048
23 0.121716
30 0.0120064
33 0.0396032
35 0.0121161
37 0.257822
39 0.0286546
44 0.0426987
48 0.0419513
49 0.0118456
51 0.00651945
55 0.0852015
59 0.00600321
61 0.0888421
62 0.0336586
-1 -1
LEAF 132 9
65 classes
3 0.0500293
21 0.130821
23 0.109697
27 0.0476375
39 0.0516502
41 0.109196
44 0.137437
51 0.0881352
59 0.0541041
61 0.106759
62 0.0758373
63 0.0386958
-1 -1
NODE 128 8
2dots_tau0
0 -11 15 9 -3
129 130 
LEAF 129 9
65 classes
22 0.104086
23 0.452632
33 0.0920464
44 0.0567091
48 0.0975037
51 0.0606104
55 0.056579
63 0.0798331
-1 -1
LEAF 130 9
65 classes
0 0.0166759
3 0.0181411
17 0.0490836
21 0.0189747
30 0.029428
35 0.00989891
39 0.046822
44 0.239212
49 0.0967795
51 0.0532644
55 0.0497216
59 0.029428
61 0.319372
62 0.00916643
63 0.0140315
-1 -1
NODE 120 7
2dots_tau0
0 -15 6 10 5
121 122 
NODE 121 8
2dots_tau0
0 15 10 -14 -15
125 126 
LEAF 125 9
65 classes
7 0.519544
53 0.480456
-1 -1
LEAF 126 9
65 classes
35 0.505643
49 0.494357
-1 -1
NODE 122 8
2dots_tau0
0 0 -2 -6 -2
123 124 
LEAF 123 9
65 classes
5 0.0782205
30 0.087069
35 0.175728
44 0.132705
48 0.152113
56 0.0825848
61 0.128854
62 0.162725
-1 -1
LEAF 124 9
65 classes
59 1
-1 -1
NODE 104 6
2dots_tau0
0 -13 4 10 -2
105 106 
NODE 105 7
2dots_tau0
0 9 3 0 -3
113 114 
NODE 113 8
2dots_tau0
0 -1 -6 -1 10
117 118 
LEAF 117 9
65 classes
5 0.474029
7 0.0988231
18 0.427147
-1 -1
LEAF 118 9
65 classes
1 0.0744291
5 0.288035
14 0.0658518
18 0.259548
23 0.162515
40 0.0694672
59 0.0801545
-1 -1
NODE 114 8
2dots_tau0
0 0 7 -10 -13
115 116 
LEAF 115 9
65 classes
40 0.280693
42 0.163791
59 0.323876
63 0.23164
-1 -1
LEAF 116 9
65 classes
7 0.0642884
14 0.775524
40 0.0743729
59 0.0858149
-1 -1
NODE 106 7
2dots_tau0
0 -4 7 -1 15
107 108 
NODE 107 8
2dots_tau0
0 7 15 12 0
111 112 
LEAF 111 9
65 classes
39 0.137339
44 0.146179
51 0.156236
61 0.425812
62 0.134435
-1 -1
LEAF 112 9
65 classes
5 0.0466811
7 0.0389273
14 0.0426897
19 0.0464921
41 0.0524363
44 0.0527979
48 0.408505
49 0.0768987
55 0.131692
59 0.0259809
61 0.0768987
-1 -1
NODE 108 8
2dots_tau0
0 3 -3 6 -9
109 110 
LEAF 109 9
65 classes
1 0.135485
5 0.0262157
21 0.0282235
22 0.190479
23 0.236663
40 0.0758714
44 0.177905
48 0.0254904
51 0.0316908
61 0.0719762
-1 -1
LEAF 110 9
65 classes
5 0.108146
14 0.0988991
23 0.732216
35 0.0607394
-1 -1
NODE 72 5
2dots_tau0
0 -13 0 11 -5
73 74 
NODE 73 6
2dots_tau0
0 3 7 -4 -8
89 90 
NODE 89 7
2dots_tau0
0 -4 11 7 -9
97 98 
NODE 97 8
2dots_tau0
0 3 4 14 6
101 102 
LEAF 101 9
65 classes
48 1
-1 -1
LEAF 102 9
65 classes
18 0.138136
23 0.172986
48 0.596222
51 0.0926561
-1 -1
NODE 98 8
2dots_tau0
0 -12 4 -15 14
99 100 
LEAF 99 9
65 classes
5 0.817913
59 0.182087
-1 -1
LEAF 100 9
65 classes
5 0.85774
51 0.0740625
59 0.0681978
-1 -1
NODE 90 7
2dots_tau0
0 -8 -8 6 8
91 92 
NODE 91 8
2dots_tau0
0 5 -14 -12 1
95 96 
LEAF 95 9
65 classes
5 0.295129
63 0.704871
-1 -1
LEAF 96 9
65 classes
-1 -1
NODE 92 8
2dots_tau0
0 -1 5 12 3
93 94 
LEAF 93 9
65 classes
44 0.415323
63 0.584677
-1 -1
LEAF 94 9
65 classes
5 0.160172
18 0.144331
41 0.539757
48 0.15574
-1 -1
NODE 74 6
2dots_tau0
0 3 -10 1 2
75 76 
NODE 75 7
2dots_tau0
0 -6 9 -15 -4
83 84 
NODE 83 8
2dots_tau0
0 9 5 15 -6
87 88 
LEAF 87 9
65 classes
5 0.0568959
23 0.0642036
33 0.261127
37 0.226662
48 0.33193
62 0.0591814
-1 -1
LEAF 88 9
65 classes
33 0.0891054
35 0.0545211
37 0.290043
48 0.56633
-1 -1
NODE 84 8
2dots_tau0
0 -11 4 -11 -15
85 86 
LEAF 85 9
65 classes
23 0.55144
33 0.44856
-1 -1
LEAF 86 9
65 classes
37 0.506
48 0.494
-1 -1
NODE 76 7
2dots_tau0
0 6 5 -2 7
77 78 
NODE 77 8
2dots_tau0
0 -9 -10 6 9
81 82 
LEAF 81 9
65 classes
17 0.458078
61 0.541922
-1 -1
LEAF 82 9
65 classes
5 0.139566
32 0.0383185
37 0.0695007
49 0.191592
54 0.0628816
61 0.49814
-1 -1
NODE 78 8
2dots_tau0
0 8 -8 9 -14
79 80 
LEAF 79 9
65 classes
15 0.0898457
23 0.24893
27 0.108101
28 0.106824
37 0.109852
48 0.214493
59 0.0613878
61 0.0605656
-1 -1
LEAF 80 9
65 classes
23 0.20438
32 0.0994526
61 0.696168
-1 -1
NODE 8 4
2dots_tau0
0 0 0 -5 11
9 10 
NODE 9 5
2dots_tau0
0 -8 -12 1 11
41 42 
NODE 41 6
2dots_tau0
0 -14 11 2 -8
57 58 
NODE 57 7
2dots_tau0
0 -2 3 15 -14
65 66 
NODE 65 8
2dots_tau0
0 8 15 1 -13
69 70 
LEAF 69 9
65 classes
5 1
-1 -1
LEAF 70 9
65 classes
32 0.334779
44 0.344784
48 0.197603
51 0.122834
-1 -1
NODE 66 8
2dots_tau0
0 -9 -9 12 3
67 68 
LEAF 67 9
65 classes
19 0.641509
59 0.358491
-1 -1
LEAF 68 9
65 classes
61 1
-1 -1
NODE 58 7
2dots_tau0
0 -2 1 -9 0
59 60 
NODE 59 8
2dots_tau0
0 6 14 9 0
63 64 
LEAF 63 9
65 classes
15 0.0659597
27 0.238085
49 0.133392
51 0.195772
61 0.0444639
63 0.322327
-1 -1
LEAF 64 9
65 classes
27 0.12035
35 0.0517259
48 0.0596994
49 0.471999
51 0.0185552
54 0.0553259
55 0.0173211
59 0.0170859
61 0.0168571
63 0.17108
-1 -1
NODE 60 8
2dots_tau0
0 8 6 1 -3
61 62 
LEAF 61 9
65 classes
19 0.181087
22 0.188728
40 0.175406
48 0.353584
59 0.101196
-1 -1
LEAF 62 9
65 classes
-1 -1
NODE 42 6
2dots_tau0
0 15 -1 8 -6
43 44 
NODE 43 7
2dots_tau0
0 -14 -6 -1 1
51 52 
NODE 51 8
2dots_tau0
0 1 -8 -6 -6
55 56 
LEAF 55 9
65 classes
5 0.615474
47 0.133516
48 0.0664939
50 0.0605142
51 0.124002
-1 -1
LEAF 56 9
65 classes
19 1
-1 -1
NODE 52 8
2dots_tau0
0 12 1 -2 -8
53 54 
LEAF 53 9
65 classes
2 0.12319
5 0.1302
18 0.0782156
22 0.0450482
33 0.0398374
35 0.0365631
37 0.302571
48 0.105498
49 0.0238313
54 0.0977695
63 0.0172758
-1 -1
LEAF 54 9
65 classes
0 0.0122643
2 0.147172
5 0.0388868
15 0.0211173
16 0.0484976
18 0.116803
22 0.0134545
27 0.279489
30 0.0072143
32 0.00711768
33 0.0118982
35 0.00728018
37 0.0258196
47 0.0885755
48 0.100829
49 0.021353
55 0.00731358
59 0.0072143
62 0.00674148
63 0.0309584
-1 -1
NODE 44 7
2dots_tau0
0 13 12 -8 -8
45 46 
NODE 45 8
2dots_tau0
0 -11 -6 15 14
49 50 
LEAF 49 9
65 classes
5 0.144685
19 0.048033
22 0.0500597
33 0.398423
37 0.240165
44 0.0272739
49 0.052965
63 0.0383953
-1 -1
LEAF 50 9
65 classes
2 0.0516077
5 0.0981806
16 0.102038
18 0.0294901
19 0.0108648
27 0.0106916
32 0.0539116
33 0.0300403
35 0.0306347
37 0.141242
47 0.0638953
48 0.0636427
49 0.0778724
51 0.00659362
54 0.00983004
55 0.0123101
59 0.0182145
61 0.0299509
62 0.0113472
63 0.147642
-1 -1
NODE 46 8
2dots_tau0
0 8 -2 0 -9
47 48 
LEAF 47 9
65 classes
0 0.0503226
3 0.0547442
11 0.0614266
12 0.0594721
27 0.104254
33 0.292922
37 0.105942
59 0.059203
63 0.211713
-1 -1
LEAF 48 9
65 classes
1 0.0410526
12 0.088823
30 0.0884211
33 0.401029
35 0.0223071
37 0.197784
49 0.0436184
59 0.0221053
63 0.0948595
-1 -1
NODE 10 5
2dots_tau0
0 -1 13 13 12
11 12 
NODE 11 6
2dots_tau0
0 12 -7 -11 7
27 28 
NODE 27 7
2dots_tau0
0 14 -14 -15 -14
35 36 
NODE 35 8
2dots_tau0
0 6 -12 7 15
39 40 
LEAF 39 9
65 classes
0 0.0627494
12 0.222475
23 0.0374194
27 0.292497
33 0.0304382
35 0.0186243
48 0.161214
62 0.0689846
63 0.105598
-1 -1
LEAF 40 9
65 classes
0 0.0429597
3 0.116836
15 0.0184926
33 0.395934
41 0.0255012
48 0.0441483
51 0.0137218
62 0.342406
-1 -1
NODE 36 8
2dots_tau0
0 9 9 -2 8
37 38 
LEAF 37 9
65 classes
5 0.243769
19 0.0809273
40 0.156777
48 0.158016
62 0.295821
63 0.0646895
-1 -1
LEAF 38 9
65 classes
0 0.33757
5 0.0648694
19 0.0323034
27 0.0635772
33 0.297721
41 0.0364335
48 0.0315373
62 0.0843439
63 0.0516436
-1 -1
NODE 28 7
2dots_tau0
0 13 6 4 4
29 30 
NODE 29 8
2dots_tau0
0 12 0 -9 -4
33 34 
LEAF 33 9
65 classes
0 0.0476149
3 0.103597
18 0.0453476
23 0.0567885
41 0.169587
48 0.538256
53 0.0388084
-1 -1
LEAF 34 9
65 classes
3 0.222139
30 0.120116
41 0.242426
48 0.104923
62 0.224487
63 0.0859082
-1 -1
NODE 30 8
2dots_tau0
0 0 -15 9 -4
31 32 
LEAF 31 9
65 classes
0 0.603153
1 0.0286481
3 0.0570565
19 0.0276042
41 0.0311336
48 0.134748
51 0.0167525
62 0.100904
-1 -1
LEAF 32 9
65 classes
0 1
-1 -1
NODE 12 6
2dots_tau0
0 -13 8 -6 13
13 14 
NODE 13 7
2dots_tau0
0 -4 -10 -10 8
21 22 
NODE 21 8
2dots_tau0
0 15 10 -1 10
25 26 
LEAF 25 9
65 classes
23 1
-1 -1
LEAF 26 9
65 classes
19 0.367513
33 0.338715
63 0.293772
-1 -1
NODE 22 8
2dots_tau0
0 5 -2 4 1
23 24 
LEAF 23 9
65 classes
41 0.348687
42 0.349485
48 0.301828
-1 -1
LEAF 24 9
65 classes
23 0.162076
48 0.837924
-1 -1
NODE 14 7
2dots_tau0
0 2 -6 1 13
15 16 
NODE 15 8
2dots_tau0
0 3 6 -4 -7
19 20 
LEAF 19 9
65 classes
35 0.226374
41 0.452747
63 0.320879
-1 -1
LEAF 20 9
65 classes
27 0.419224
41 0.24024
63 0.340535
-1 -1
NODE 16 8
2dots_tau0
0 -12 -14 -15 -14
17 18 
LEAF 17 9
65 classes
23 0.100304
33 0.0815905
41 0.299538
48 0.518568
-1 -1
LEAF 18 9
65 classes
19 0.0634755
35 0.0357955
48 0.867582
62 0.0331468
-1 -1
