image_size: 32 32
class_number: 65
max_depth:  10
1023
NODE 0 0
2dots_tau0
0 3 10 -15 14
1 2 
NODE 1 1
2dots_tau0
0 -7 -10 11 15
513 514 
NODE 513 2
2dots_tau0
0 15 7 13 -13
769 770 
NODE 769 3
2dots_tau0
0 -13 -8 -7 -6
897 898 
NODE 897 4
2dots_tau0
0 -3 -10 5 -13
961 962 
NODE 961 5
2dots_tau0
0 14 5 -5 -2
993 994 
NODE 993 6
2dots_tau0
0 -5 4 -13 8
1009 1010 
NODE 1009 7
2dots_tau0
0 -8 -3 -6 2
1017 1018 
NODE 1017 8
2dots_tau0
0 -12 5 -9 5
1021 1022 
LEAF 1021 9
65 classes
3 0.21273
4 0.254212
15 0.168352
28 0.200167
63 0.164539
-1 -1
LEAF 1022 9
65 classes
1 0.0716985
3 0.642587
7 0.0578449
15 0.0565041
19 0.069086
33 0.0636726
59 0.0386069
-1 -1
NODE 1018 8
2dots_tau0
0 5 0 -12 2
1019 1020 
LEAF 1019 9
65 classes
4 0.0598119
11 0.168484
18 0.0438182
19 0.0484307
27 0.0476589
33 0.133907
35 0.0273114
37 0.0968613
44 0.0274997
49 0.0534035
51 0.0881748
56 0.0513407
62 0.0758713
63 0.0774264
-1 -1
LEAF 1020 9
65 classes
3 0.159589
5 0.155048
7 0.129294
19 0.30884
22 0.160936
59 0.0862936
-1 -1
NODE 1010 7
2dots_tau0
0 -8 0 15 15
1011 1012 
NODE 1011 8
2dots_tau0
0 -6 -2 7 -4
1015 1016 
LEAF 1015 9
65 classes
7 0.0778438
15 0.0760394
47 0.182253
58 0.637886
59 0.0259773
-1 -1
LEAF 1016 9
65 classes
0 0.0267831
15 0.391991
19 0.0845781
27 0.0554868
28 0.0274157
37 0.0281927
45 0.029015
47 0.110533
49 0.170981
52 0.0293823
56 0.0298867
59 0.0157547
-1 -1
NODE 1012 8
2dots_tau0
0 0 -4 -7 -7
1013 1014 
LEAF 1013 9
65 classes
4 0.117668
6 0.0435808
11 0.0552433
15 0.077926
18 0.0862038
27 0.187519
28 0.0926522
47 0.186775
52 0.049649
59 0.0266218
63 0.0761607
-1 -1
LEAF 1014 9
65 classes
7 0.128072
24 0.0672263
45 0.0787108
47 0.599701
51 0.0464142
62 0.0798756
-1 -1
NODE 994 6
2dots_tau0
0 8 12 -10 -15
995 996 
NODE 995 7
2dots_tau0
0 -5 -14 1 -8
1003 1004 
NODE 1003 8
2dots_tau0
0 -14 -14 14 -11
1007 1008 
LEAF 1007 9
65 classes
6 0.0202873
12 0.024898
18 0.0200643
27 0.021823
58 0.912927
-1 -1
LEAF 1008 9
65 classes
-1 -1
NODE 1004 8
2dots_tau0
0 2 13 7 -9
1005 1006 
LEAF 1005 9
65 classes
0 0.0941139
27 0.682419
41 0.223467
-1 -1
LEAF 1006 9
65 classes
1 0.153127
5 0.148147
27 0.580784
63 0.117942
-1 -1
NODE 996 7
2dots_tau0
0 -3 -1 -7 -10
997 998 
NODE 997 8
2dots_tau0
0 1 -2 0 -12
1001 1002 
LEAF 1001 9
65 classes
12 0.421581
15 0.153556
18 0.169868
59 0.104918
63 0.150077
-1 -1
LEAF 1002 9
65 classes
5 0.368456
33 0.33821
63 0.293334
-1 -1
NODE 998 8
2dots_tau0
0 4 12 0 -13
999 1000 
LEAF 999 9
65 classes
3 0.118658
18 0.20776
19 0.114815
41 0.258988
62 0.29978
-1 -1
LEAF 1000 9
65 classes
3 0.0906821
5 0.0881017
18 0.158777
20 0.0701392
40 0.0849922
41 0.296891
63 0.210418
-1 -1
NODE 962 5
2dots_tau0
0 8 -9 0 -12
963 964 
NODE 963 6
2dots_tau0
0 -7 3 -7 4
979 980 
NODE 979 7
2dots_tau0
0 -15 -8 -9 -10
987 988 
NODE 987 8
2dots_tau0
0 -12 -1 4 9
991 992 
LEAF 991 9
65 classes
35 0.0145436
45 0.0265421
46 0.849348
51 0.0313028
59 0.0576481
63 0.0206152
-1 -1
LEAF 992 9
65 classes
1 0.0193426
3 0.0577849
5 0.0187135
6 0.0170501
9 0.0193426
11 0.0432256
17 0.0173718
20 0.0595926
24 0.0327653
27 0.0183408
33 0.0343547
35 0.0105103
37 0.0559133
40 0.0541592
41 0.378372
49 0.0308272
54 0.0337255
59 0.0104152
62 0.0583957
63 0.0297963
-1 -1
NODE 988 8
2dots_tau0
0 -4 -7 9 -14
989 990 
LEAF 989 9
65 classes
20 0.152694
41 0.754059
48 0.0932462
-1 -1
LEAF 990 9
65 classes
5 0.0251008
11 0.0289897
13 0.0294038
20 0.159866
21 0.0270232
27 0.0492017
33 0.0230403
37 0.0999969
41 0.225564
47 0.0245032
48 0.0976254
52 0.0521081
54 0.0904734
59 0.0279403
62 0.0391637
-1 -1
NODE 980 7
2dots_tau0
0 -1 -5 0 -14
981 982 
NODE 981 8
2dots_tau0
0 14 13 -13 13
985 986 
LEAF 985 9
65 classes
3 0.0750443
9 0.0753596
20 0.058044
28 0.0706125
35 0.327591
40 0.140671
48 0.0708916
54 0.0656981
63 0.116088
-1 -1
LEAF 986 9
65 classes
1 0.231081
6 0.0678978
17 0.0691789
19 0.0742203
33 0.0684045
35 0.0837097
37 0.0742203
45 0.0763851
49 0.0818412
54 0.134303
62 0.0387578
-1 -1
NODE 982 8
2dots_tau0
0 15 6 -1 9
983 984 
LEAF 983 9
65 classes
1 0.0342311
4 0.040735
5 0.0662358
13 0.0387952
17 0.0307434
24 0.0289929
35 0.0186005
40 0.0958471
41 0.297607
45 0.0339458
49 0.0181853
52 0.0687511
54 0.208897
59 0.0184321
-1 -1
LEAF 984 9
65 classes
1 0.0398717
24 0.0675407
35 0.0433309
37 0.0384189
40 0.111641
41 0.303316
54 0.0347599
62 0.361121
-1 -1
NODE 964 6
2dots_tau0
0 5 1 -13 0
965 966 
NODE 965 7
2dots_tau0
0 10 -3 9 -9
973 974 
NODE 973 8
2dots_tau0
0 4 -12 6 0
977 978 
LEAF 977 9
65 classes
3 0.0196108
4 0.0234349
5 0.0190528
13 0.0223189
15 0.0310396
27 0.0373464
37 0.0759025
41 0.256821
42 0.0214507
45 0.0195291
46 0.312465
51 0.0230318
54 0.10301
62 0.0198181
63 0.0151682
-1 -1
LEAF 978 9
65 classes
4 0.070957
6 0.157682
11 0.0333131
15 0.211461
20 0.160744
27 0.0282697
33 0.0794294
37 0.057455
44 0.0163119
48 0.0280462
49 0.0633544
54 0.0779747
62 0.0150015
-1 -1
NODE 974 8
2dots_tau0
0 3 -7 0 12
975 976 
LEAF 975 9
65 classes
4 0.0670025
11 0.0629131
20 0.0433673
21 0.0293228
27 0.0533884
28 0.0527579
37 0.054253
49 0.0897355
54 0.24543
62 0.0849926
63 0.216837
-1 -1
LEAF 976 9
65 classes
18 0.159138
20 0.0702986
21 0.0475323
24 0.154607
27 0.086543
37 0.0879445
49 0.0484872
51 0.106743
54 0.238706
-1 -1
NODE 966 7
2dots_tau0
0 4 -1 14 5
967 968 
NODE 967 8
2dots_tau0
0 -11 0 -5 -9
971 972 
LEAF 971 9
65 classes
28 0.665789
48 0.334211
-1 -1
LEAF 972 9
65 classes
18 0.621359
32 0.378641
-1 -1
NODE 968 8
2dots_tau0
0 9 0 -12 11
969 970 
LEAF 969 9
65 classes
22 0.16823
33 0.148771
45 0.166128
52 0.336461
59 0.18041
-1 -1
LEAF 970 9
65 classes
5 0.381211
48 0.185332
51 0.115206
59 0.318251
-1 -1
NODE 898 4
2dots_tau0
0 1 -6 -7 -13
899 900 
NODE 899 5
2dots_tau0
0 -14 15 14 -5
931 932 
NODE 931 6
2dots_tau0
0 -8 -5 4 -1
947 948 
NODE 947 7
2dots_tau0
0 -1 -2 -8 -10
955 956 
NODE 955 8
2dots_tau0
0 -10 -5 -2 14
959 960 
LEAF 959 9
65 classes
35 0.208034
45 0.379663
59 0.412303
-1 -1
LEAF 960 9
65 classes
6 0.166142
12 0.203901
18 0.164316
19 0.363225
35 0.102416
-1 -1
NODE 956 8
2dots_tau0
0 12 -3 -11 -5
957 958 
LEAF 957 9
65 classes
0 0.487179
19 0.512821
-1 -1
LEAF 958 9
65 classes
0 0.208538
3 0.226861
5 0.440812
35 0.12379
-1 -1
NODE 948 7
2dots_tau0
0 7 11 -15 0
949 950 
NODE 949 8
2dots_tau0
0 5 -3 0 -4
953 954 
LEAF 953 9
65 classes
0 0.0764571
12 0.0451792
13 0.0473306
18 0.0364082
27 0.0791986
28 0.0782632
33 0.0741748
35 0.090771
41 0.136157
48 0.0392863
62 0.168109
63 0.128666
-1 -1
LEAF 954 9
65 classes
0 0.0993141
12 0.117371
18 0.378339
27 0.308626
33 0.0963495
-1 -1
NODE 950 8
2dots_tau0
0 3 -8 -15 7
951 952 
LEAF 951 9
65 classes
0 0.157667
35 0.0935925
41 0.74874
-1 -1
LEAF 952 9
65 classes
-1 -1
NODE 932 6
2dots_tau0
0 5 11 -9 12
933 934 
NODE 933 7
2dots_tau0
0 10 -12 9 -5
941 942 
NODE 941 8
2dots_tau0
0 13 8 -8 -14
945 946 
LEAF 945 9
65 classes
4 0.0464256
11 0.174368
12 0.211025
13 0.0442148
18 0.0680228
21 0.0812702
27 0.0369925
35 0.0635967
37 0.0375916
50 0.100199
54 0.0340114
59 0.0630211
62 0.0392605
-1 -1
LEAF 946 9
65 classes
21 1
-1 -1
NODE 942 8
2dots_tau0
0 15 12 -8 5
943 944 
LEAF 943 9
65 classes
4 0.0176621
6 0.0523323
11 0.0829209
12 0.369299
13 0.0672844
18 0.0129393
27 0.0844405
33 0.0659035
35 0.0403245
37 0.042904
39 0.00762944
45 0.0147185
48 0.0139622
49 0.0157698
50 0.0381197
53 0.0110734
59 0.0319677
61 0.00788489
63 0.0228636
-1 -1
LEAF 944 9
65 classes
0 0.0480509
5 0.0169285
6 0.0154237
12 0.43537
15 0.0137894
22 0.0175713
27 0.165913
33 0.0466165
35 0.0570467
37 0.0505798
40 0.016331
41 0.0570467
48 0.0329202
62 0.0264127
-1 -1
NODE 934 7
2dots_tau0
0 1 14 2 3
935 936 
NODE 935 8
2dots_tau0
0 8 -5 4 -13
939 940 
LEAF 939 9
65 classes
0 0.223688
9 0.122182
12 0.132179
35 0.265565
56 0.124804
59 0.131581
-1 -1
LEAF 940 9
65 classes
0 0.639986
59 0.125487
62 0.234526
-1 -1
NODE 936 8
2dots_tau0
0 8 -7 3 2
937 938 
LEAF 937 9
65 classes
12 0.240588
13 0.16803
15 0.0584209
27 0.0702912
28 0.069461
35 0.040281
45 0.0735129
59 0.279416
-1 -1
LEAF 938 9
65 classes
12 0.164753
19 0.146743
22 0.152935
27 0.288809
35 0.0827525
59 0.164007
-1 -1
NODE 900 5
2dots_tau0
0 -6 -11 4 -13
901 902 
NODE 901 6
2dots_tau0
0 4 6 5 4
917 918 
NODE 917 7
2dots_tau0
0 -7 4 15 11
925 926 
NODE 925 8
2dots_tau0
0 -14 -2 -7 -3
929 930 
LEAF 929 9
65 classes
19 0.65203
30 0.121457
52 0.226514
-1 -1
LEAF 930 9
65 classes
3 0.139392
5 0.0104174
12 0.069891
15 0.00848566
18 0.0187741
19 0.0311256
30 0.0057979
35 0.157973
40 0.0301491
41 0.0468068
45 0.0320334
47 0.0203387
58 0.284741
62 0.119194
63 0.0248803
-1 -1
NODE 926 8
2dots_tau0
0 -7 -9 -7 14
927 928 
LEAF 927 9
65 classes
0 0.0234483
3 0.127543
6 0.0225799
7 0.0206663
18 0.245649
20 0.0591899
23 0.0559318
33 0.0682451
35 0.139191
41 0.0835146
48 0.0240971
49 0.0136084
52 0.0257239
56 0.0261655
62 0.0644457
-1 -1
LEAF 928 9
65 classes
28 0.426155
35 0.164754
42 0.0825655
59 0.326526
-1 -1
NODE 918 7
2dots_tau0
0 12 9 12 -3
919 920 
NODE 919 8
2dots_tau0
0 1 1 2 -7
923 924 
LEAF 923 9
65 classes
3 0.0322224
15 0.0765016
18 0.0282094
19 0.0311788
20 0.274151
35 0.123078
41 0.210991
45 0.0320882
48 0.0304394
49 0.0171901
56 0.0330522
59 0.0696938
62 0.0162815
63 0.0249228
-1 -1
LEAF 924 9
65 classes
3 0.271375
6 0.171584
13 0.176486
18 0.101819
27 0.0369145
35 0.0846168
41 0.0423084
48 0.0366227
52 0.0390951
62 0.0391777
-1 -1
NODE 920 8
2dots_tau0
0 -15 11 -11 -4
921 922 
LEAF 921 9
65 classes
6 0.0961369
13 0.123605
18 0.0950805
27 0.103414
35 0.23705
41 0.118525
49 0.0579397
52 0.109523
59 0.0587262
-1 -1
LEAF 922 9
65 classes
19 0.0688654
20 0.220191
27 0.135536
32 0.0379682
35 0.271845
41 0.15534
52 0.0717711
59 0.0384836
-1 -1
NODE 902 6
2dots_tau0
0 9 1 4 -9
903 904 
NODE 903 7
2dots_tau0
0 13 -3 -2 8
911 912 
NODE 911 8
2dots_tau0
0 2 8 14 1
915 916 
LEAF 915 9
65 classes
5 0.455752
20 0.544248
-1 -1
LEAF 916 9
65 classes
5 0.134451
6 0.1225
20 0.107039
35 0.226541
40 0.129706
45 0.137812
56 0.141952
-1 -1
NODE 912 8
2dots_tau0
0 11 -6 4 -7
913 914 
LEAF 913 9
65 classes
62 1
-1 -1
LEAF 914 9
65 classes
12 0.175304
27 0.153653
35 0.176104
59 0.0872554
62 0.407684
-1 -1
NODE 904 7
2dots_tau0
0 7 -2 -4 -10
905 906 
NODE 905 8
2dots_tau0
0 -14 -7 -5 6
909 910 
LEAF 909 9
65 classes
5 0.0843702
13 0.14825
41 0.663404
48 0.0820358
62 0.0219398
-1 -1
LEAF 910 9
65 classes
13 0.353322
22 0.0782675
40 0.0727428
41 0.338802
62 0.156866
-1 -1
NODE 906 8
2dots_tau0
0 15 -2 14 -3
907 908 
LEAF 907 9
65 classes
6 0.0818719
18 0.0809722
19 0.0894956
23 0.101401
27 0.352278
41 0.201876
45 0.0921059
-1 -1
LEAF 908 9
65 classes
59 1
-1 -1
NODE 770 3
2dots_tau0
0 7 9 10 -8
771 772 
NODE 771 4
2dots_tau0
0 -14 2 11 10
835 836 
NODE 835 5
2dots_tau0
0 11 3 -4 -2
867 868 
NODE 867 6
2dots_tau0
0 -6 2 8 10
883 884 
NODE 883 7
2dots_tau0
0 -11 11 -2 6
891 892 
NODE 891 8
2dots_tau0
0 5 -10 6 -14
895 896 
LEAF 895 9
65 classes
15 0.179515
24 0.385862
37 0.219489
47 0.215134
-1 -1
LEAF 896 9
65 classes
24 0.110386
27 0.123579
28 0.122119
35 0.212454
40 0.243281
48 0.122602
62 0.0655779
-1 -1
NODE 892 8
2dots_tau0
0 6 3 2 -11
893 894 
LEAF 893 9
65 classes
0 0.158199
1 0.0576077
3 0.0573666
15 0.0453994
19 0.0555086
27 0.054624
33 0.255795
35 0.125211
40 0.161301
62 0.0289865
-1 -1
LEAF 894 9
65 classes
1 0.110504
12 0.119545
15 0.0870858
33 0.294402
35 0.0600455
37 0.106477
52 0.22194
-1 -1
NODE 884 7
2dots_tau0
0 -15 8 5 5
885 886 
NODE 885 8
2dots_tau0
0 4 -12 -7 -2
889 890 
LEAF 889 9
65 classes
1 0.0842248
24 0.142673
27 0.159725
28 0.0789193
35 0.045766
37 0.162312
40 0.15722
52 0.16916
-1 -1
LEAF 890 9
65 classes
1 0.294409
3 0.146588
19 0.283681
28 0.137932
40 0.137391
-1 -1
NODE 886 8
2dots_tau0
0 -2 4 -9 -8
887 888 
LEAF 887 9
65 classes
1 0.0383083
9 0.0191542
19 0.00922812
20 0.00737652
24 0.194677
27 0.127135
33 0.18711
35 0.0676518
37 0.14765
40 0.0536316
45 0.00949727
47 0.0542701
51 0.00560036
54 0.00834925
59 0.00515689
62 0.0578269
63 0.00737652
-1 -1
LEAF 888 9
65 classes
1 0.168171
3 0.0478479
19 0.0231491
22 0.0241258
24 0.305222
28 0.0450223
35 0.0130544
40 0.0672686
45 0.0714728
47 0.113449
48 0.0226001
51 0.0140487
52 0.0241258
62 0.0604421
-1 -1
NODE 868 6
2dots_tau0
0 11 -8 -5 2
869 870 
NODE 869 7
2dots_tau0
0 -7 -4 -7 0
877 878 
NODE 877 8
2dots_tau0
0 -2 -2 15 -3
881 882 
LEAF 881 9
65 classes
0 0.300551
24 0.324438
27 0.051888
33 0.14579
41 0.0594698
59 0.117863
-1 -1
LEAF 882 9
65 classes
0 0.254699
24 0.432052
33 0.288279
59 0.0249705
-1 -1
NODE 878 8
2dots_tau0
0 6 -4 13 -9
879 880 
LEAF 879 9
65 classes
0 0.280532
15 0.0301897
33 0.544316
37 0.0738243
41 0.0416315
63 0.0295058
-1 -1
LEAF 880 9
65 classes
24 0.413689
28 0.152555
33 0.433756
-1 -1
NODE 870 7
2dots_tau0
0 -9 -6 0 6
871 872 
NODE 871 8
2dots_tau0
0 -8 -3 1 -12
875 876 
LEAF 875 9
65 classes
24 0.3426
35 0.439592
59 0.217807
-1 -1
LEAF 876 9
65 classes
20 0.586345
35 0.413655
-1 -1
NODE 872 8
2dots_tau0
0 -1 -10 -1 -4
873 874 
LEAF 873 9
65 classes
0 0.271865
1 0.0228458
3 0.0455004
15 0.12603
24 0.0580494
27 0.238288
33 0.0608652
35 0.0496556
40 0.0213227
63 0.105579
-1 -1
LEAF 874 9
65 classes
0 0.0780983
12 0.553788
15 0.067237
27 0.161797
35 0.139079
-1 -1
NODE 836 5
2dots_tau0
0 15 12 -15 4
837 838 
NODE 837 6
2dots_tau0
0 -4 6 -12 15
853 854 
NODE 853 7
2dots_tau0
0 1 15 -7 14
861 862 
NODE 861 8
2dots_tau0
0 -7 -9 2 14
865 866 
LEAF 865 9
65 classes
0 0.0800764
3 0.0290375
9 0.0291595
12 0.0315452
16 0.0263877
18 0.0254211
19 0.028097
30 0.0157013
35 0.142602
41 0.0316893
42 0.0158809
46 0.462664
48 0.0274306
50 0.0249639
62 0.0293444
-1 -1
LEAF 866 9
65 classes
0 0.0755267
3 0.0273876
12 0.476047
20 0.0211833
30 0.0148092
33 0.024424
35 0.0896664
40 0.0256692
41 0.0298888
50 0.047091
51 0.0160827
62 0.152224
-1 -1
NODE 862 8
2dots_tau0
0 14 4 -14 13
863 864 
LEAF 863 9
65 classes
0 0.0846972
3 0.0460696
9 0.0925264
11 0.0516931
12 0.200193
27 0.0438671
30 0.0249109
33 0.0410845
35 0.0502769
40 0.043179
45 0.0917553
48 0.0435203
62 0.186226
-1 -1
LEAF 864 9
65 classes
0 0.337684
37 0.177729
41 0.200452
63 0.284136
-1 -1
NODE 854 7
2dots_tau0
0 -1 -15 -15 -3
855 856 
NODE 855 8
2dots_tau0
0 0 5 0 2
859 860 
LEAF 859 9
65 classes
3 0.150434
20 0.0581775
23 0.0824626
30 0.0406716
33 0.268311
35 0.041043
45 0.224711
62 0.0760121
63 0.0581775
-1 -1
LEAF 860 9
65 classes
5 0.142985
27 0.280274
30 0.0795801
35 0.240921
37 0.142407
63 0.113833
-1 -1
NODE 856 8
2dots_tau0
0 5 8 10 -11
857 858 
LEAF 857 9
65 classes
5 0.0906754
15 0.0738614
17 0.0841741
19 0.0903083
20 0.433129
27 0.0888691
47 0.0885164
59 0.0504664
-1 -1
LEAF 858 9
65 classes
59 0.411451
63 0.588549
-1 -1
NODE 838 6
2dots_tau0
0 9 11 6 13
839 840 
NODE 839 7
2dots_tau0
0 -4 7 10 2
847 848 
NODE 847 8
2dots_tau0
0 4 5 10 -4
851 852 
LEAF 851 9
65 classes
0 0.0376751
3 0.122956
6 0.0362797
12 0.0445251
24 0.0348595
33 0.109651
35 0.246006
40 0.307311
47 0.0388711
49 0.021865
-1 -1
LEAF 852 9
65 classes
1 0.252945
35 0.27489
40 0.472164
-1 -1
NODE 848 8
2dots_tau0
0 3 -5 -12 0
849 850 
LEAF 849 9
65 classes
3 0.0187097
15 0.0148067
19 0.0181037
33 0.317018
35 0.112301
37 0.271556
40 0.0175358
45 0.0186318
54 0.0163796
56 0.0191915
62 0.132352
63 0.0434138
-1 -1
LEAF 850 9
65 classes
1 0.101751
19 0.0980439
24 0.517085
33 0.180723
62 0.102397
-1 -1
NODE 840 7
2dots_tau0
0 11 14 -4 14
841 842 
NODE 841 8
2dots_tau0
0 8 -7 13 -9
845 846 
LEAF 845 9
65 classes
0 0.0595457
33 0.115537
37 0.564118
50 0.222761
51 0.0380391
-1 -1
LEAF 846 9
65 classes
20 0.175398
24 0.385751
37 0.438851
-1 -1
NODE 842 8
2dots_tau0
0 10 -2 -12 -6
843 844 
LEAF 843 9
65 classes
0 0.0640068
3 0.0232103
27 0.0442013
30 0.0376511
33 0.310481
35 0.0759898
37 0.291961
40 0.0435079
54 0.0203196
56 0.023808
62 0.0469113
63 0.0179523
-1 -1
LEAF 844 9
65 classes
1 0.152446
3 0.151808
12 0.164919
24 0.129118
35 0.165672
37 0.146891
51 0.0891454
-1 -1
NODE 772 4
2dots_tau0
0 -5 12 -2 8
773 774 
NODE 773 5
2dots_tau0
0 -5 9 0 -4
805 806 
NODE 805 6
2dots_tau0
0 -2 0 14 5
821 822 
NODE 821 7
2dots_tau0
0 14 -12 8 0
829 830 
NODE 829 8
2dots_tau0
0 -6 14 -9 12
833 834 
LEAF 833 9
65 classes
1 0.107451
3 0.0356672
9 0.0716342
15 0.282267
24 0.0303362
27 0.135848
35 0.0583867
40 0.0334293
45 0.177593
48 0.0673871
-1 -1
LEAF 834 9
65 classes
3 0.224023
9 0.0749882
15 0.0590966
19 0.216767
23 0.0818678
35 0.081494
45 0.148727
52 0.0753046
62 0.0377319
-1 -1
NODE 830 8
2dots_tau0
0 -3 1 -10 -3
831 832 
LEAF 831 9
65 classes
0 0.196589
3 0.0534656
9 0.0536903
12 0.0290416
15 0.0846244
27 0.0763643
33 0.0238401
35 0.0875225
40 0.0250555
45 0.133107
48 0.0252535
62 0.108062
63 0.103384
-1 -1
LEAF 832 9
65 classes
0 0.223698
5 0.0788096
12 0.0881234
19 0.0784905
22 0.0818023
35 0.0885258
40 0.076028
45 0.16156
62 0.122963
-1 -1
NODE 822 7
2dots_tau0
0 15 4 -13 13
823 824 
NODE 823 8
2dots_tau0
0 -7 14 5 0
827 828 
LEAF 827 9
65 classes
0 0.0531533
1 0.116133
5 0.0561783
7 0.046847
19 0.0559509
23 0.0633939
28 0.0544089
35 0.0315522
40 0.0541955
45 0.172748
48 0.109248
51 0.0339554
59 0.0938
62 0.0584349
-1 -1
LEAF 828 9
65 classes
0 0.0910997
1 0.0995207
9 0.0497604
14 0.0440259
19 0.0479472
23 0.325953
35 0.108155
40 0.139329
54 0.0433808
56 0.0508282
-1 -1
NODE 824 8
2dots_tau0
0 -7 -5 8 10
825 826 
LEAF 825 9
65 classes
0 0.328979
15 0.0944089
22 0.120302
23 0.130787
24 0.101464
28 0.11225
40 0.11181
-1 -1
LEAF 826 9
65 classes
1 0.163897
19 0.315851
40 0.152971
45 0.162532
53 0.122281
62 0.0824685
-1 -1
NODE 806 6
2dots_tau0
0 1 -4 -7 15
807 808 
NODE 807 7
2dots_tau0
0 -15 0 -15 -7
815 816 
NODE 815 8
2dots_tau0
0 -14 10 10 14
819 820 
LEAF 819 9
65 classes
0 0.00531414
9 0.00580536
15 0.00457508
46 0.736894
48 0.0109223
49 0.0030841
58 0.230279
59 0.00312596
-1 -1
LEAF 820 9
65 classes
11 0.260397
12 0.252112
35 0.126631
39 0.119794
49 0.123805
62 0.117261
-1 -1
NODE 816 8
2dots_tau0
0 -2 0 -1 0
817 818 
LEAF 817 9
65 classes
4 0.0832711
12 0.0504673
13 0.132176
35 0.0126744
39 0.0359702
40 0.0217702
52 0.0468473
58 0.616823
-1 -1
LEAF 818 9
65 classes
4 0.169591
7 0.0383256
12 0.0513911
13 0.0538383
15 0.0374372
21 0.0494794
23 0.155588
27 0.090088
39 0.0488382
40 0.0443374
48 0.0446879
52 0.190819
59 0.0255793
-1 -1
NODE 808 7
2dots_tau0
0 5 6 -5 2
809 810 
NODE 809 8
2dots_tau0
0 0 1 0 5
813 814 
LEAF 813 9
65 classes
1 0.170738
7 0.137748
27 0.161895
30 0.091936
35 0.0927756
40 0.159356
41 0.185551
-1 -1
LEAF 814 9
65 classes
12 0.258273
40 0.222823
41 0.518904
-1 -1
NODE 810 8
2dots_tau0
0 -2 2 -9 12
811 812 
LEAF 811 9
65 classes
11 1
-1 -1
LEAF 812 9
65 classes
-1 -1
NODE 774 5
2dots_tau0
0 -15 14 3 -7
775 776 
NODE 775 6
2dots_tau0
0 8 -8 -10 -10
791 792 
NODE 791 7
2dots_tau0
0 -11 11 -15 -2
799 800 
NODE 799 8
2dots_tau0
0 -7 5 7 -15
803 804 
LEAF 803 9
65 classes
0 0.210335
19 0.442811
62 0.346853
-1 -1
LEAF 804 9
65 classes
5 0.17694
15 0.14413
41 0.198754
51 0.106946
61 0.0971589
62 0.276071
-1 -1
NODE 800 8
2dots_tau0
0 -5 -10 -5 -4
801 802 
LEAF 801 9
65 classes
15 0.741297
24 0.113814
41 0.0730175
59 0.0361783
61 0.0356938
-1 -1
LEAF 802 9
65 classes
15 0.294045
19 0.35952
41 0.202743
63 0.143692
-1 -1
NODE 792 7
2dots_tau0
0 1 -2 -2 0
793 794 
NODE 793 8
2dots_tau0
0 6 -3 -1 2
797 798 
LEAF 797 9
65 classes
19 1
-1 -1
LEAF 798 9
65 classes
19 0.251777
24 0.442626
51 0.305597
-1 -1
NODE 794 8
2dots_tau0
0 -13 9 4 7
795 796 
LEAF 795 9
65 classes
24 1
-1 -1
LEAF 796 9
65 classes
15 0.258926
24 0.556553
51 0.0960636
59 0.0884567
-1 -1
NODE 776 6
2dots_tau0
0 -12 14 -14 -11
777 778 
NODE 777 7
2dots_tau0
0 3 15 -10 -5
785 786 
NODE 785 8
2dots_tau0
0 -2 4 -3 -14
789 790 
LEAF 789 9
65 classes
0 0.0548569
5 0.0289894
9 0.119855
12 0.0324154
30 0.0645375
33 0.186268
35 0.0976904
41 0.195381
62 0.15077
63 0.0692369
-1 -1
LEAF 790 9
65 classes
0 0.475752
5 0.0209511
6 0.0190888
9 0.0216554
12 0.140563
20 0.0166795
27 0.0205338
30 0.0349817
35 0.0588353
37 0.0208663
41 0.0941366
45 0.0214749
62 0.0544818
-1 -1
NODE 786 8
2dots_tau0
0 -6 -13 8 -5
787 788 
LEAF 787 9
65 classes
0 0.158927
12 0.125215
19 0.0557637
35 0.628933
59 0.0311621
-1 -1
LEAF 788 9
65 classes
0 0.157679
9 0.0492154
11 0.0549918
12 0.159726
13 0.0836662
19 0.0474221
27 0.0233332
33 0.152972
35 0.0935991
40 0.0229672
49 0.0653642
59 0.0132503
63 0.075814
-1 -1
NODE 778 7
2dots_tau0
0 -15 -11 2 0
779 780 
NODE 779 8
2dots_tau0
0 -3 6 -10 -2
783 784 
LEAF 783 9
65 classes
0 0.0809039
4 0.03005
11 0.0564319
13 0.0429286
15 0.0199007
18 0.0110073
21 0.0591794
23 0.275688
27 0.0119721
30 0.0679864
33 0.0112127
39 0.0519222
40 0.0471373
41 0.0137215
42 0.0343821
44 0.00690805
48 0.0118775
51 0.0442998
59 0.0271946
62 0.095296
-1 -1
LEAF 784 9
65 classes
0 0.0502737
11 0.0306835
12 0.0594144
13 0.155609
19 0.132299
20 0.0211508
21 0.0143011
23 0.0299797
32 0.0291767
39 0.0423472
40 0.0256297
41 0.238743
42 0.0897334
50 0.0235093
52 0.0275763
59 0.0295728
-1 -1
NODE 780 8
2dots_tau0
0 -10 10 1 8
781 782 
LEAF 781 9
65 classes
0 0.0529795
12 0.125224
13 0.327969
19 0.0557679
23 0.18956
32 0.0307471
35 0.031449
41 0.0628981
49 0.0922412
59 0.0311644
-1 -1
LEAF 782 9
65 classes
0 0.0977764
1 0.0118683
3 0.00590931
11 0.0464145
12 0.134813
13 0.0269014
15 0.0233829
21 0.28741
23 0.0259142
24 0.0100521
27 0.0112536
30 0.00639061
32 0.00315251
33 0.0316192
35 0.0612653
37 0.00571792
39 0.024403
40 0.0110771
41 0.0451428
42 0.0226231
48 0.00558232
49 0.0472877
50 0.0254015
62 0.0149294
63 0.0137119
-1 -1
NODE 514 2
2dots_tau0
0 -1 -5 -5 0
515 516 
NODE 515 3
2dots_tau0
0 11 6 11 -2
643 644 
NODE 643 4
2dots_tau0
0 14 13 -1 -10
707 708 
NODE 707 5
2dots_tau0
0 15 4 -15 15
739 740 
NODE 739 6
2dots_tau0
0 6 1 8 0
755 756 
NODE 755 7
2dots_tau0
0 -8 4 -7 1
763 764 
NODE 763 8
2dots_tau0
0 12 -6 1 5
767 768 
LEAF 767 9
65 classes
0 0.0217848
2 0.0508313
4 0.0094401
5 0.0460493
6 0.00699266
7 0.0192002
11 0.0177279
13 0.0179811
16 0.0215363
19 0.0152876
21 0.00826267
22 0.0159327
23 0.0173213
27 0.030088
32 0.00421433
35 0.00862109
37 0.0229314
39 0.040778
40 0.014808
44 0.0173611
46 0.125868
48 0.0298501
49 0.0210716
50 0.0339572
51 0.0371109
52 0.00796633
53 0.0118371
54 0.00691582
55 0.0259819
56 0.0729278
58 0.10489
59 0.0512584
61 0.0632149
-1 -1
LEAF 768 9
65 classes
2 0.0844037
3 0.00834727
4 0.00498749
5 0.0364939
7 0.00338135
10 0.097914
11 0.00468309
12 0.00906817
15 0.00990893
16 0.0113783
17 0.00376415
18 0.0401923
19 0.00807691
20 0.116213
24 0.0248487
28 0.0157086
32 0.035625
35 0.011387
37 0.0121154
39 0.00215443
42 0.00456521
44 0.0045862
47 0.02375
48 0.00394268
49 0.035625
50 0.0107644
51 0.00245086
54 0.230192
55 0.0503325
56 0.00856222
58 0.0554166
59 0.0248246
61 0.00222656
62 0.00210888
-1 -1
NODE 764 8
2dots_tau0
0 7 -11 -12 8
765 766 
LEAF 765 9
65 classes
2 0.0786832
3 0.00658437
4 0.0157366
5 0.00639701
6 0.0233135
9 0.00661204
11 0.0295524
16 0.011967
18 0.0403504
20 0.193525
21 0.0309912
22 0.00663993
23 0.0216559
27 0.0125392
28 0.00619553
32 0.0667402
33 0.0117438
35 0.00359284
37 0.0191133
39 0.0373873
42 0.00720213
45 0.00655694
47 0.0062447
49 0.0316138
50 0.0962313
51 0.0038665
52 0.00663993
54 0.0576434
55 0.0577492
56 0.00675392
59 0.0249223
61 0.0386391
62 0.0266159
-1 -1
LEAF 766 9
65 classes
3 0.0201652
11 0.0226267
12 0.0219068
18 0.088269
20 0.405523
37 0.0195121
44 0.0110793
49 0.0430311
51 0.0118415
54 0.247153
59 0.0981343
61 0.0107578
-1 -1
NODE 756 7
2dots_tau0
0 15 14 14 9
757 758 
NODE 757 8
2dots_tau0
0 -15 -7 -2 4
761 762 
LEAF 761 9
65 classes
2 0.0258261
3 0.112381
4 0.184657
5 0.0545917
11 0.126099
15 0.0111172
16 0.0255315
17 0.0253388
19 0.0135927
20 0.0869228
23 0.0154009
24 0.0597401
28 0.0132181
37 0.0135927
40 0.0394987
45 0.0139891
48 0.039811
49 0.0149884
51 0.00824912
53 0.0105247
59 0.0303836
61 0.0674476
62 0.00709808
-1 -1
LEAF 762 9
65 classes
1 0.00471421
2 0.012946
3 0.00469449
4 0.0841487
5 0.0045609
9 0.00942842
10 0.0275333
11 0.0895479
13 0.0213711
15 0.00371517
16 0.00426609
17 0.0042339
19 0.00454244
20 0.014524
21 0.103114
23 0.0308802
24 0.0119785
30 0.0228458
32 0.0601062
37 0.0136273
39 0.225366
40 0.00439993
44 0.0438476
45 0.00467493
48 0.031043
49 0.0225398
50 0.0161436
51 0.00827014
52 0.0047341
53 0.00351719
59 0.0101537
61 0.0901593
62 0.00237206
-1 -1
NODE 758 8
2dots_tau0
0 -2 -2 -10 4
759 760 
LEAF 759 9
65 classes
1 0.00439866
2 0.00402647
3 0.00876051
4 0.136095
5 0.00425561
6 0.00387734
7 0.014195
9 0.00439866
11 0.117958
12 0.00475855
13 0.034896
15 0.00693299
17 0.0355545
18 0.0306778
20 0.0135519
21 0.0710138
23 0.0336155
24 0.00372556
27 0.00417084
30 0.00473702
32 0.044399
33 0.00390627
37 0.055099
39 0.101749
40 0.00821083
42 0.00718683
44 0.0649788
45 0.00436201
48 0.00413787
49 0.00701037
50 0.0112973
51 0.00514438
52 0.0132517
54 0.00383473
55 0.0192088
58 0.0581601
59 0.0165796
61 0.0210311
62 0.00885312
-1 -1
LEAF 760 9
65 classes
0 0.0199162
1 0.0761502
3 0.0108331
4 0.168292
5 0.0210497
7 0.00877663
9 0.0108786
11 0.0972435
13 0.0123291
15 0.0085732
17 0.0293106
19 0.0209644
20 0.00837899
21 0.00566544
23 0.0118766
24 0.0368556
30 0.0527194
35 0.0059112
37 0.0209644
39 0.011184
40 0.0913803
44 0.0535677
45 0.0215759
48 0.0307009
50 0.0465667
52 0.021849
54 0.00948391
59 0.0234308
61 0.0635718
-1 -1
NODE 740 6
2dots_tau0
0 10 8 14 -13
741 742 
NODE 741 7
2dots_tau0
0 -9 11 9 11
749 750 
NODE 749 8
2dots_tau0
0 -13 -1 -2 -11
753 754 
LEAF 753 9
65 classes
5 0.110922
10 0.627767
28 0.0537144
40 0.0535038
47 0.0541407
54 0.0999521
-1 -1
LEAF 754 9
65 classes
10 0.243777
20 0.128594
27 0.158309
28 0.469319
-1 -1
NODE 750 8
2dots_tau0
0 5 5 -2 11
751 752 
LEAF 751 9
65 classes
2 0.00792461
3 0.0775882
4 0.0412079
5 0.100507
6 0.0381555
9 0.00865713
10 0.025281
11 0.0193465
15 0.02729
17 0.0466505
18 0.0603779
19 0.0250251
20 0.106687
24 0.058659
27 0.0164175
28 0.0324472
32 0.0091982
33 0.00768805
35 0.0047041
37 0.00834169
39 0.0089002
40 0.03232
48 0.00814386
49 0.0275946
50 0.014823
51 0.0050624
54 0.158492
61 0.0137973
62 0.00871204
-1 -1
LEAF 752 9
65 classes
1 0.0327767
3 0.0163198
4 0.0195021
5 0.269541
10 0.227325
18 0.114298
24 0.0694025
27 0.0155395
28 0.015356
40 0.0152958
48 0.107917
49 0.0174126
50 0.0280606
53 0.012227
54 0.0142873
62 0.0247384
-1 -1
NODE 742 7
2dots_tau0
0 6 -15 7 -12
743 744 
NODE 743 8
2dots_tau0
0 -4 13 14 -7
747 748 
LEAF 747 9
65 classes
2 0.402344
5 0.212621
9 0.109884
19 0.10588
63 0.169271
-1 -1
LEAF 748 9
65 classes
2 0.247099
5 0.261161
18 0.058833
20 0.103957
24 0.0571581
28 0.0632339
42 0.110261
51 0.039463
54 0.058833
-1 -1
NODE 744 8
2dots_tau0
0 0 -6 15 1
745 746 
LEAF 745 9
65 classes
0 0.0389415
2 0.194708
5 0.164631
6 0.0374992
16 0.192487
17 0.0382068
18 0.0741743
28 0.0797228
42 0.0231689
54 0.111262
61 0.0452
-1 -1
LEAF 746 9
65 classes
2 0.13549
5 0.429603
28 0.0693454
50 0.0633587
53 0.0552154
54 0.129038
61 0.117949
-1 -1
NODE 708 5
2dots_tau0
0 12 -11 -10 12
709 710 
NODE 709 6
2dots_tau0
0 6 -3 -11 0
725 726 
NODE 725 7
2dots_tau0
0 -4 -3 -13 6
733 734 
NODE 733 8
2dots_tau0
0 10 14 11 2
737 738 
LEAF 737 9
65 classes
2 0.104365
3 0.0113535
6 0.01005
13 0.0129214
15 0.00898506
16 0.0825396
18 0.0397581
19 0.0219716
20 0.00878152
21 0.00593761
27 0.0540536
30 0.00613912
32 0.121138
33 0.192374
35 0.00619518
37 0.153801
41 0.0247807
42 0.00620936
49 0.0181707
50 0.0292823
56 0.0116459
62 0.0344206
63 0.0351261
-1 -1
LEAF 738 9
65 classes
1 0.0195432
2 0.0178895
4 0.0465128
6 0.0516808
11 0.0873479
12 0.190279
13 0.0221489
16 0.0707418
30 0.0210465
32 0.0311469
33 0.0520665
35 0.0424774
37 0.131818
41 0.0212387
48 0.0183845
49 0.0415292
50 0.0167312
54 0.0170376
55 0.0106681
62 0.0295007
63 0.0602107
-1 -1
NODE 734 8
2dots_tau0
0 -9 13 4 4
735 736 
LEAF 735 9
65 classes
2 0.106421
4 0.0691736
19 0.056011
20 0.0895451
35 0.0315861
37 0.224044
48 0.218731
52 0.0583743
53 0.086738
56 0.0593764
-1 -1
LEAF 736 9
65 classes
3 0.0133079
5 0.0517168
9 0.0133638
11 0.0597293
16 0.0362804
17 0.0120022
19 0.0257537
21 0.0139194
24 0.0339564
27 0.0253433
30 0.0071959
33 0.0593393
35 0.00726161
37 0.193153
40 0.0498915
48 0.150858
49 0.00709952
50 0.011441
54 0.163107
56 0.0273012
61 0.00709952
63 0.0308795
-1 -1
NODE 726 7
2dots_tau0
0 -5 -7 -9 5
727 728 
NODE 727 8
2dots_tau0
0 1 13 9 4
731 732 
LEAF 731 9
65 classes
15 0.0475128
18 0.31536
24 0.357445
33 0.214162
41 0.06552
-1 -1
LEAF 732 9
65 classes
18 0.0920691
20 0.0813426
24 0.536688
33 0.0937868
41 0.114771
63 0.0813426
-1 -1
NODE 728 8
2dots_tau0
0 10 2 13 2
729 730 
LEAF 729 9
65 classes
0 0.0715901
1 0.0782077
5 0.226993
19 0.075358
20 0.0602376
24 0.19872
48 0.220713
54 0.0681811
-1 -1
LEAF 730 9
65 classes
5 0.0756495
19 0.0753433
20 0.120452
24 0.066227
33 0.138879
35 0.127464
40 0.145959
47 0.147697
59 0.0421036
63 0.0602258
-1 -1
NODE 710 6
2dots_tau0
0 7 -2 1 -2
711 712 
NODE 711 7
2dots_tau0
0 -13 -8 8 15
719 720 
NODE 719 8
2dots_tau0
0 -1 6 13 8
723 724 
LEAF 723 9
65 classes
5 0.0993106
6 0.090483
27 0.194665
40 0.0958055
48 0.0965629
59 0.0552724
62 0.0516499
63 0.316251
-1 -1
LEAF 724 9
65 classes
5 0.20989
15 0.17097
22 0.10893
28 0.10164
47 0.102446
48 0.306124
-1 -1
NODE 720 8
2dots_tau0
0 15 9 3 -6
721 722 
LEAF 721 9
65 classes
4 0.0944659
11 0.443502
12 0.0858781
18 0.138412
45 0.0787216
48 0.0746766
49 0.0843445
-1 -1
LEAF 722 9
65 classes
0 0.0175608
1 0.0575522
3 0.0382076
4 0.0456581
6 0.0338208
11 0.107179
12 0.062261
17 0.0689178
18 0.0668983
27 0.0909523
35 0.0416969
37 0.018485
40 0.0179051
47 0.0181183
48 0.0180467
54 0.0334491
56 0.0195957
62 0.125487
63 0.118209
-1 -1
NODE 712 7
2dots_tau0
0 -14 -10 13 11
713 714 
NODE 713 8
2dots_tau0
0 -3 10 1 -5
717 718 
LEAF 717 9
65 classes
5 0.199254
18 0.359096
37 0.0992238
48 0.290612
62 0.0518145
-1 -1
LEAF 718 9
65 classes
5 0.179649
6 0.0545602
15 0.109753
18 0.418195
27 0.0880354
35 0.00840825
37 0.0149102
49 0.00822057
54 0.0944311
63 0.023837
-1 -1
NODE 714 8
2dots_tau0
0 -13 -4 6 -6
715 716 
LEAF 715 9
65 classes
3 0.0691701
5 0.134404
6 0.0306142
16 0.031429
18 0.393611
19 0.0669298
20 0.0267503
28 0.0325426
41 0.0377435
47 0.0656018
49 0.036901
59 0.0374019
61 0.036901
-1 -1
LEAF 716 9
65 classes
2 0.0126857
3 0.0138003
18 0.241632
27 0.131406
37 0.0801202
40 0.0129344
41 0.0150606
47 0.143973
48 0.19555
54 0.120816
63 0.0320221
-1 -1
NODE 644 4
2dots_tau0
0 -8 1 11 8
645 646 
NODE 645 5
2dots_tau0
0 5 14 13 0
677 678 
NODE 677 6
2dots_tau0
0 -4 -2 -7 2
693 694 
NODE 693 7
2dots_tau0
0 11 11 -15 -11
701 702 
NODE 701 8
2dots_tau0
0 3 12 -10 13
705 706 
LEAF 705 9
65 classes
0 0.156485
18 0.22355
27 0.0810478
32 0.0454085
33 0.0759067
37 0.164721
42 0.093103
51 0.0499828
53 0.0637712
59 0.0460249
-1 -1
LEAF 706 9
65 classes
15 0.574048
51 0.425952
-1 -1
NODE 702 8
2dots_tau0
0 8 9 -11 -7
703 704 
LEAF 703 9
65 classes
6 0.0563372
27 0.181805
33 0.340546
37 0.123166
53 0.0476835
59 0.0688283
61 0.0339532
63 0.14768
-1 -1
LEAF 704 9
65 classes
0 0.0528277
15 0.181923
28 0.0540756
33 0.0512507
42 0.0628613
47 0.0545048
59 0.248601
62 0.116154
63 0.177802
-1 -1
NODE 694 7
2dots_tau0
0 -11 11 -7 7
695 696 
NODE 695 8
2dots_tau0
0 2 4 0 -14
699 700 
LEAF 699 9
65 classes
5 0.029416
7 0.02453
15 0.0718842
17 0.0273069
19 0.0292969
20 0.0234186
24 0.48929
27 0.14415
28 0.0854686
45 0.0301514
47 0.0287156
59 0.0163718
-1 -1
LEAF 700 9
65 classes
27 0.13835
28 0.410146
37 0.070295
47 0.344501
62 0.036708
-1 -1
NODE 696 8
2dots_tau0
0 5 -10 8 12
697 698 
LEAF 697 9
65 classes
0 0.24249
19 0.255253
27 0.188389
28 0.0620546
47 0.125094
54 0.0577358
59 0.0356603
62 0.0333232
-1 -1
LEAF 698 9
65 classes
0 0.0435572
6 0.0838879
7 0.0383894
18 0.041483
19 0.0916993
20 0.0366501
28 0.178344
35 0.0517117
42 0.0777451
47 0.13482
48 0.0895247
54 0.0829661
61 0.0252787
62 0.0239426
-1 -1
NODE 678 6
2dots_tau0
0 -11 1 -12 -15
679 680 
NODE 679 7
2dots_tau0
0 -1 15 11 -1
687 688 
NODE 687 8
2dots_tau0
0 -1 0 -6 -9
691 692 
LEAF 691 9
65 classes
12 0.152991
19 0.272535
32 0.0751297
47 0.267128
54 0.12329
63 0.108926
-1 -1
LEAF 692 9
65 classes
41 0.535032
47 0.464968
-1 -1
NODE 688 8
2dots_tau0
0 -1 -3 -5 -15
689 690 
LEAF 689 9
65 classes
9 0.0766331
12 0.082903
19 0.221522
20 0.0196749
22 0.0256521
28 0.0478705
30 0.0137547
32 0.189986
35 0.0138803
44 0.013976
45 0.050663
47 0.0241252
48 0.0961195
49 0.0271409
59 0.0825279
61 0.0135704
-1 -1
LEAF 690 9
65 classes
5 0.17095
6 0.155755
7 0.142555
13 0.200256
28 0.165566
40 0.164917
-1 -1
NODE 680 7
2dots_tau0
0 12 12 -9 9
681 682 
NODE 681 8
2dots_tau0
0 10 -10 -11 1
685 686 
LEAF 685 9
65 classes
6 0.15731
12 0.0965309
18 0.155581
21 0.09294
27 0.253826
48 0.0839399
56 0.091145
63 0.0687275
-1 -1
LEAF 686 9
65 classes
6 0.303537
35 0.187112
48 0.323933
59 0.185419
-1 -1
NODE 682 8
2dots_tau0
0 -14 4 2 4
683 684 
LEAF 683 9
65 classes
28 0.197291
42 0.802709
-1 -1
LEAF 684 9
65 classes
15 0.100795
27 0.121276
33 0.567914
54 0.111503
63 0.098512
-1 -1
NODE 646 5
2dots_tau0
0 -3 14 -10 15
647 648 
NODE 647 6
2dots_tau0
0 0 -14 -14 -15
663 664 
NODE 663 7
2dots_tau0
0 -9 -5 14 -15
671 672 
NODE 671 8
2dots_tau0
0 4 8 0 -6
675 676 
LEAF 675 9
65 classes
1 0.00887694
4 0.105636
5 0.00858826
6 0.0469491
11 0.238052
12 0.134445
13 0.0201211
18 0.0232166
20 0.00683725
21 0.009246
22 0.00891439
27 0.101006
28 0.00831776
30 0.00477989
35 0.00482354
37 0.0427674
39 0.104951
49 0.0141476
59 0.00955978
61 0.00943175
62 0.0893324
-1 -1
LEAF 676 9
65 classes
3 0.0366857
6 0.0324737
12 0.0797081
13 0.0417519
16 0.266704
28 0.0345193
35 0.020018
37 0.177488
39 0.0568114
41 0.040036
48 0.138623
49 0.0195712
62 0.0556103
-1 -1
NODE 672 8
2dots_tau0
0 12 -11 2 -14
673 674 
LEAF 673 9
65 classes
2 0.00234606
4 0.00914964
6 0.00225917
11 0.0171824
12 0.0138631
13 0.0319511
16 0.106688
17 0.0023018
19 0.00740862
21 0.066737
23 0.0167883
24 0.00434147
27 0.00486037
30 0.0317408
32 0.187894
33 0.00910412
35 0.00417792
37 0.0197563
39 0.0606024
42 0.00279165
44 0.011218
45 0.0152494
46 0.0406651
47 0.00242054
48 0.00964389
49 0.00816932
50 0.256717
51 0.00749356
52 0.010295
54 0.00446869
55 0.00279806
61 0.0217849
62 0.00515836
63 0.00197403
-1 -1
LEAF 674 9
65 classes
0 0.00987522
1 0.00539403
2 0.0740642
5 0.0260931
6 0.0142642
9 0.00539403
11 0.0180814
12 0.00583536
13 0.0305662
15 0.00425092
16 0.0536942
18 0.00470249
21 0.00280914
23 0.00588889
27 0.015344
32 0.074505
33 0.0862239
37 0.10395
39 0.0305001
42 0.00293771
46 0.0855853
48 0.137004
49 0.0372525
50 0.0969761
51 0.00315425
52 0.00541679
53 0.0120732
54 0.0188099
55 0.00883334
56 0.00550978
62 0.0108565
63 0.00415462
-1 -1
NODE 664 7
2dots_tau0
0 -8 3 -9 7
665 666 
NODE 665 8
2dots_tau0
0 -12 5 7 -10
669 670 
LEAF 669 9
65 classes
7 0.0449706
12 0.120603
19 0.0537099
20 0.171733
24 0.0472112
32 0.118449
40 0.0520249
49 0.118449
51 0.0325954
53 0.0415873
54 0.0485946
59 0.150072
-1 -1
LEAF 670 9
65 classes
2 0.0813168
4 0.105712
5 0.0171889
6 0.015661
7 0.0143338
11 0.119112
12 0.0192203
13 0.0201356
16 0.0964671
20 0.0821063
21 0.00925268
23 0.0193967
28 0.0332951
32 0.00943856
33 0.0157779
35 0.00965405
37 0.0171193
39 0.0365311
44 0.0291619
49 0.0188771
50 0.0152103
51 0.0415575
59 0.00956668
61 0.0566313
62 0.107276
-1 -1
NODE 666 8
2dots_tau0
0 -1 -7 3 -5
667 668 
LEAF 667 9
65 classes
1 0.0373486
5 0.0722681
16 0.0337984
20 0.0575338
32 0.0396829
37 0.0359878
40 0.209152
42 0.0610227
44 0.0613033
48 0.0351343
49 0.0793658
52 0.0375062
61 0.0396829
62 0.0563783
63 0.143835
-1 -1
LEAF 668 9
65 classes
2 0.0605758
4 0.133872
6 0.00583322
11 0.118308
12 0.0286358
16 0.359309
19 0.0127528
20 0.00509699
22 0.00664544
23 0.0144493
24 0.00560487
27 0.0188243
33 0.00587675
35 0.0107875
37 0.0191292
40 0.00617635
42 0.00360405
44 0.0144825
47 0.00624988
48 0.0498014
49 0.0140622
50 0.0623189
59 0.00356328
61 0.0140622
62 0.0199785
-1 -1
NODE 648 6
2dots_tau0
0 -13 -14 -10 -1
649 650 
NODE 649 7
2dots_tau0
0 1 -2 3 2
657 658 
NODE 657 8
2dots_tau0
0 15 8 -12 15
661 662 
LEAF 661 9
65 classes
2 0.0554858
3 0.0120722
5 0.0117287
6 0.0320584
9 0.0121229
11 0.0135458
15 0.0191077
16 0.0987351
17 0.174204
18 0.0528436
20 0.00933741
21 0.0378809
24 0.0821426
27 0.0459802
28 0.0113593
37 0.0467249
39 0.03739
44 0.0132656
45 0.0360657
48 0.0114042
49 0.0772838
51 0.0141782
55 0.0132351
56 0.0371493
59 0.0195832
61 0.00644031
63 0.0186748
-1 -1
LEAF 662 9
65 classes
2 0.106143
5 0.0560919
16 0.183632
17 0.130176
20 0.0223279
24 0.0736581
27 0.0274873
28 0.0271626
37 0.11173
44 0.0317209
49 0.0308005
53 0.0865117
56 0.0592215
59 0.0156093
61 0.0154002
63 0.0223279
-1 -1
NODE 658 8
2dots_tau0
0 0 14 -12 8
659 660 
LEAF 659 9
65 classes
2 0.0714871
4 0.185866
5 0.0125926
6 0.217992
11 0.0145435
13 0.0442539
16 0.0117786
17 0.0350691
18 0.0226943
20 0.0100252
21 0.0067785
24 0.0881929
30 0.00700854
35 0.00707254
37 0.0250832
40 0.0121481
44 0.0142426
49 0.0553174
50 0.0222861
52 0.0130708
54 0.0226943
56 0.0265903
61 0.00691468
62 0.0261968
63 0.0401006
-1 -1
LEAF 660 9
65 classes
2 0.00910057
4 0.0354922
5 0.00961848
6 0.464466
13 0.0225347
15 0.00783493
16 0.0179935
17 0.187506
18 0.0260016
20 0.0153149
24 0.00842045
30 0.00535327
33 0.0176578
41 0.0108043
49 0.00528158
54 0.0173344
55 0.0108539
56 0.0406206
59 0.0107065
61 0.0158447
63 0.0612595
-1 -1
NODE 650 7
2dots_tau0
0 5 -8 0 -8
651 652 
NODE 651 8
2dots_tau0
0 12 8 4 7
655 656 
LEAF 655 9
65 classes
2 0.0512673
4 0.0999713
9 0.0840095
11 0.0625798
18 0.024413
20 0.0215688
27 0.0265528
28 0.0524784
30 0.0452359
32 0.0595067
37 0.0539656
39 0.0143947
44 0.0306425
45 0.222158
50 0.0239739
51 0.0327506
53 0.0208926
56 0.0286041
59 0.0301573
61 0.0148767
-1 -1
LEAF 656 9
65 classes
2 0.0500393
5 0.0793305
6 0.0722789
9 0.191327
16 0.0494685
19 0.0263365
20 0.0210521
27 0.0518335
32 0.130683
33 0.0242728
39 0.0280998
40 0.0255102
45 0.0271046
49 0.0290406
50 0.070199
54 0.0238282
56 0.0558378
59 0.0147174
61 0.0290406
-1 -1
NODE 652 8
2dots_tau0
0 -14 7 -13 10
653 654 
LEAF 653 9
65 classes
1 0.077323
6 0.204476
20 0.0595563
32 0.0410779
37 0.0745056
44 0.169222
49 0.205389
51 0.0452159
61 0.123234
-1 -1
LEAF 654 9
65 classes
5 0.0332007
6 0.060499
16 0.0621093
18 0.0299171
19 0.0661326
27 0.0650786
32 0.145846
33 0.0914258
37 0.0991988
44 0.0375511
47 0.0324102
48 0.129128
49 0.0546922
54 0.0299171
61 0.0364615
63 0.0264316
-1 -1
NODE 516 3
2dots_tau0
0 0 -7 10 -3
517 518 
NODE 517 4
2dots_tau0
0 -2 7 -4 7
581 582 
NODE 581 5
2dots_tau0
0 0 8 -6 -11
613 614 
NODE 613 6
2dots_tau0
0 4 0 5 -12
629 630 
NODE 629 7
2dots_tau0
0 13 7 6 -12
637 638 
NODE 637 8
2dots_tau0
0 15 6 15 -11
641 642 
LEAF 641 9
65 classes
3 0.0291471
6 0.206405
9 0.0146348
12 0.0158322
15 0.0115334
18 0.0510342
19 0.0705078
20 0.0676327
24 0.0371859
35 0.00795224
41 0.0159045
44 0.00800709
47 0.0691088
49 0.101072
50 0.0125291
58 0.193505
59 0.0472817
62 0.0294552
63 0.0112721
-1 -1
LEAF 642 9
65 classes
0 0.110275
6 0.106191
15 0.0949389
19 0.116079
24 0.204068
27 0.114229
48 0.113326
51 0.140892
-1 -1
NODE 638 8
2dots_tau0
0 -14 2 9 -8
639 640 
LEAF 639 9
65 classes
15 0.480192
24 0.258039
27 0.14444
63 0.117328
-1 -1
LEAF 640 9
65 classes
6 0.307138
18 0.0759407
24 0.147557
32 0.0462763
33 0.154715
63 0.268373
-1 -1
NODE 630 7
2dots_tau0
0 -14 4 -10 -7
631 632 
NODE 631 8
2dots_tau0
0 -10 0 11 -15
635 636 
LEAF 635 9
65 classes
0 0.170685
18 0.162557
27 0.35361
40 0.174032
53 0.139116
-1 -1
LEAF 636 9
65 classes
0 0.0976694
6 0.141078
18 0.0465092
23 0.0582432
27 0.101171
32 0.36844
33 0.0473769
35 0.0289886
61 0.0283416
63 0.0821814
-1 -1
NODE 632 8
2dots_tau0
0 6 -5 -8 -14
633 634 
LEAF 633 9
65 classes
0 0.148892
18 0.0709011
21 0.084709
32 0.0432054
35 0.0441918
45 0.08065
48 0.229518
59 0.175167
62 0.122765
-1 -1
LEAF 634 9
65 classes
18 0.31516
33 0.32104
62 0.3638
-1 -1
NODE 614 6
2dots_tau0
0 8 2 6 3
615 616 
NODE 615 7
2dots_tau0
0 5 -12 0 -14
623 624 
NODE 623 8
2dots_tau0
0 -4 -6 15 3
627 628 
LEAF 627 9
65 classes
41 0.683526
62 0.316474
-1 -1
LEAF 628 9
65 classes
-1 -1
NODE 624 8
2dots_tau0
0 0 4 -9 6
625 626 
LEAF 625 9
65 classes
3 0.650029
6 0.156926
18 0.103468
62 0.0895773
-1 -1
LEAF 626 9
65 classes
1 0.152216
3 0.151579
19 0.293339
35 0.165422
56 0.155482
59 0.0819624
-1 -1
NODE 616 7
2dots_tau0
0 -2 0 -1 6
617 618 
NODE 617 8
2dots_tau0
0 7 5 -6 6
621 622 
LEAF 621 9
65 classes
6 0.473722
18 0.234258
41 0.29202
-1 -1
LEAF 622 9
65 classes
19 1
-1 -1
NODE 618 8
2dots_tau0
0 6 5 0 -7
619 620 
LEAF 619 9
65 classes
3 0.329289
6 0.145741
18 0.144139
19 0.0796559
56 0.0844421
59 0.133541
62 0.0831924
-1 -1
LEAF 620 9
65 classes
35 0.29909
62 0.276958
63 0.423952
-1 -1
NODE 582 5
2dots_tau0
0 10 2 1 12
583 584 
NODE 583 6
2dots_tau0
0 12 -5 9 -10
599 600 
NODE 599 7
2dots_tau0
0 5 -1 -7 -15
607 608 
NODE 607 8
2dots_tau0
0 -2 -11 12 -13
611 612 
LEAF 611 9
65 classes
0 0.0896157
6 0.0862966
18 0.426741
23 0.106881
33 0.0869406
59 0.0527151
63 0.15081
-1 -1
LEAF 612 9
65 classes
0 0.359771
35 0.213563
44 0.215036
59 0.21163
-1 -1
NODE 608 8
2dots_tau0
0 7 -5 13 -13
609 610 
LEAF 609 9
65 classes
18 1
-1 -1
LEAF 610 9
65 classes
3 0.169209
15 0.13391
23 0.185509
24 0.143918
44 0.0929677
59 0.274486
-1 -1
NODE 600 7
2dots_tau0
0 -3 -4 5 5
601 602 
NODE 601 8
2dots_tau0
0 -3 11 -9 14
605 606 
LEAF 605 9
65 classes
18 0.232496
21 0.0462957
23 0.0970511
27 0.0842914
32 0.141677
35 0.048304
41 0.096608
59 0.0478669
63 0.205409
-1 -1
LEAF 606 9
65 classes
41 0.572616
44 0.0960943
49 0.0933058
51 0.102705
63 0.135278
-1 -1
NODE 602 8
2dots_tau0
0 -7 0 15 7
603 604 
LEAF 603 9
65 classes
0 0.42416
5 0.0747165
22 0.0775538
24 0.196231
41 0.167856
63 0.059483
-1 -1
LEAF 604 9
65 classes
3 0.0732207
18 0.192305
21 0.0765853
23 0.080274
24 0.249107
27 0.0697201
49 0.0781238
50 0.0629487
59 0.0395922
61 0.0781238
-1 -1
NODE 584 6
2dots_tau0
0 0 -8 12 2
585 586 
NODE 585 7
2dots_tau0
0 6 5 -8 10
593 594 
NODE 593 8
2dots_tau0
0 13 -6 12 -4
597 598 
LEAF 597 9
65 classes
0 0.0197525
3 0.0859522
15 0.0170054
18 0.188119
19 0.0415842
24 0.0913816
27 0.102304
33 0.0191629
35 0.0234504
49 0.0114635
50 0.0184735
62 0.31487
63 0.0664808
-1 -1
LEAF 598 9
65 classes
18 0.204911
27 0.148581
33 0.139156
48 0.0737032
62 0.433649
-1 -1
NODE 594 8
2dots_tau0
0 10 -2 11 -5
595 596 
LEAF 595 9
65 classes
0 0.08202
15 0.0706133
19 0.0863369
24 0.0758904
41 0.194751
47 0.0846238
62 0.405765
-1 -1
LEAF 596 9
65 classes
0 0.040582
3 0.176591
15 0.0698763
19 0.0427179
23 0.0484005
27 0.0840742
41 0.0481795
47 0.0837406
59 0.0238718
62 0.245379
63 0.136587
-1 -1
NODE 586 7
2dots_tau0
0 4 1 -11 1
587 588 
NODE 587 8
2dots_tau0
0 13 10 9 -12
591 592 
LEAF 591 9
65 classes
3 0.130914
11 0.0489648
18 0.0382033
23 0.239209
24 0.0371156
35 0.0476233
40 0.0818
41 0.0476233
44 0.119879
47 0.0413869
49 0.0232801
62 0.110248
63 0.0337524
-1 -1
LEAF 592 9
65 classes
22 0.197913
24 0.333846
33 0.17502
35 0.10709
47 0.186132
-1 -1
NODE 588 8
2dots_tau0
0 0 5 -3 4
589 590 
LEAF 589 9
65 classes
19 0.423193
35 0.119325
59 0.23649
62 0.220991
-1 -1
LEAF 590 9
65 classes
40 0.87395
59 0.12605
-1 -1
NODE 518 4
2dots_tau0
0 0 -5 12 10
519 520 
NODE 519 5
2dots_tau0
0 -3 -4 13 -6
551 552 
NODE 551 6
2dots_tau0
0 3 -10 13 0
567 568 
NODE 567 7
2dots_tau0
0 -1 0 10 15
575 576 
NODE 575 8
2dots_tau0
0 -9 0 10 -14
579 580 
LEAF 579 9
65 classes
6 0.228969
27 0.246302
35 0.282291
40 0.242438
-1 -1
LEAF 580 9
65 classes
15 0.0531815
32 0.82455
59 0.0363367
62 0.0339552
63 0.0519767
-1 -1
NODE 576 8
2dots_tau0
0 -3 1 0 -1
577 578 
LEAF 577 9
65 classes
0 0.089661
6 0.172681
30 0.0527418
35 0.15967
40 0.0914191
41 0.212894
53 0.073078
62 0.147855
-1 -1
LEAF 578 9
65 classes
6 0.0970563
18 0.0959898
24 0.186514
27 0.31321
35 0.119658
40 0.102766
63 0.0848065
-1 -1
NODE 568 7
2dots_tau0
0 11 -15 -13 -3
569 570 
NODE 569 8
2dots_tau0
0 -14 9 -13 8
573 574 
LEAF 573 9
65 classes
15 0.302983
32 0.102122
35 0.104453
40 0.179414
41 0.208906
49 0.102122
-1 -1
LEAF 574 9
65 classes
32 0.521117
40 0.305177
49 0.173706
-1 -1
NODE 570 8
2dots_tau0
0 5 6 0 -9
571 572 
LEAF 571 9
65 classes
6 0.468701
12 0.23009
17 0.0955089
18 0.0927101
49 0.11299
-1 -1
LEAF 572 9
65 classes
35 1
-1 -1
NODE 552 6
2dots_tau0
0 8 8 -15 -9
553 554 
NODE 553 7
2dots_tau0
0 -7 15 -6 -8
561 562 
NODE 561 8
2dots_tau0
0 3 11 -11 13
565 566 
LEAF 565 9
65 classes
2 0.03503
9 0.267877
16 0.0346304
21 0.0597887
24 0.0324121
27 0.0362861
30 0.0824236
35 0.0831763
44 0.0209375
45 0.113848
49 0.0203299
50 0.0327619
51 0.0223779
56 0.0390893
59 0.0206059
61 0.0406599
62 0.0577662
-1 -1
LEAF 566 9
65 classes
9 0.536673
19 0.172373
35 0.0243014
45 0.13305
47 0.0422381
56 0.0913649
-1 -1
NODE 562 8
2dots_tau0
0 4 3 -7 12
563 564 
LEAF 563 9
65 classes
0 0.0662775
1 0.072404
6 0.191468
9 0.072404
19 0.104649
20 0.0278837
21 0.0565607
33 0.0321495
35 0.118028
39 0.0372185
40 0.0337885
41 0.0786856
48 0.0340556
56 0.0369789
61 0.0192323
62 0.0182158
-1 -1
LEAF 564 9
65 classes
9 0.411484
19 0.39649
40 0.192026
-1 -1
NODE 554 7
2dots_tau0
0 -10 7 -2 -9
555 556 
NODE 555 8
2dots_tau0
0 10 8 6 -14
559 560 
LEAF 559 9
65 classes
19 0.506986
28 0.493014
-1 -1
LEAF 560 9
65 classes
19 0.210961
24 0.185436
47 0.206775
48 0.205958
54 0.19087
-1 -1
NODE 556 8
2dots_tau0
0 -7 0 -5 9
557 558 
LEAF 557 9
65 classes
21 0.380759
24 0.619241
-1 -1
LEAF 558 9
65 classes
-1 -1
NODE 520 5
2dots_tau0
0 -14 5 5 -4
521 522 
NODE 521 6
2dots_tau0
0 7 4 -11 -3
537 538 
NODE 537 7
2dots_tau0
0 -9 2 1 8
545 546 
NODE 545 8
2dots_tau0
0 -13 -5 -9 -9
549 550 
LEAF 549 9
65 classes
0 0.063781
1 0.195095
3 0.013877
7 0.0112428
9 0.0696767
10 0.0406946
17 0.0375466
24 0.0236058
30 0.0600292
40 0.0130063
44 0.0457464
45 0.0552769
50 0.0119303
51 0.0325957
52 0.2379
56 0.0284688
59 0.0225109
61 0.0370158
-1 -1
LEAF 550 9
65 classes
1 0.1055
22 0.0353151
30 0.284039
44 0.115444
45 0.0348737
48 0.0661635
51 0.123386
52 0.105945
56 0.0359214
61 0.0934117
-1 -1
NODE 546 8
2dots_tau0
0 10 4 -8 -14
547 548 
LEAF 547 9
65 classes
1 0.0613874
2 0.0037462
3 0.00815074
7 0.013207
9 0.11459
10 0.00896331
12 0.00442733
13 0.0139145
15 0.00645042
20 0.0504343
23 0.116167
24 0.072791
30 0.0528876
33 0.0145375
35 0.00222377
39 0.021037
40 0.0496556
44 0.0895644
45 0.0771094
47 0.00386513
48 0.00384985
49 0.0195672
50 0.0105109
51 0.00239315
52 0.0821952
56 0.0543441
59 0.00661095
61 0.0260896
62 0.00617767
63 0.00315215
-1 -1
LEAF 548 9
65 classes
15 0.103932
23 0.143979
24 0.335096
44 0.14431
47 0.124553
51 0.0771188
59 0.0710121
-1 -1
NODE 538 7
2dots_tau0
0 -10 10 -10 13
539 540 
NODE 539 8
2dots_tau0
0 0 0 -15 -1
543 544 
LEAF 543 9
65 classes
5 0.0471619
30 0.0262485
44 0.586759
45 0.0483409
51 0.0570114
59 0.104994
61 0.129485
-1 -1
LEAF 544 9
65 classes
0 0.23925
1 0.241261
3 0.0600628
7 0.145983
10 0.0146779
19 0.0193725
23 0.0219496
40 0.0187647
45 0.07975
51 0.0587838
52 0.0201899
53 0.015
59 0.0649548
-1 -1
NODE 540 8
2dots_tau0
0 1 -2 -11 9
541 542 
LEAF 541 9
65 classes
7 0.184296
10 0.0416928
15 0.0450062
23 0.062348
24 0.0483696
30 0.0615016
44 0.468685
52 0.0573496
59 0.0307508
-1 -1
LEAF 542 9
65 classes
1 0.102989
23 0.112438
30 0.0554558
44 0.112696
52 0.206848
53 0.0768384
59 0.332735
-1 -1
NODE 522 6
2dots_tau0
0 6 -6 0 -13
523 524 
NODE 523 7
2dots_tau0
0 15 0 12 -5
531 532 
NODE 531 8
2dots_tau0
0 15 15 -15 11
535 536 
LEAF 535 9
65 classes
2 0.00640601
3 0.00929184
4 0.00277594
6 0.00822499
9 0.0396562
10 0.00170303
11 0.0260651
12 0.00252358
13 0.0502312
20 0.0107803
21 0.138493
22 0.00234256
23 0.0687617
24 0.00197576
28 0.00218578
30 0.104255
32 0.00247851
35 0.0076053
39 0.117513
40 0.010886
41 0.0076053
44 0.0293547
45 0.0532054
47 0.00660937
48 0.00219442
49 0.00743554
50 0.0319532
51 0.00409229
52 0.133526
53 0.00870199
55 0.00127336
56 0.0738661
59 0.0100486
61 0.0136318
62 0.00234751
-1 -1
LEAF 536 9
65 classes
9 0.14394
12 0.0194646
13 0.0203915
17 0.0484779
24 0.0152392
27 0.0170606
30 0.0290648
33 0.0159784
37 0.0346738
40 0.100758
44 0.00984416
45 0.0892127
47 0.0849645
48 0.0169257
49 0.00955851
50 0.0154036
52 0.090342
53 0.0268477
56 0.202164
59 0.00968826
-1 -1
NODE 532 8
2dots_tau0
0 4 3 5 0
533 534 
LEAF 533 9
65 classes
1 0.00625722
2 0.00572776
3 0.0124621
4 0.0372304
6 0.0772187
9 0.0125144
11 0.0279665
12 0.0203075
13 0.0638236
18 0.00545501
19 0.00602922
20 0.00481948
21 0.0293281
23 0.0136625
24 0.0105994
27 0.0118663
30 0.0336927
32 0.0199449
33 0.0166703
35 0.0306004
39 0.0321645
40 0.0292004
41 0.081601
44 0.00342349
45 0.117896
49 0.0132966
50 0.0428552
51 0.00365901
52 0.0816871
53 0.00466839
54 0.02182
56 0.102264
59 0.00336927
61 0.00332415
62 0.0125938
-1 -1
LEAF 534 9
65 classes
0 0.030662
1 0.0125611
2 0.0114983
6 0.0959608
9 0.0293093
11 0.0187139
13 0.00474531
18 0.00730048
21 0.0327084
23 0.00914235
24 0.00354632
27 0.0119106
30 0.0946916
32 0.117891
35 0.0159261
37 0.00403448
39 0.043046
40 0.0508028
41 0.0409527
44 0.0183267
45 0.0249129
47 0.0118633
48 0.0039388
49 0.0177949
50 0.0465997
51 0.00489688
52 0.0462518
53 0.0656014
56 0.0940916
61 0.0155706
62 0.0147476
-1 -1
NODE 524 7
2dots_tau0
0 -8 7 -7 13
525 526 
NODE 525 8
2dots_tau0
0 6 7 -1 1
529 530 
LEAF 529 9
65 classes
0 0.0203372
3 0.26549
6 0.156672
13 0.0251794
18 0.0387376
20 0.0171122
23 0.0485108
24 0.0376347
28 0.0416353
30 0.0119631
35 0.132796
39 0.0114205
40 0.062208
41 0.0241446
48 0.0208999
52 0.0223109
56 0.0226939
59 0.0119631
62 0.011179
63 0.0171122
-1 -1
LEAF 530 9
65 classes
3 0.0479099
21 0.35078
23 0.157575
24 0.081498
35 0.156856
45 0.0954205
49 0.0255591
51 0.0844015
-1 -1
NODE 526 8
2dots_tau0
0 14 7 14 10
527 528 
LEAF 527 9
65 classes
1 0.0201293
3 0.020045
7 0.0162399
21 0.0733816
23 0.131856
30 0.0541942
32 0.106937
33 0.071504
35 0.0218756
39 0.0310417
40 0.0187873
44 0.0770928
49 0.0106937
51 0.0823965
52 0.202142
56 0.0616837
-1 -1
LEAF 528 9
65 classes
0 0.0204668
3 0.155856
6 0.0788351
13 0.0253398
21 0.0582206
23 0.17087
24 0.0189373
30 0.0240786
32 0.0475122
35 0.0850447
39 0.0574662
44 0.0611651
49 0.0118781
51 0.0130746
52 0.044906
55 0.012205
56 0.0685155
61 0.0118781
62 0.0337507
-1 -1
NODE 2 1
2dots_tau0
0 -5 -8 8 4
3 4 
NODE 3 2
2dots_tau0
0 2 2 13 -5
259 260 
NODE 259 3
2dots_tau0
0 -11 9 8 6
387 388 
NODE 387 4
2dots_tau0
0 4 14 14 14
451 452 
NODE 451 5
2dots_tau0
0 0 5 -3 -13
483 484 
NODE 483 6
2dots_tau0
0 1 -9 -13 13
499 500 
NODE 499 7
2dots_tau0
0 12 14 -8 -12
507 508 
NODE 507 8
2dots_tau0
0 -10 -5 -12 -1
511 512 
LEAF 511 9
65 classes
20 0.4175
35 0.294537
49 0.287963
-1 -1
LEAF 512 9
65 classes
0 0.0566021
35 0.0335994
41 0.0671989
47 0.175197
49 0.0656989
51 0.0361586
53 0.184534
63 0.381011
-1 -1
NODE 508 8
2dots_tau0
0 -2 10 0 -3
509 510 
LEAF 509 9
65 classes
0 0.337804
15 0.290825
62 0.371371
-1 -1
LEAF 510 9
65 classes
0 0.112212
18 0.106869
32 0.0651232
35 0.13322
41 0.13322
51 0.0716835
63 0.377672
-1 -1
NODE 500 7
2dots_tau0
0 -8 -12 10 -4
501 502 
NODE 501 8
2dots_tau0
0 8 -10 -11 -15
505 506 
LEAF 505 9
65 classes
15 0.0707669
19 0.259574
41 0.292762
51 0.26255
62 0.0451831
63 0.0691638
-1 -1
LEAF 506 9
65 classes
12 0.0672758
14 0.0550211
21 0.129546
24 0.0526715
28 0.0582704
30 0.0334857
39 0.351636
47 0.0587329
51 0.145461
63 0.0478987
-1 -1
NODE 502 8
2dots_tau0
0 -15 8 -4 -15
503 504 
LEAF 503 9
65 classes
19 0.275744
22 0.0957928
41 0.103666
44 0.0521905
51 0.278905
53 0.142338
59 0.051364
-1 -1
LEAF 504 9
65 classes
19 0.176055
41 0.595692
53 0.136318
62 0.0919355
-1 -1
NODE 484 6
2dots_tau0
0 -15 -9 -13 11
485 486 
NODE 485 7
2dots_tau0
0 11 -3 -6 6
493 494 
NODE 493 8
2dots_tau0
0 -7 0 12 -7
497 498 
LEAF 497 9
65 classes
12 0.584121
20 0.415879
-1 -1
LEAF 498 9
65 classes
28 0.130103
42 0.0756202
51 0.0811942
53 0.103593
59 0.0747648
63 0.534726
-1 -1
NODE 494 8
2dots_tau0
0 -10 4 -7 -6
495 496 
LEAF 495 9
65 classes
20 0.223899
42 0.158317
51 0.169987
63 0.447797
-1 -1
LEAF 496 9
65 classes
28 0.501948
42 0.29175
63 0.206302
-1 -1
NODE 486 7
2dots_tau0
0 -6 0 -1 5
487 488 
NODE 487 8
2dots_tau0
0 5 -7 12 0
491 492 
LEAF 491 9
65 classes
0 0.112183
3 0.0915302
4 0.0364595
12 0.165725
20 0.0471968
30 0.0164975
33 0.0272086
42 0.0166863
47 0.260425
48 0.115287
49 0.0162766
51 0.0716649
53 0.0228586
-1 -1
LEAF 492 9
65 classes
3 1
-1 -1
NODE 488 8
2dots_tau0
0 11 0 15 -8
489 490 
LEAF 489 9
65 classes
39 0.224027
49 0.231528
53 0.325155
62 0.219291
-1 -1
LEAF 490 9
65 classes
14 0.0769637
19 0.0838187
27 0.082483
39 0.0447154
49 0.0462126
53 0.129801
63 0.536006
-1 -1
NODE 452 5
2dots_tau0
0 -6 -14 0 0
453 454 
NODE 453 6
2dots_tau0
0 8 -8 -3 5
469 470 
NODE 469 7
2dots_tau0
0 4 9 11 14
477 478 
NODE 477 8
2dots_tau0
0 3 -7 14 14
481 482 
LEAF 481 9
65 classes
12 0.665145
42 0.334855
-1 -1
LEAF 482 9
65 classes
14 1
-1 -1
NODE 478 8
2dots_tau0
0 14 -7 7 6
479 480 
LEAF 479 9
65 classes
7 0.107438
13 0.150925
23 0.145386
42 0.362633
51 0.233618
-1 -1
LEAF 480 9
65 classes
13 0.342208
42 0.657792
-1 -1
NODE 470 7
2dots_tau0
0 5 -11 -7 14
471 472 
NODE 471 8
2dots_tau0
0 -5 8 -11 1
475 476 
LEAF 475 9
65 classes
63 1
-1 -1
LEAF 476 9
65 classes
1 0.460929
51 0.539071
-1 -1
NODE 472 8
2dots_tau0
0 9 15 4 -2
473 474 
LEAF 473 9
65 classes
3 0.552434
7 0.447566
-1 -1
LEAF 474 9
65 classes
-1 -1
NODE 454 6
2dots_tau0
0 -8 0 -4 -1
455 456 
NODE 455 7
2dots_tau0
0 3 -2 13 -8
463 464 
NODE 463 8
2dots_tau0
0 -3 4 8 9
467 468 
LEAF 467 9
65 classes
0 0.0593947
14 0.22963
15 0.102269
19 0.0625208
32 0.0344702
35 0.0352571
42 0.0353378
47 0.183841
49 0.0344702
51 0.0379426
59 0.0349381
63 0.149928
-1 -1
LEAF 468 9
65 classes
15 0.104694
22 0.311284
47 0.460044
51 0.0517896
55 0.0483449
59 0.0238443
-1 -1
NODE 464 8
2dots_tau0
0 -2 11 -5 -3
465 466 
LEAF 465 9
65 classes
7 0.235336
22 0.292929
24 0.247061
63 0.224674
-1 -1
LEAF 466 9
65 classes
14 0.24523
42 0.75477
-1 -1
NODE 456 7
2dots_tau0
0 8 8 2 10
457 458 
NODE 457 8
2dots_tau0
0 6 7 -11 10
461 462 
LEAF 461 9
65 classes
51 0.431564
63 0.568436
-1 -1
LEAF 462 9
65 classes
15 0.0777191
28 0.0924062
49 0.0261955
51 0.66319
59 0.0265511
63 0.113938
-1 -1
NODE 458 8
2dots_tau0
0 -4 -3 10 14
459 460 
LEAF 459 9
65 classes
0 0.0660076
15 0.170483
44 0.0394528
49 0.153232
51 0.126501
63 0.444323
-1 -1
LEAF 460 9
65 classes
15 0.334472
19 0.0681583
37 0.0681583
42 0.115573
51 0.413639
-1 -1
NODE 388 4
2dots_tau0
0 -7 -1 -13 -6
389 390 
NODE 389 5
2dots_tau0
0 -6 0 6 2
421 422 
NODE 421 6
2dots_tau0
0 1 -4 -7 13
437 438 
NODE 437 7
2dots_tau0
0 1 0 2 -7
445 446 
NODE 445 8
2dots_tau0
0 1 0 11 5
449 450 
LEAF 449 9
65 classes
18 0.151528
28 0.162863
35 0.188891
44 0.0950967
63 0.401622
-1 -1
LEAF 450 9
65 classes
18 0.696617
35 0.0868386
51 0.0934528
63 0.123092
-1 -1
NODE 446 8
2dots_tau0
0 -9 7 12 0
447 448 
LEAF 447 9
65 classes
3 0.355954
47 0.506387
63 0.137659
-1 -1
LEAF 448 9
65 classes
41 0.585227
63 0.414773
-1 -1
NODE 438 7
2dots_tau0
0 10 4 -5 -8
439 440 
NODE 439 8
2dots_tau0
0 -15 12 11 -2
443 444 
LEAF 443 9
65 classes
21 0.322963
23 0.677037
-1 -1
LEAF 444 9
65 classes
-1 -1
NODE 440 8
2dots_tau0
0 -9 8 -1 0
441 442 
LEAF 441 9
65 classes
3 0.866031
63 0.133969
-1 -1
LEAF 442 9
65 classes
3 0.414298
12 0.225039
19 0.20044
63 0.160222
-1 -1
NODE 422 6
2dots_tau0
0 13 6 -12 -8
423 424 
NODE 423 7
2dots_tau0
0 -11 -8 15 -6
431 432 
NODE 431 8
2dots_tau0
0 15 13 12 -6
435 436 
LEAF 435 9
65 classes
13 0.544882
18 0.20957
56 0.245548
-1 -1
LEAF 436 9
65 classes
-1 -1
NODE 432 8
2dots_tau0
0 7 -1 -11 -11
433 434 
LEAF 433 9
65 classes
16 0.108548
18 0.104572
24 0.101595
55 0.130954
63 0.554331
-1 -1
LEAF 434 9
65 classes
-1 -1
NODE 424 7
2dots_tau0
0 -7 12 -2 -7
425 426 
NODE 425 8
2dots_tau0
0 6 4 9 8
429 430 
LEAF 429 9
65 classes
47 1
-1 -1
LEAF 430 9
65 classes
-1 -1
NODE 426 8
2dots_tau0
0 0 12 -4 5
427 428 
LEAF 427 9
65 classes
-1 -1
LEAF 428 9
65 classes
13 0.463164
35 0.222065
63 0.314771
-1 -1
NODE 390 5
2dots_tau0
0 -9 8 -9 14
391 392 
NODE 391 6
2dots_tau0
0 -5 4 -11 -12
407 408 
NODE 407 7
2dots_tau0
0 7 0 7 3
415 416 
NODE 415 8
2dots_tau0
0 -3 8 4 -12
419 420 
LEAF 419 9
65 classes
44 0.262086
63 0.737913
-1 -1
LEAF 420 9
65 classes
-1 -1
NODE 416 8
2dots_tau0
0 5 0 15 -5
417 418 
LEAF 417 9
65 classes
-1 -1
LEAF 418 9
65 classes
-1 -1
NODE 408 7
2dots_tau0
0 -15 0 6 0
409 410 
NODE 409 8
2dots_tau0
0 15 6 -2 -6
413 414 
LEAF 413 9
65 classes
-1 -1
LEAF 414 9
65 classes
19 0.340717
44 0.386929
63 0.272353
-1 -1
NODE 410 8
2dots_tau0
0 -15 -10 -9 13
411 412 
LEAF 411 9
65 classes
13 0.391449
45 0.342518
63 0.266033
-1 -1
LEAF 412 9
65 classes
-1 -1
NODE 392 6
2dots_tau0
0 -14 -4 14 0
393 394 
NODE 393 7
2dots_tau0
0 -11 -9 -2 14
401 402 
NODE 401 8
2dots_tau0
0 10 2 5 15
405 406 
LEAF 405 9
65 classes
3 0.664797
22 0.335203
-1 -1
LEAF 406 9
65 classes
24 0.320417
44 0.206982
53 0.282248
62 0.190353
-1 -1
NODE 402 8
2dots_tau0
0 -7 -4 13 -9
403 404 
LEAF 403 9
65 classes
18 0.313194
19 0.346161
27 0.340645
-1 -1
LEAF 404 9
65 classes
18 0.636727
53 0.363273
-1 -1
NODE 394 7
2dots_tau0
0 -8 8 -13 -12
395 396 
NODE 395 8
2dots_tau0
0 -6 -11 7 5
399 400 
LEAF 399 9
65 classes
13 1
-1 -1
LEAF 400 9
65 classes
16 1
-1 -1
NODE 396 8
2dots_tau0
0 12 -7 -2 3
397 398 
LEAF 397 9
65 classes
13 0.872379
53 0.127621
-1 -1
LEAF 398 9
65 classes
13 0.102358
18 0.314947
53 0.0673828
55 0.0493007
59 0.0486315
63 0.417381
-1 -1
NODE 260 3
2dots_tau0
0 -9 8 14 -4
261 262 
NODE 261 4
2dots_tau0
0 5 -10 4 -7
325 326 
NODE 325 5
2dots_tau0
0 2 0 -13 -12
357 358 
NODE 357 6
2dots_tau0
0 12 13 -9 -12
373 374 
NODE 373 7
2dots_tau0
0 2 -12 -8 -8
381 382 
NODE 381 8
2dots_tau0
0 -6 -12 13 9
385 386 
LEAF 385 9
65 classes
30 1
-1 -1
LEAF 386 9
65 classes
0 0.0516185
14 0.249457
47 0.532572
49 0.0299572
51 0.0659499
53 0.0420715
62 0.0283738
-1 -1
NODE 382 8
2dots_tau0
0 -6 8 -9 15
383 384 
LEAF 383 9
65 classes
19 0.460385
42 0.260217
51 0.279398
-1 -1
LEAF 384 9
65 classes
19 1
-1 -1
NODE 374 7
2dots_tau0
0 8 2 -5 10
375 376 
NODE 375 8
2dots_tau0
0 0 15 10 -14
379 380 
LEAF 379 9
65 classes
59 1
-1 -1
LEAF 380 9
65 classes
11 0.591954
20 0.408046
-1 -1
NODE 376 8
2dots_tau0
0 3 -9 -15 2
377 378 
LEAF 377 9
65 classes
1 0.257972
3 0.513785
14 0.228243
-1 -1
LEAF 378 9
65 classes
14 0.386338
19 0.210374
30 0.235124
63 0.168163
-1 -1
NODE 358 6
2dots_tau0
0 -11 10 7 -11
359 360 
NODE 359 7
2dots_tau0
0 14 1 7 6
367 368 
NODE 367 8
2dots_tau0
0 -13 3 -4 11
371 372 
LEAF 371 9
65 classes
14 0.0643892
19 0.0701243
30 0.822929
51 0.042557
-1 -1
LEAF 372 9
65 classes
7 0.255799
14 0.140261
19 0.152754
23 0.173075
51 0.278111
-1 -1
NODE 368 8
2dots_tau0
0 11 10 -15 -15
369 370 
LEAF 369 9
65 classes
-1 -1
LEAF 370 9
65 classes
5 0.843511
30 0.156489
-1 -1
NODE 360 7
2dots_tau0
0 12 1 -7 12
361 362 
NODE 361 8
2dots_tau0
0 9 -3 -2 8
365 366 
LEAF 365 9
65 classes
23 0.500573
42 0.499427
-1 -1
LEAF 366 9
65 classes
59 1
-1 -1
NODE 362 8
2dots_tau0
0 4 -15 -10 11
363 364 
LEAF 363 9
65 classes
15 0.266206
42 0.551906
59 0.181888
-1 -1
LEAF 364 9
65 classes
-1 -1
NODE 326 5
2dots_tau0
0 11 -4 -3 -10
327 328 
NODE 327 6
2dots_tau0
0 1 9 6 11
343 344 
NODE 343 7
2dots_tau0
0 4 -3 -5 0
351 352 
NODE 351 8
2dots_tau0
0 0 7 -13 0
355 356 
LEAF 355 9
65 classes
14 0.291173
59 0.708827
-1 -1
LEAF 356 9
65 classes
14 0.747038
30 0.0826628
42 0.125413
51 0.0448857
-1 -1
NODE 352 8
2dots_tau0
0 6 -10 10 0
353 354 
LEAF 353 9
65 classes
-1 -1
LEAF 354 9
65 classes
19 1
-1 -1
NODE 344 7
2dots_tau0
0 14 0 -5 10
345 346 
NODE 345 8
2dots_tau0
0 -15 -8 -1 -9
349 350 
LEAF 349 9
65 classes
59 1
-1 -1
LEAF 350 9
65 classes
-1 -1
NODE 346 8
2dots_tau0
0 8 -8 -2 11
347 348 
LEAF 347 9
65 classes
19 0.219908
47 0.646634
51 0.133458
-1 -1
LEAF 348 9
65 classes
47 1
-1 -1
NODE 328 6
2dots_tau0
0 -15 -8 12 -3
329 330 
NODE 329 7
2dots_tau0
0 -1 -7 -7 1
337 338 
NODE 337 8
2dots_tau0
0 4 10 11 0
341 342 
LEAF 341 9
65 classes
14 0.177616
20 0.309247
30 0.324289
48 0.188848
-1 -1
LEAF 342 9
65 classes
14 0.45102
30 0.54898
-1 -1
NODE 338 8
2dots_tau0
0 5 -14 -8 -9
339 340 
LEAF 339 9
65 classes
14 1
-1 -1
LEAF 340 9
65 classes
-1 -1
NODE 330 7
2dots_tau0
0 -3 -5 -4 -6
331 332 
NODE 331 8
2dots_tau0
0 -9 -13 -9 9
335 336 
LEAF 335 9
65 classes
-1 -1
LEAF 336 9
65 classes
14 0.652005
47 0.347995
-1 -1
NODE 332 8
2dots_tau0
0 -11 4 6 12
333 334 
LEAF 333 9
65 classes
62 1
-1 -1
LEAF 334 9
65 classes
3 0.847284
59 0.152716
-1 -1
NODE 262 4
2dots_tau0
0 -2 6 14 -6
263 264 
NODE 263 5
2dots_tau0
0 13 3 14 -15
295 296 
NODE 295 6
2dots_tau0
0 1 -11 -9 2
311 312 
NODE 311 7
2dots_tau0
0 -1 -15 7 -8
319 320 
NODE 319 8
2dots_tau0
0 -10 12 -15 7
323 324 
LEAF 323 9
65 classes
3 0.226669
23 0.248504
49 0.120924
52 0.228582
63 0.17532
-1 -1
LEAF 324 9
65 classes
3 0.652887
27 0.155418
51 0.191695
-1 -1
NODE 320 8
2dots_tau0
0 -1 13 14 -6
321 322 
LEAF 321 9
65 classes
-1 -1
LEAF 322 9
65 classes
11 0.672811
35 0.327189
-1 -1
NODE 312 7
2dots_tau0
0 -12 -13 -5 13
313 314 
NODE 313 8
2dots_tau0
0 -6 6 -13 2
317 318 
LEAF 317 9
65 classes
3 1
-1 -1
LEAF 318 9
65 classes
5 1
-1 -1
NODE 314 8
2dots_tau0
0 12 -13 14 -3
315 316 
LEAF 315 9
65 classes
-1 -1
LEAF 316 9
65 classes
3 0.646972
35 0.353028
-1 -1
NODE 296 6
2dots_tau0
0 4 4 7 -15
297 298 
NODE 297 7
2dots_tau0
0 2 -11 10 15
305 306 
NODE 305 8
2dots_tau0
0 0 0 -15 -6
309 310 
LEAF 309 9
65 classes
15 1
-1 -1
LEAF 310 9
65 classes
-1 -1
NODE 306 8
2dots_tau0
0 4 0 -6 2
307 308 
LEAF 307 9
65 classes
-1 -1
LEAF 308 9
65 classes
3 0.477024
23 0.522976
-1 -1
NODE 298 7
2dots_tau0
0 -5 -7 -13 -1
299 300 
NODE 299 8
2dots_tau0
0 -10 10 -13 -4
303 304 
LEAF 303 9
65 classes
5 0.38456
19 0.383003
51 0.232437
-1 -1
LEAF 304 9
65 classes
51 0.602927
63 0.397073
-1 -1
NODE 300 8
2dots_tau0
0 11 2 -11 -7
301 302 
LEAF 301 9
65 classes
-1 -1
LEAF 302 9
65 classes
20 1
-1 -1
NODE 264 5
2dots_tau0
0 -14 1 9 9
265 266 
NODE 265 6
2dots_tau0
0 -1 -11 13 -9
281 282 
NODE 281 7
2dots_tau0
0 -6 6 9 -12
289 290 
NODE 289 8
2dots_tau0
0 -1 4 7 15
293 294 
LEAF 293 9
65 classes
7 0.174507
10 0.157912
14 0.191373
44 0.118344
49 0.114909
51 0.126485
59 0.116469
-1 -1
LEAF 294 9
65 classes
7 0.392091
19 0.117072
49 0.0645463
51 0.426291
-1 -1
NODE 290 8
2dots_tau0
0 -7 8 12 4
291 292 
LEAF 291 9
65 classes
20 0.207641
30 0.290322
47 0.169739
49 0.238695
59 0.048387
62 0.0452158
-1 -1
LEAF 292 9
65 classes
1 0.0476009
4 0.11329
7 0.0384034
10 0.0347516
12 0.0514955
13 0.215791
14 0.0842305
23 0.0519679
28 0.0446024
42 0.129622
49 0.025288
51 0.111342
55 0.025984
59 0.0256312
-1 -1
NODE 282 7
2dots_tau0
0 -4 -14 -9 -13
283 284 
NODE 283 8
2dots_tau0
0 6 -15 -13 10
287 288 
LEAF 287 9
65 classes
4 0.0618849
10 0.0284746
11 0.014527
13 0.058938
14 0.0115028
20 0.0200275
23 0.141938
42 0.474403
44 0.0142264
49 0.0552543
51 0.0836282
55 0.0141938
59 0.0210016
-1 -1
LEAF 288 9
65 classes
7 0.0260355
10 0.0471195
14 0.228416
15 0.025432
19 0.0621901
20 0.0497118
22 0.0324071
28 0.0302381
42 0.175755
51 0.150968
55 0.0176158
59 0.121637
62 0.0324756
-1 -1
NODE 284 8
2dots_tau0
0 4 -5 4 2
285 286 
LEAF 285 9
65 classes
4 0.0163113
7 0.044234
14 0.242547
19 0.0528301
20 0.116132
21 0.00713842
22 0.0412944
24 0.0116095
42 0.246349
44 0.00749945
47 0.0129455
49 0.00728183
51 0.0721384
52 0.0550592
55 0.0149645
59 0.0516648
-1 -1
LEAF 286 9
65 classes
1 0.0956973
7 0.23162
14 0.352787
15 0.0125695
19 0.0153684
22 0.0480505
42 0.0694918
51 0.0466338
52 0.0160168
55 0.0087064
59 0.103059
-1 -1
NODE 266 6
2dots_tau0
0 15 14 2 -2
267 268 
NODE 267 7
2dots_tau0
0 6 0 -12 -2
275 276 
NODE 275 8
2dots_tau0
0 -15 3 -7 -8
279 280 
LEAF 279 9
65 classes
4 0.108742
42 0.099535
51 0.0534358
53 0.409061
56 0.280022
59 0.0492045
-1 -1
LEAF 280 9
65 classes
4 0.150129
5 0.0406854
13 0.26213
23 0.0688666
42 0.045806
50 0.0360022
51 0.0737736
52 0.0422304
56 0.257733
59 0.0226439
-1 -1
NODE 276 8
2dots_tau0
0 0 8 3 -2
277 278 
LEAF 277 9
65 classes
5 0.146595
23 0.248136
42 0.123784
48 0.0712697
51 0.0886056
56 0.0773873
59 0.203973
61 0.0402483
-1 -1
LEAF 278 9
65 classes
7 0.265238
14 0.0363593
42 0.067144
44 0.089937
45 0.0407527
51 0.288373
52 0.0412685
59 0.0663845
61 0.0218318
62 0.0827116
-1 -1
NODE 268 7
2dots_tau0
0 -6 14 5 -7
269 270 
NODE 269 8
2dots_tau0
0 15 0 -15 0
273 274 
LEAF 273 9
65 classes
5 0.197723
7 0.164881
15 0.322119
52 0.205232
59 0.110045
-1 -1
LEAF 274 9
65 classes
28 0.635058
59 0.364943
-1 -1
NODE 270 8
2dots_tau0
0 12 -15 -7 14
271 272 
LEAF 271 9
65 classes
4 0.0764449
11 0.0143558
12 0.0138991
13 0.32034
20 0.0296873
23 0.0140266
28 0.0120386
32 0.00682543
35 0.0209438
42 0.0349862
47 0.0485364
48 0.0120861
49 0.0682543
50 0.0109993
51 0.00751301
52 0.232238
53 0.0287567
55 0.00701329
59 0.0345904
62 0.00646468
-1 -1
LEAF 272 9
65 classes
28 0.31444
56 0.68556
-1 -1
NODE 4 2
2dots_tau0
0 2 -5 10 -1
5 6 
NODE 5 3
2dots_tau0
0 2 5 8 0
133 134 
NODE 133 4
2dots_tau0
0 -5 7 15 1
197 198 
NODE 197 5
2dots_tau0
0 9 13 -2 -4
229 230 
NODE 229 6
2dots_tau0
0 -13 3 12 -9
245 246 
NODE 245 7
2dots_tau0
0 4 2 4 -9
253 254 
NODE 253 8
2dots_tau0
0 0 12 0 6
257 258 
LEAF 257 9
65 classes
10 0.0232755
15 0.0502505
54 0.0833827
58 0.843091
-1 -1
LEAF 258 9
65 classes
5 0.0482747
15 0.117969
54 0.174001
58 0.659755
-1 -1
NODE 254 8
2dots_tau0
0 -3 14 9 -5
255 256 
LEAF 255 9
65 classes
5 0.458934
27 0.149931
47 0.298672
51 0.0924634
-1 -1
LEAF 256 9
65 classes
27 0.264903
47 0.263852
48 0.262809
53 0.208435
-1 -1
NODE 246 7
2dots_tau0
0 12 12 -10 -1
247 248 
NODE 247 8
2dots_tau0
0 4 -1 3 1
251 252 
LEAF 251 9
65 classes
2 0.220608
28 0.11291
47 0.113806
50 0.103162
53 0.449515
-1 -1
LEAF 252 9
65 classes
5 0.0946469
10 0.0714207
22 0.0982411
54 0.68229
55 0.0534017
-1 -1
NODE 248 8
2dots_tau0
0 14 -2 5 -3
249 250 
LEAF 249 9
65 classes
5 1
-1 -1
LEAF 250 9
65 classes
5 0.360652
7 0.150373
15 0.146888
19 0.179596
54 0.162491
-1 -1
NODE 230 6
2dots_tau0
0 -15 1 15 4
231 232 
NODE 231 7
2dots_tau0
0 -10 -5 1 -5
239 240 
NODE 239 8
2dots_tau0
0 4 3 -1 -9
243 244 
LEAF 243 9
65 classes
15 0.449909
19 0.550091
-1 -1
LEAF 244 9
65 classes
0 1
-1 -1
NODE 240 8
2dots_tau0
0 -2 -12 -12 -3
241 242 
LEAF 241 9
65 classes
33 0.665202
40 0.139823
49 0.0795867
63 0.115388
-1 -1
LEAF 242 9
65 classes
22 0.393945
48 0.184516
49 0.104202
53 0.14634
54 0.170998
-1 -1
NODE 232 7
2dots_tau0
0 10 -12 15 4
233 234 
NODE 233 8
2dots_tau0
0 2 9 15 -6
237 238 
LEAF 237 9
65 classes
-1 -1
LEAF 238 9
65 classes
51 0.752282
63 0.247718
-1 -1
NODE 234 8
2dots_tau0
0 7 -4 6 4
235 236 
LEAF 235 9
65 classes
0 0.129549
47 0.133661
51 0.0827583
63 0.654032
-1 -1
LEAF 236 9
65 classes
0 0.0999584
22 0.109659
35 0.059336
47 0.103132
48 0.205448
51 0.0638555
54 0.190397
63 0.168215
-1 -1
NODE 198 5
2dots_tau0
0 8 0 6 11
199 200 
NODE 199 6
2dots_tau0
0 1 -9 8 7
215 216 
NODE 215 7
2dots_tau0
0 -12 -2 -12 -9
223 224 
NODE 223 8
2dots_tau0
0 0 6 -10 -6
227 228 
LEAF 227 9
65 classes
2 0.0721008
5 0.152408
15 0.0931103
16 0.106917
49 0.125533
51 0.0921189
55 0.236477
63 0.121335
-1 -1
LEAF 228 9
65 classes
2 0.131785
5 0.139285
15 0.226915
16 0.130282
47 0.135969
55 0.235763
-1 -1
NODE 224 8
2dots_tau0
0 12 6 5 11
225 226 
LEAF 225 9
65 classes
2 0.0209688
5 0.0886485
14 0.0202672
15 0.0361052
16 0.165837
30 0.0123346
50 0.0392222
51 0.0133953
54 0.0199703
55 0.512677
63 0.0705745
-1 -1
LEAF 226 9
65 classes
2 0.0737261
15 0.507783
16 0.218655
48 0.075766
63 0.12407
-1 -1
NODE 216 7
2dots_tau0
0 -15 5 3 -14
217 218 
NODE 217 8
2dots_tau0
0 -14 -8 -5 15
221 222 
LEAF 221 9
65 classes
2 0.0220422
5 0.0698899
14 0.0213047
15 0.512371
16 0.108954
22 0.0967252
47 0.0227419
51 0.042243
59 0.103728
-1 -1
LEAF 222 9
65 classes
2 0.0900666
5 0.0951923
10 0.0718322
14 0.0870532
15 0.155081
48 0.0925585
51 0.0575364
54 0.0857777
59 0.264902
-1 -1
NODE 218 8
2dots_tau0
0 11 1 12 1
219 220 
LEAF 219 9
65 classes
5 0.332614
22 0.069049
39 0.0706895
48 0.0646823
49 0.0730563
54 0.239775
55 0.150134
-1 -1
LEAF 220 9
65 classes
2 0.0392728
5 0.0830157
15 0.033811
39 0.0220538
48 0.0403594
49 0.0683768
51 0.0501766
54 0.149611
55 0.374713
59 0.13861
-1 -1
NODE 200 6
2dots_tau0
0 -15 -13 -2 3
201 202 
NODE 201 7
2dots_tau0
0 -13 -5 14 2
209 210 
NODE 209 8
2dots_tau0
0 11 0 -12 2
213 214 
LEAF 213 9
65 classes
2 0.525825
5 0.0694687
16 0.259913
24 0.060816
51 0.0839769
-1 -1
LEAF 214 9
65 classes
2 0.413753
5 0.0937072
10 0.0235705
22 0.226953
28 0.242015
-1 -1
NODE 210 8
2dots_tau0
0 -3 -9 -4 7
211 212 
LEAF 211 9
65 classes
2 0.13104
7 0.115493
16 0.356249
17 0.0321419
18 0.0312
22 0.0718784
28 0.0335338
47 0.0338
51 0.0418555
55 0.0976788
63 0.05513
-1 -1
LEAF 212 9
65 classes
2 0.366625
16 0.170561
22 0.141955
44 0.0128901
47 0.0222508
51 0.0413308
52 0.0236591
53 0.0175775
55 0.0128606
59 0.19029
-1 -1
NODE 202 7
2dots_tau0
0 12 15 -13 -10
203 204 
NODE 203 8
2dots_tau0
0 -1 9 3 -13
207 208 
LEAF 207 9
65 classes
10 0.670572
16 0.1039
18 0.0200189
44 0.0251272
51 0.0939954
59 0.0741877
61 0.012199
-1 -1
LEAF 208 9
65 classes
2 0.273449
10 0.232627
15 0.0156946
16 0.054066
18 0.0520855
19 0.0191894
22 0.0399982
44 0.0217921
49 0.0105799
51 0.0465826
53 0.0148583
55 0.130453
59 0.021447
61 0.0211597
63 0.0460173
-1 -1
NODE 204 8
2dots_tau0
0 -2 -15 -9 9
205 206 
LEAF 205 9
65 classes
5 0.115822
22 0.12022
24 0.202791
47 0.113064
51 0.0700052
53 0.089317
54 0.104367
63 0.184415
-1 -1
LEAF 206 9
65 classes
22 0.399345
28 0.279463
59 0.321193
-1 -1
NODE 134 4
2dots_tau0
0 -13 14 13 -10
135 136 
NODE 135 5
2dots_tau0
0 13 3 -5 -10
167 168 
NODE 167 6
2dots_tau0
0 -11 -13 -10 -15
183 184 
NODE 183 7
2dots_tau0
0 -5 5 -7 3
191 192 
NODE 191 8
2dots_tau0
0 -11 -4 -5 14
195 196 
LEAF 195 9
65 classes
0 0.0693649
2 0.0693649
5 0.0366563
15 0.0597181
22 0.114145
28 0.355017
40 0.0353625
48 0.0712841
51 0.0443117
55 0.144775
-1 -1
LEAF 196 9
65 classes
0 0.0194046
2 0.097023
5 0.0205089
7 0.0171024
10 0.0309521
16 0.0191833
28 0.019863
41 0.0230374
47 0.0400412
48 0.518479
51 0.0123961
53 0.126525
59 0.0228289
63 0.032655
-1 -1
NODE 192 8
2dots_tau0
0 2 8 6 -8
193 194 
LEAF 193 9
65 classes
7 0.0497749
22 0.123912
28 0.693713
41 0.0670483
49 0.0655517
-1 -1
LEAF 194 9
65 classes
14 0.0357645
15 0.0212376
18 0.0117468
22 0.135312
28 0.126255
37 0.0129833
40 0.025152
47 0.254515
48 0.0633771
51 0.0157586
53 0.150794
55 0.147105
-1 -1
NODE 184 7
2dots_tau0
0 -10 9 14 12
185 186 
NODE 185 8
2dots_tau0
0 15 12 15 -14
189 190 
LEAF 189 9
65 classes
5 0.0258794
14 0.0710001
15 0.126484
27 0.0253639
28 0.250643
47 0.378949
53 0.0598715
63 0.0618091
-1 -1
LEAF 190 9
65 classes
7 0.0267329
19 0.031928
28 0.217337
47 0.406829
53 0.0494433
54 0.173323
59 0.0178421
63 0.0765652
-1 -1
NODE 186 8
2dots_tau0
0 9 12 -13 2
187 188 
LEAF 187 9
65 classes
2 0.0412398
3 0.0448634
7 0.036347
9 0.0450519
13 0.102118
15 0.0355045
16 0.0407694
22 0.045242
42 0.0245363
47 0.127647
48 0.127143
53 0.13445
55 0.122963
59 0.0242587
61 0.0478676
-1 -1
LEAF 188 9
65 classes
14 0.150786
15 0.0671545
22 0.0855724
28 0.31938
48 0.0801607
55 0.139546
59 0.0917677
63 0.0656332
-1 -1
NODE 168 6
2dots_tau0
0 9 15 -11 3
169 170 
NODE 169 7
2dots_tau0
0 -13 7 -2 0
177 178 
NODE 177 8
2dots_tau0
0 -14 -11 14 7
181 182 
LEAF 181 9
65 classes
3 0.103593
27 0.0986402
28 0.19495
35 0.0565267
40 0.097093
47 0.0982488
48 0.195721
53 0.155227
-1 -1
LEAF 182 9
65 classes
27 0.349151
53 0.274724
56 0.376124
-1 -1
NODE 178 8
2dots_tau0
0 11 -12 13 13
179 180 
LEAF 179 9
65 classes
48 0.785593
63 0.214407
-1 -1
LEAF 180 9
65 classes
28 0.145096
35 0.168285
45 0.0767801
47 0.0731239
63 0.536715
-1 -1
NODE 170 7
2dots_tau0
0 12 1 -1 -7
171 172 
NODE 171 8
2dots_tau0
0 -4 6 -2 2
175 176 
LEAF 175 9
65 classes
28 1
-1 -1
LEAF 176 9
65 classes
28 0.6825
54 0.3175
-1 -1
NODE 172 8
2dots_tau0
0 13 3 4 -8
173 174 
LEAF 173 9
65 classes
-1 -1
LEAF 174 9
65 classes
19 0.105742
20 0.0845252
27 0.104057
28 0.308484
59 0.0590912
63 0.338101
-1 -1
NODE 136 5
2dots_tau0
0 9 3 -10 11
137 138 
NODE 137 6
2dots_tau0
0 5 -15 -4 13
153 154 
NODE 153 7
2dots_tau0
0 7 5 0 11
161 162 
NODE 161 8
2dots_tau0
0 6 -13 4 -1
165 166 
LEAF 165 9
65 classes
2 0.278897
19 0.0489293
22 0.0509938
32 0.0134883
39 0.039154
42 0.0138278
47 0.0239792
49 0.188837
52 0.0509938
53 0.0947142
59 0.0957
61 0.08093
63 0.0195559
-1 -1
LEAF 166 9
65 classes
0 0.0164028
17 0.0482798
20 0.0552067
28 0.00839511
37 0.00863303
49 0.252266
53 0.026738
55 0.53309
59 0.00482434
61 0.00475973
63 0.041405
-1 -1
NODE 162 8
2dots_tau0
0 1 10 4 -2
163 164 
LEAF 163 9
65 classes
22 1
-1 -1
LEAF 164 9
65 classes
16 0.0389326
20 0.0331368
28 0.201561
37 0.124364
49 0.114278
53 0.417275
55 0.0704538
-1 -1
NODE 154 7
2dots_tau0
0 11 -13 -14 9
155 156 
NODE 155 8
2dots_tau0
0 -12 4 -12 -6
159 160 
LEAF 159 9
65 classes
2 0.24038
16 0.0792128
19 0.253032
20 0.202262
32 0.0465022
37 0.084344
59 0.0942668
-1 -1
LEAF 160 9
65 classes
5 0.331022
37 0.329681
45 0.339297
-1 -1
NODE 156 8
2dots_tau0
0 9 5 -6 -14
157 158 
LEAF 157 9
65 classes
16 0.312358
17 0.0775001
20 0.0664645
28 0.404282
59 0.139395
-1 -1
LEAF 158 9
65 classes
28 0.776801
59 0.223199
-1 -1
NODE 138 6
2dots_tau0
0 0 -10 8 -10
139 140 
NODE 139 7
2dots_tau0
0 -2 -12 -7 -14
147 148 
NODE 147 8
2dots_tau0
0 7 5 0 10
151 152 
LEAF 151 9
65 classes
2 0.0622964
7 0.109811
28 0.0637679
47 0.064274
49 0.180771
55 0.445791
59 0.0732898
-1 -1
LEAF 152 9
65 classes
20 0.0865143
22 0.338391
28 0.210495
49 0.119343
55 0.245256
-1 -1
NODE 148 8
2dots_tau0
0 -9 -7 -5 4
149 150 
LEAF 149 9
65 classes
5 0.473233
59 0.526767
-1 -1
LEAF 150 9
65 classes
2 0.459459
59 0.540541
-1 -1
NODE 140 7
2dots_tau0
0 -10 0 6 -10
141 142 
NODE 141 8
2dots_tau0
0 13 0 -7 2
145 146 
LEAF 145 9
65 classes
7 0.210927
22 0.262546
28 0.244974
59 0.281554
-1 -1
LEAF 146 9
65 classes
19 0.176746
22 0.55261
28 0.171875
59 0.0987697
-1 -1
NODE 142 8
2dots_tau0
0 -1 11 0 13
143 144 
LEAF 143 9
65 classes
2 0.131897
16 0.130393
28 0.270026
49 0.0765475
55 0.235963
59 0.155173
-1 -1
LEAF 144 9
65 classes
9 0.0598553
16 0.108331
22 0.0601078
28 0.560848
53 0.178628
59 0.0322298
-1 -1
NODE 6 3
2dots_tau0
0 -7 11 -9 0
7 8 
NODE 7 4
2dots_tau0
0 -1 -7 0 -14
71 72 
NODE 71 5
2dots_tau0
0 1 -15 -13 15
103 104 
NODE 103 6
2dots_tau0
0 10 12 -5 -7
119 120 
NODE 119 7
2dots_tau0
0 -13 -10 -11 -2
127 128 
NODE 127 8
2dots_tau0
0 -8 -15 -7 0
131 132 
LEAF 131 9
65 classes
1 0.0410933
6 0.108669
17 0.295251
47 0.0388103
48 0.0386569
49 0.0218308
54 0.1433
55 0.112158
56 0.0419751
63 0.158256
-1 -1
LEAF 132 9
65 classes
2 0.104791
17 0.359849
22 0.0574804
33 0.0508316
44 0.0313169
49 0.0912245
52 0.0574804
55 0.12498
59 0.030821
61 0.0912245
-1 -1
NODE 128 8
2dots_tau0
0 13 15 -2 11
129 130 
LEAF 129 9
65 classes
10 0.17274
18 0.0825103
22 0.0950435
32 0.0251398
44 0.155347
47 0.0446931
55 0.0258318
56 0.0966751
59 0.0254811
61 0.276538
-1 -1
LEAF 130 9
65 classes
10 0.415519
19 0.274209
30 0.0510781
48 0.0892353
56 0.096895
63 0.0730632
-1 -1
NODE 120 7
2dots_tau0
0 0 7 -2 -9
121 122 
NODE 121 8
2dots_tau0
0 -2 -11 -6 -11
125 126 
LEAF 125 9
65 classes
54 0.7725
63 0.2275
-1 -1
LEAF 126 9
65 classes
-1 -1
NODE 122 8
2dots_tau0
0 -3 13 5 15
123 124 
LEAF 123 9
65 classes
5 0.345503
49 0.379436
63 0.275061
-1 -1
LEAF 124 9
65 classes
35 0.102513
49 0.4009
55 0.205967
63 0.29062
-1 -1
NODE 104 6
2dots_tau0
0 5 -1 -9 7
105 106 
NODE 105 7
2dots_tau0
0 6 -10 -12 1
113 114 
NODE 113 8
2dots_tau0
0 7 0 0 10
117 118 
LEAF 117 9
65 classes
1 0.0199352
2 0.050183
3 0.0248147
4 0.00593072
7 0.00804165
9 0.10466
10 0.0509387
12 0.0107831
14 0.0440946
16 0.0135302
17 0.00447601
28 0.0233493
30 0.0187851
32 0.00529528
39 0.00512373
40 0.00465154
42 0.0705715
44 0.0490818
45 0.00988453
47 0.0188277
49 0.00529528
50 0.0128001
51 0.00582871
53 0.237972
54 0.0391036
56 0.0356352
59 0.00536716
61 0.111201
63 0.00383865
-1 -1
LEAF 118 9
65 classes
1 0.0554509
2 0.0338393
3 0.0552189
9 0.0184836
10 0.67471
13 0.0209481
21 0.0288782
23 0.0201794
40 0.0172514
45 0.0183296
48 0.0173878
51 0.0108086
52 0.0185616
59 0.00995273
-1 -1
NODE 114 8
2dots_tau0
0 3 -7 -2 4
115 116 
LEAF 115 9
65 classes
7 0.0764143
9 0.157859
10 0.161345
15 0.024881
16 0.0285706
22 0.253639
28 0.118332
42 0.0687787
47 0.0596355
59 0.0170002
61 0.033545
-1 -1
LEAF 116 9
65 classes
9 0.0387284
10 0.311015
14 0.0685305
15 0.030521
22 0.194459
40 0.072293
44 0.0423786
45 0.0384056
51 0.135882
52 0.0388918
53 0.0288945
-1 -1
NODE 106 7
2dots_tau0
0 -3 7 -6 -8
107 108 
NODE 107 8
2dots_tau0
0 11 -11 2 -5
111 112 
LEAF 111 9
65 classes
0 0.0261009
1 0.0912436
3 0.119256
5 0.00551727
7 0.0414076
9 0.0285136
10 0.01249
14 0.131184
19 0.115394
30 0.0122828
40 0.0159676
42 0.00310583
44 0.118564
45 0.124414
50 0.00488219
51 0.00333476
53 0.0042547
56 0.0058251
59 0.030707
61 0.0969463
62 0.00860834
-1 -1
LEAF 112 9
65 classes
1 0.0265135
3 0.0264025
5 0.0256512
7 0.042781
10 0.774258
19 0.0510948
40 0.0247459
59 0.028553
-1 -1
NODE 108 8
2dots_tau0
0 -11 8 -11 -11
109 110 
LEAF 109 9
65 classes
1 0.0518597
5 0.0167244
7 0.376554
14 0.260006
17 0.0155253
19 0.0666268
21 0.00900264
23 0.0188725
30 0.00930816
42 0.028244
51 0.0101086
56 0.0176575
59 0.00930816
61 0.110202
-1 -1
LEAF 110 9
65 classes
5 0.0997675
7 0.249588
14 0.364949
51 0.120603
59 0.0555267
61 0.109566
-1 -1
NODE 72 5
2dots_tau0
0 -7 -1 14 0
73 74 
NODE 73 6
2dots_tau0
0 -14 -7 9 12
89 90 
NODE 89 7
2dots_tau0
0 -10 -12 -6 1
97 98 
NODE 97 8
2dots_tau0
0 -1 -11 -11 -9
101 102 
LEAF 101 9
65 classes
1 0.139674
5 0.270263
15 0.220148
17 0.125443
22 0.140263
53 0.104208
-1 -1
LEAF 102 9
65 classes
1 0.35917
14 0.158889
22 0.180343
40 0.167613
53 0.133985
-1 -1
NODE 98 8
2dots_tau0
0 -12 13 2 13
99 100 
LEAF 99 9
65 classes
0 0.0613694
1 0.134084
5 0.064862
15 0.211338
35 0.182147
40 0.125146
53 0.050019
59 0.0360997
62 0.134935
-1 -1
LEAF 100 9
65 classes
3 0.189387
15 0.149879
27 0.360665
35 0.103341
49 0.101034
62 0.0956943
-1 -1
NODE 90 7
2dots_tau0
0 -4 2 7 -13
91 92 
NODE 91 8
2dots_tau0
0 -10 14 2 -9
95 96 
LEAF 95 9
65 classes
7 0.299269
9 0.123648
23 0.269983
27 0.117244
52 0.124169
61 0.0656878
-1 -1
LEAF 96 9
65 classes
17 0.582116
35 0.176097
53 0.241788
-1 -1
NODE 92 8
2dots_tau0
0 -2 -13 11 -10
93 94 
LEAF 93 9
65 classes
1 0.251683
7 0.270737
24 0.0710564
27 0.0795492
40 0.0783014
48 0.0789203
49 0.0445689
53 0.125184
-1 -1
LEAF 94 9
65 classes
1 0.0325329
5 0.0314749
9 0.0975987
17 0.0876547
24 0.0275545
40 0.030364
45 0.0322618
48 0.0612081
51 0.0190241
53 0.461172
61 0.0864155
62 0.0327392
-1 -1
NODE 74 6
2dots_tau0
0 8 12 -7 13
75 76 
NODE 75 7
2dots_tau0
0 5 -6 -8 -14
83 84 
NODE 83 8
2dots_tau0
0 -4 -11 -8 14
87 88 
LEAF 87 9
65 classes
2 0.0215147
4 0.125861
5 0.0454782
6 0.0207178
9 0.0117517
13 0.0532744
17 0.084435
22 0.141616
23 0.0256597
27 0.0111431
28 0.0110114
30 0.0316392
40 0.0109683
44 0.0321484
45 0.0582689
49 0.0249724
56 0.252082
61 0.0374586
-1 -1
LEAF 88 9
65 classes
1 0.107988
2 0.0266137
5 0.00401833
7 0.00670176
9 0.174443
10 0.0303224
16 0.0150344
17 0.138018
21 0.00216304
22 0.0417093
27 0.0196914
28 0.00389177
30 0.0782757
40 0.112419
42 0.00226204
44 0.0613558
45 0.0288315
47 0.00392266
51 0.0121439
52 0.0208546
53 0.00309878
56 0.0424253
59 0.0044729
61 0.0551624
62 0.00417975
-1 -1
NODE 84 8
2dots_tau0
0 5 5 10 -10
85 86 
LEAF 85 9
65 classes
1 0.0476081
6 0.0419657
7 0.422502
13 0.0539558
14 0.168487
24 0.0806457
28 0.0892183
52 0.0956179
-1 -1
LEAF 86 9
65 classes
1 0.186057
3 0.0102932
7 0.125089
13 0.0234294
14 0.0548718
17 0.00928334
23 0.0225696
30 0.0166974
39 0.00531336
40 0.00964739
42 0.00562948
44 0.237525
48 0.029171
51 0.1088
52 0.0103801
56 0.0844664
59 0.027829
61 0.0329476
-1 -1
NODE 76 7
2dots_tau0
0 0 -11 1 -11
77 78 
NODE 77 8
2dots_tau0
0 -1 5 8 2
81 82 
LEAF 81 9
65 classes
1 0.0622366
5 0.0602126
13 0.0705348
14 0.0550643
15 0.0980947
16 0.0563205
22 0.249997
30 0.033512
44 0.0340513
45 0.0617179
51 0.0363939
53 0.0464335
55 0.101919
59 0.033512
-1 -1
LEAF 82 9
65 classes
0 0.0115445
1 0.0630579
3 0.00627941
5 0.0366044
7 0.111922
9 0.0252232
10 0.0230181
13 0.0142931
14 0.223164
15 0.00496947
17 0.0679598
22 0.0506592
23 0.0550744
40 0.0117708
42 0.0480799
45 0.025013
47 0.0119109
49 0.0200997
51 0.0184371
52 0.0189972
53 0.108207
54 0.0109947
55 0.00344215
56 0.0128822
61 0.0100499
62 0.00634579
-1 -1
NODE 78 8
2dots_tau0
0 7 -13 -7 -3
79 80 
LEAF 79 9
65 classes
0 0.0117578
1 0.122025
2 0.0176367
3 0.0191864
4 0.00764259
5 0.0310674
6 0.00566118
7 0.00518142
9 0.0513788
10 0.0281322
13 0.0436719
14 0.0340933
15 0.00506132
17 0.023072
19 0.00618833
22 0.0128989
23 0.0631039
30 0.0103746
35 0.00348977
40 0.119884
42 0.0804483
44 0.0140553
45 0.114639
47 0.00606555
49 0.00682374
51 0.00751114
52 0.00644944
53 0.11979
54 0.00559897
55 0.00350578
59 0.0103746
62 0.00323154
-1 -1
LEAF 80 9
65 classes
7 0.179459
9 0.0370731
14 0.0328008
16 0.0335491
17 0.0332959
22 0.148918
40 0.103805
42 0.0403817
45 0.257349
51 0.0216791
52 0.111689
-1 -1
NODE 8 4
2dots_tau0
0 0 3 12 13
9 10 
NODE 9 5
2dots_tau0
0 -3 11 1 -5
41 42 
NODE 41 6
2dots_tau0
0 12 14 0 -5
57 58 
NODE 57 7
2dots_tau0
0 -10 3 6 -4
65 66 
NODE 65 8
2dots_tau0
0 -7 -9 9 8
69 70 
LEAF 69 9
65 classes
14 0.548384
15 0.16282
22 0.103738
24 0.0874943
47 0.0975631
-1 -1
LEAF 70 9
65 classes
14 0.239672
15 0.213483
22 0.181355
30 0.145864
35 0.0490653
47 0.17056
-1 -1
NODE 66 8
2dots_tau0
0 2 0 5 0
67 68 
LEAF 67 9
65 classes
14 0.338626
15 0.120649
22 0.307478
24 0.064833
30 0.0824347
51 0.0447618
59 0.0412173
-1 -1
LEAF 68 9
65 classes
14 0.528423
19 0.115098
53 0.356479
-1 -1
NODE 58 7
2dots_tau0
0 8 5 -11 0
59 60 
NODE 59 8
2dots_tau0
0 -2 -12 -6 14
63 64 
LEAF 63 9
65 classes
5 0.0962504
12 0.107625
19 0.287582
22 0.199811
24 0.0842619
41 0.108117
51 0.116352
-1 -1
LEAF 64 9
65 classes
9 0.156426
15 0.123276
22 0.314173
35 0.169997
62 0.236128
-1 -1
NODE 60 8
2dots_tau0
0 0 0 0 10
61 62 
LEAF 61 9
65 classes
0 0.114469
10 0.273882
15 0.0985492
22 0.376732
35 0.0679495
44 0.0684181
-1 -1
LEAF 62 9
65 classes
1 1
-1 -1
NODE 42 6
2dots_tau0
0 5 4 6 4
43 44 
NODE 43 7
2dots_tau0
0 -5 -10 2 10
51 52 
NODE 51 8
2dots_tau0
0 6 -10 -10 13
55 56 
LEAF 55 9
65 classes
1 0.0603919
13 0.0342221
15 0.0713904
19 0.087287
20 0.0465154
28 0.0282938
32 0.0160416
35 0.0492235
42 0.180899
47 0.0285184
49 0.208541
51 0.0706303
53 0.0225286
55 0.0164831
59 0.0325187
63 0.0465154
-1 -1
LEAF 56 9
65 classes
15 0.584299
42 0.242277
51 0.173424
-1 -1
NODE 52 8
2dots_tau0
0 7 9 -3 0
53 54 
LEAF 53 9
65 classes
5 0.0583752
10 0.022025
15 0.0475507
21 0.0157115
22 0.424144
28 0.310951
35 0.016393
53 0.0225083
55 0.0823412
-1 -1
LEAF 54 9
65 classes
19 0.0811553
22 0.338318
28 0.315675
47 0.0795451
51 0.0492515
59 0.136055
-1 -1
NODE 44 7
2dots_tau0
0 -13 -7 -6 6
45 46 
NODE 45 8
2dots_tau0
0 1 -7 11 -3
49 50 
LEAF 49 9
65 classes
15 0.413183
20 0.0673037
22 0.263251
28 0.163755
39 0.0449176
42 0.0475901
-1 -1
LEAF 50 9
65 classes
4 0.0158709
5 0.0387095
10 0.00486837
11 0.0298045
13 0.0226727
14 0.00589996
15 0.0840842
17 0.0539011
18 0.00581351
19 0.0514037
22 0.113842
28 0.118719
39 0.00685568
42 0.374074
47 0.0188939
48 0.0188192
52 0.00669658
55 0.0254808
59 0.0035907
-1 -1
NODE 46 8
2dots_tau0
0 -6 -7 0 10
47 48 
LEAF 47 9
65 classes
19 0.299723
35 0.0724379
40 0.0414743
48 0.0418021
49 0.330498
51 0.155911
59 0.0239275
63 0.0342263
-1 -1
LEAF 48 9
65 classes
10 0.143615
19 0.189549
22 0.197547
59 0.317773
63 0.151516
-1 -1
NODE 10 5
2dots_tau0
0 8 -15 5 11
11 12 
NODE 11 6
2dots_tau0
0 -1 9 8 -15
27 28 
NODE 27 7
2dots_tau0
0 -6 7 -1 -11
35 36 
NODE 35 8
2dots_tau0
0 -10 6 6 0
39 40 
LEAF 39 9
65 classes
0 0.477875
7 0.252707
19 0.100605
44 0.0571253
59 0.0562206
61 0.0554676
-1 -1
LEAF 40 9
65 classes
0 0.239849
19 0.252473
22 0.263126
40 0.244552
-1 -1
NODE 36 8
2dots_tau0
0 0 14 0 -3
37 38 
LEAF 37 9
65 classes
22 0.304019
42 0.16488
51 0.5311
-1 -1
LEAF 38 9
65 classes
5 0.175258
22 0.545741
48 0.0852047
55 0.0494422
61 0.144353
-1 -1
NODE 28 7
2dots_tau0
0 -15 15 12 -15
29 30 
NODE 29 8
2dots_tau0
0 15 -3 -8 15
33 34 
LEAF 33 9
65 classes
1 0.0205584
4 0.0244645
5 0.0397797
7 0.281964
15 0.0162017
17 0.258493
19 0.059428
22 0.144516
42 0.0111966
44 0.0224961
51 0.0360656
52 0.0206452
53 0.0306765
55 0.0224445
59 0.0110699
-1 -1
LEAF 34 9
65 classes
0 0.103161
7 0.0454607
14 0.0498547
15 0.044407
17 0.101214
19 0.0542952
22 0.282931
47 0.159654
48 0.159023
-1 -1
NODE 30 8
2dots_tau0
0 4 3 -9 2
31 32 
LEAF 31 9
65 classes
2 0.00725251
4 0.0659978
5 0.0383263
7 0.0127841
11 0.0619698
13 0.0179586
14 0.0210296
17 0.106735
20 0.00610243
21 0.00825231
22 0.00795634
27 0.00751256
30 0.17918
40 0.00739472
42 0.01726
44 0.00866967
48 0.0149063
49 0.0168362
51 0.0463305
53 0.0945782
55 0.172996
61 0.0799719
-1 -1
LEAF 32 9
65 classes
0 0.00926309
4 0.012042
5 0.00979025
7 0.0489845
10 0.0221632
14 0.0895317
17 0.172678
19 0.0390025
22 0.0304861
23 0.0220954
30 0.0326933
42 0.0110224
44 0.0719753
47 0.00955715
48 0.00951938
49 0.0053759
51 0.100597
55 0.0939056
56 0.0103365
59 0.00544888
61 0.193532
-1 -1
NODE 12 6
2dots_tau0
0 -1 9 0 -1
13 14 
NODE 13 7
2dots_tau0
0 -15 11 15 -15
21 22 
NODE 21 8
2dots_tau0
0 -3 -1 15 9
25 26 
LEAF 25 9
65 classes
1 0.177085
15 0.139557
17 0.159043
40 0.16528
41 0.192449
48 0.166586
-1 -1
LEAF 26 9
65 classes
0 0.123518
3 0.134371
6 0.0396477
7 0.108863
9 0.224892
23 0.0982098
39 0.0231207
45 0.0446036
48 0.0423117
56 0.137831
62 0.0226319
-1 -1
NODE 22 8
2dots_tau0
0 14 0 2 12
23 24 
LEAF 23 9
65 classes
6 0.160157
7 0.0488613
9 0.0605634
19 0.116713
23 0.0661197
44 0.132543
56 0.123726
59 0.130444
61 0.160872
-1 -1
LEAF 24 9
65 classes
53 1
-1 -1
NODE 14 7
2dots_tau0
0 -1 -10 7 -12
15 16 
NODE 15 8
2dots_tau0
0 3 1 5 -13
19 20 
LEAF 19 9
65 classes
6 0.0313402
7 0.315527
14 0.125827
15 0.0140097
17 0.0319315
19 0.0342585
21 0.00925805
22 0.035704
24 0.0150567
28 0.083286
44 0.0194525
51 0.103954
55 0.0582238
56 0.0181585
59 0.00957224
61 0.0944404
-1 -1
LEAF 20 9
65 classes
7 0.2719
14 0.0851943
17 0.17296
18 0.041973
19 0.0927824
22 0.0966973
42 0.0262211
44 0.0263417
51 0.0563077
59 0.129622
-1 -1
NODE 16 8
2dots_tau0
0 -13 7 -9 9
17 18 
LEAF 17 9
65 classes
3 0.0232762
7 0.207435
10 0.0170645
14 0.0206804
17 0.377866
19 0.0675671
21 0.0121729
28 0.13141
42 0.01273
45 0.0231793
51 0.0683418
55 0.0382777
-1 -1
LEAF 18 9
65 classes
5 0.0382549
7 0.44661
14 0.034984
17 0.0355121
19 0.0762
22 0.119123
39 0.040651
44 0.0216338
45 0.0392113
51 0.0231221
56 0.0403893
59 0.0212912
61 0.0630181
-1 -1
