image_size: 32 32
class_number: 65
max_depth:  10
1023
NODE 0 0
2dots_tau0
0 13 11 -4 5
1 2 
NODE 1 1
2dots_tau0
0 11 -5 1 5
513 514 
NODE 513 2
2dots_tau0
0 13 -13 -9 1
769 770 
NODE 769 3
2dots_tau0
0 4 5 -5 -10
897 898 
NODE 897 4
2dots_tau0
0 -11 -9 4 14
961 962 
NODE 961 5
2dots_tau0
0 14 14 -7 -2
993 994 
NODE 993 6
2dots_tau0
0 12 0 3 -6
1009 1010 
NODE 1009 7
2dots_tau0
0 -15 13 13 -1
1017 1018 
NODE 1017 8
2dots_tau0
0 -15 0 4 6
1021 1022 
LEAF 1021 9
65 classes
0 0.0324397
1 0.0354383
3 0.03529
5 0.240001
7 0.0857727
14 0.0627087
17 0.0954828
22 0.142351
23 0.154758
51 0.0414463
61 0.0564798
62 0.0178315
-1 -1
LEAF 1022 9
65 classes
0 0.0530264
17 0.0520259
19 0.0558172
22 0.116345
24 0.0490635
40 0.27033
51 0.372618
61 0.0307742
-1 -1
NODE 1018 8
2dots_tau0
0 -14 -4 -9 15
1019 1020 
LEAF 1019 9
65 classes
1 0.00498855
4 0.00593638
5 0.00965264
6 0.00439732
7 0.0643946
11 0.0111481
13 0.0339222
14 0.0308956
17 0.165771
19 0.0144203
21 0.0831352
22 0.0601152
23 0.0980319
28 0.0186972
30 0.00805843
35 0.00271067
39 0.0230788
42 0.00271688
44 0.00818811
47 0.00942282
48 0.00938558
51 0.0466742
53 0.00372187
55 0.168833
56 0.0152868
59 0.0859566
61 0.0079505
62 0.0025101
-1 -1
LEAF 1020 9
65 classes
1 0.0067338
4 0.0721189
6 0.04155
7 0.086923
13 0.0228949
14 0.0357467
17 0.114907
19 0.0129769
21 0.0350688
22 0.0202866
23 0.0294063
30 0.0217553
35 0.003659
39 0.00692287
40 0.0439941
42 0.0220043
44 0.077369
45 0.00667768
51 0.0551278
55 0.0624884
56 0.0343915
59 0.0870214
61 0.0965879
62 0.00338825
-1 -1
NODE 1010 7
2dots_tau0
0 -7 7 10 -14
1011 1012 
NODE 1011 8
2dots_tau0
0 3 -5 7 -12
1015 1016 
LEAF 1015 9
65 classes
6 0.141352
37 0.154514
51 0.0937713
55 0.437671
59 0.172692
-1 -1
LEAF 1016 9
65 classes
-1 -1
NODE 1012 8
2dots_tau0
0 -15 -10 1 -5
1013 1014 
LEAF 1013 9
65 classes
2 0.187998
5 0.231814
13 0.0387933
17 0.0614838
21 0.0178263
22 0.240617
23 0.0373697
48 0.0322
51 0.0800648
55 0.0186849
56 0.0349639
61 0.0181844
-1 -1
LEAF 1014 9
65 classes
2 0.00339426
5 0.00358743
6 0.0065371
13 0.00840485
15 0.00292221
16 0.0100666
21 0.00965546
22 0.00744733
28 0.0382189
39 0.00190607
40 0.00692164
46 0.764841
49 0.017729
50 0.00317449
51 0.00216833
52 0.00372367
55 0.109302
-1 -1
NODE 994 6
2dots_tau0
0 2 -14 3 10
995 996 
NODE 995 7
2dots_tau0
0 -15 11 -8 -8
1003 1004 
NODE 1003 8
2dots_tau0
0 -11 -9 -2 0
1007 1008 
LEAF 1007 9
65 classes
7 0.159162
22 0.198113
42 0.214887
55 0.21538
59 0.212457
-1 -1
LEAF 1008 9
65 classes
17 0.0474351
20 0.0813611
42 0.46024
49 0.22447
51 0.0617705
53 0.0394053
59 0.0853188
-1 -1
NODE 1004 8
2dots_tau0
0 4 14 8 10
1005 1006 
LEAF 1005 9
65 classes
5 0.550487
21 0.296323
59 0.15319
-1 -1
LEAF 1006 9
65 classes
5 0.0660419
13 0.116045
19 0.0328873
21 0.533249
35 0.018546
39 0.0350892
42 0.0557654
48 0.0321073
59 0.110269
-1 -1
NODE 996 7
2dots_tau0
0 15 6 4 9
997 998 
NODE 997 8
2dots_tau0
0 13 15 -6 -5
1001 1002 
LEAF 1001 9
65 classes
7 0.137584
19 0.164321
45 0.338227
48 0.160424
51 0.199446
-1 -1
LEAF 1002 9
65 classes
19 0.249879
35 0.0939422
42 0.0470786
51 0.0505487
59 0.558552
-1 -1
NODE 998 8
2dots_tau0
0 -13 -6 -7 0
999 1000 
LEAF 999 9
65 classes
7 0.090556
19 0.432616
35 0.0609909
41 0.121982
45 0.111308
50 0.0960936
63 0.0864532
-1 -1
LEAF 1000 9
65 classes
5 0.078315
9 0.404737
19 0.155996
35 0.0439851
45 0.240819
48 0.0761482
-1 -1
NODE 962 5
2dots_tau0
0 3 8 8 2
963 964 
NODE 963 6
2dots_tau0
0 -14 -7 7 -6
979 980 
NODE 979 7
2dots_tau0
0 -15 -6 7 14
987 988 
NODE 987 8
2dots_tau0
0 -8 -4 -9 2
991 992 
LEAF 991 9
65 classes
2 0.111115
44 0.166034
51 0.0709827
59 0.522895
61 0.128973
-1 -1
LEAF 992 9
65 classes
2 0.0612444
5 0.194189
22 0.033594
40 0.0312226
44 0.183029
45 0.0663481
48 0.0314694
51 0.0391242
59 0.324235
61 0.0355436
-1 -1
NODE 988 8
2dots_tau0
0 0 0 6 0
989 990 
LEAF 989 9
65 classes
1 0.0821631
2 0.180506
5 0.0476946
16 0.0148706
30 0.0442416
44 0.404582
51 0.0672647
59 0.115028
61 0.0436491
-1 -1
LEAF 990 9
65 classes
5 0.0664102
23 0.22482
35 0.0372989
40 0.320332
44 0.225337
49 0.0364663
61 0.0364663
63 0.0528703
-1 -1
NODE 980 7
2dots_tau0
0 12 -12 -2 -5
981 982 
NODE 981 8
2dots_tau0
0 2 4 9 5
985 986 
LEAF 985 9
65 classes
2 0.055544
6 0.0133717
9 0.0113772
10 0.0387615
12 0.00820536
13 0.0085961
16 0.384373
17 0.003406
21 0.0118502
22 0.0114252
28 0.00710701
30 0.0122524
32 0.00805884
35 0.0267892
37 0.0328879
39 0.0175449
40 0.0141583
44 0.0186743
45 0.0300863
48 0.0356755
49 0.00402942
50 0.149349
51 0.0110883
52 0.0038084
53 0.0169766
54 0.00661238
55 0.00207016
56 0.0116213
59 0.00612618
61 0.0362648
62 0.00190822
-1 -1
LEAF 986 9
65 classes
1 0.0460452
4 0.0126447
6 0.0218551
9 0.0106258
10 0.00517166
11 0.0158306
12 0.0191587
13 0.0481704
16 0.012821
17 0.00318106
19 0.0102386
21 0.027669
23 0.0502695
24 0.00599987
27 0.0100755
28 0.00331882
30 0.0228864
32 0.00376331
33 0.0157273
37 0.0989735
39 0.0491587
40 0.0826452
44 0.034882
45 0.105373
47 0.0133807
48 0.00666388
49 0.00188165
50 0.0485169
51 0.010356
52 0.0960358
53 0.0396386
55 0.00193344
56 0.0180897
59 0.00572159
61 0.0395148
62 0.0017822
-1 -1
NODE 982 8
2dots_tau0
0 0 3 -9 -13
983 984 
LEAF 983 9
65 classes
5 0.011618
11 0.013418
12 0.0129911
16 0.206474
19 0.011571
21 0.0250156
23 0.0393308
30 0.00646614
32 0.0191386
33 0.0853145
35 0.0130504
37 0.161994
47 0.0113414
48 0.146856
49 0.070175
58 0.15878
59 0.00646614
-1 -1
LEAF 984 9
65 classes
6 0.074606
9 0.0423185
23 0.046201
28 0.0396528
37 0.285436
47 0.359708
48 0.0796191
50 0.0724591
-1 -1
NODE 964 6
2dots_tau0
0 -8 -10 -8 9
965 966 
NODE 965 7
2dots_tau0
0 -15 15 6 15
973 974 
NODE 973 8
2dots_tau0
0 13 -3 -8 10
977 978 
LEAF 977 9
65 classes
1 0.0192088
2 0.0351669
6 0.0169322
13 0.04354
14 0.0169952
16 0.0347658
17 0.0172517
28 0.0359976
30 0.248237
41 0.0208753
42 0.0104616
44 0.0630579
45 0.0190487
47 0.0907083
49 0.0102047
51 0.0561634
53 0.0286627
54 0.0167462
55 0.0419422
59 0.0413728
61 0.132661
-1 -1
LEAF 978 9
65 classes
48 0.557692
53 0.442308
-1 -1
NODE 974 8
2dots_tau0
0 -6 15 -4 -5
975 976 
LEAF 975 9
65 classes
2 0.01364
4 0.0236427
11 0.0388495
13 0.0112584
16 0.0179792
17 0.0223044
19 0.00957195
20 0.00382568
21 0.0569081
22 0.00498791
23 0.0488038
28 0.00465408
30 0.0347687
37 0.0191439
39 0.265534
41 0.0161936
44 0.0217404
45 0.00985113
48 0.0140174
51 0.0174271
52 0.0249396
53 0.0111173
54 0.00866033
55 0.0271132
56 0.136986
58 0.0656742
61 0.0554126
62 0.0149954
-1 -1
LEAF 976 9
65 classes
4 0.014853
6 0.0715142
11 0.062759
13 0.0565827
17 0.100888
18 0.00544064
19 0.00601334
21 0.146254
23 0.047693
30 0.016802
37 0.01804
39 0.128319
41 0.040693
42 0.00679769
45 0.00618873
48 0.0176122
49 0.00663078
50 0.0213712
51 0.0182469
52 0.00626707
54 0.00544064
55 0.0613195
56 0.00637466
58 0.0825164
61 0.0232077
62 0.0125606
63 0.00961356
-1 -1
NODE 966 7
2dots_tau0
0 1 7 -8 -12
967 968 
NODE 967 8
2dots_tau0
0 8 5 -9 8
971 972 
LEAF 971 9
65 classes
1 0.0194724
2 0.0287176
3 0.00430909
4 0.0064367
5 0.00313985
6 0.00286076
9 0.0832985
11 0.0205491
12 0.00585155
13 0.00490415
16 0.00978966
19 0.00208476
21 0.0760573
22 0.0108636
23 0.00944837
27 0.0123092
28 0.0152048
30 0.139219
32 0.0591947
37 0.0166781
39 0.0722912
40 0.0323097
44 0.0952928
45 0.0450569
47 0.0010217
48 0.0122119
49 0.00114941
50 0.0166706
51 0.0196106
52 0.0434545
53 0.0153351
54 0.00471553
55 0.00708628
56 0.0221003
59 0.00524256
61 0.0712635
62 0.00326598
-1 -1
LEAF 972 9
65 classes
1 0.0417786
2 0.00956087
3 0.0312028
9 0.0261116
16 0.0189036
19 0.0704485
22 0.0262218
28 0.00489336
30 0.0112481
37 0.0956087
39 0.00536896
40 0.0146225
44 0.03143
45 0.165722
48 0.201421
49 0.0277436
50 0.0357673
51 0.0122154
52 0.0681767
53 0.0740293
59 0.00562404
61 0.0166462
62 0.00525545
-1 -1
NODE 968 8
2dots_tau0
0 11 -9 8 11
969 970 
LEAF 969 9
65 classes
1 0.0694055
4 0.0353968
6 0.00873996
7 0.0159986
14 0.0175449
17 0.0178097
19 0.0095538
23 0.0108247
30 0.0320333
41 0.0323259
44 0.130195
45 0.00983245
47 0.0468212
48 0.00932723
49 0.0158022
51 0.05798
52 0.0298707
53 0.251513
56 0.131662
61 0.0474065
62 0.0199559
-1 -1
LEAF 970 9
65 classes
1 0.174465
11 0.0324904
14 0.0257266
30 0.0156571
44 0.159091
47 0.109848
51 0.0510106
61 0.41708
62 0.014631
-1 -1
NODE 898 4
2dots_tau0
0 -1 -7 3 5
899 900 
NODE 899 5
2dots_tau0
0 -1 -10 1 -13
931 932 
NODE 931 6
2dots_tau0
0 6 -9 -14 -7
947 948 
NODE 947 7
2dots_tau0
0 0 3 -7 -5
955 956 
NODE 955 8
2dots_tau0
0 14 14 -3 2
959 960 
LEAF 959 9
65 classes
3 0.0111214
4 0.0398704
11 0.037437
13 0.0506291
14 0.0790491
18 0.0292091
21 0.0581625
28 0.0209293
35 0.00606855
39 0.0746314
42 0.0304122
44 0.0122208
47 0.0316432
48 0.0630362
49 0.0237324
50 0.00956125
51 0.058777
53 0.00833237
55 0.0670603
56 0.0570392
61 0.225458
62 0.00561951
-1 -1
LEAF 960 9
65 classes
17 0.0476341
20 0.0408513
21 0.0276215
28 0.198788
32 0.0563529
37 0.153316
42 0.086657
48 0.0997869
49 0.169059
51 0.0620297
55 0.0579038
-1 -1
NODE 956 8
2dots_tau0
0 1 5 -3 -11
957 958 
LEAF 957 9
65 classes
3 0.188408
7 0.152642
17 0.169922
21 0.0985326
48 0.177982
51 0.110637
59 0.101876
-1 -1
LEAF 958 9
65 classes
3 0.0187192
4 0.0447388
5 0.00909326
10 0.00686178
11 0.0315062
13 0.138477
14 0.0332631
17 0.00844129
20 0.0217179
23 0.0615672
27 0.00891212
28 0.00880686
33 0.0083468
42 0.230349
45 0.00932059
47 0.0266303
50 0.0563259
51 0.0274809
52 0.00943857
56 0.105607
58 0.124275
59 0.0101219
-1 -1
NODE 948 7
2dots_tau0
0 8 -3 6 2
949 950 
NODE 949 8
2dots_tau0
0 -15 15 4 -13
953 954 
LEAF 953 9
65 classes
5 0.0620409
7 0.113819
10 0.00936323
14 0.419849
15 0.0101073
19 0.012358
22 0.0257588
30 0.00690592
42 0.132714
44 0.0280682
48 0.0120649
51 0.0524985
52 0.0128794
59 0.00690592
61 0.0817611
62 0.0129066
-1 -1
LEAF 954 9
65 classes
3 0.019752
5 0.11514
7 0.112018
32 0.0105374
42 0.0756182
45 0.0196697
52 0.0597562
56 0.0202607
58 0.524527
59 0.0427216
-1 -1
NODE 950 8
2dots_tau0
0 0 -5 2 0
951 952 
LEAF 951 9
65 classes
1 0.0996944
14 0.0882055
18 0.0869131
23 0.217681
51 0.116596
52 0.100115
59 0.161045
61 0.0529627
63 0.0767873
-1 -1
LEAF 952 9
65 classes
7 0.222736
14 0.122132
42 0.0751799
48 0.129856
55 0.376761
61 0.0733339
-1 -1
NODE 932 6
2dots_tau0
0 10 -11 10 -13
933 934 
NODE 933 7
2dots_tau0
0 -2 -13 13 5
941 942 
NODE 941 8
2dots_tau0
0 11 -4 4 0
945 946 
LEAF 945 9
65 classes
3 0.0105885
4 0.0632664
7 0.0085785
10 0.00776275
11 0.0356431
13 0.277167
14 0.0188153
15 0.00837966
17 0.00954965
20 0.0245695
21 0.0110751
23 0.116085
33 0.0188855
42 0.162147
44 0.0058176
47 0.0200846
48 0.0300078
49 0.0112976
51 0.0435248
52 0.0427115
53 0.0079331
56 0.0325836
59 0.0171764
61 0.00564879
62 0.0107005
-1 -1
LEAF 946 9
65 classes
13 0.416608
21 0.0136742
22 0.0263676
23 0.0286657
28 0.0246029
39 0.0269941
42 0.0858003
47 0.223183
49 0.0278979
50 0.0674366
53 0.0587692
-1 -1
NODE 942 8
2dots_tau0
0 -4 0 -2 -15
943 944 
LEAF 943 9
65 classes
1 0.012226
4 0.0145489
5 0.0118284
7 0.138091
14 0.0757193
17 0.0549016
18 0.0106585
20 0.00941677
21 0.0318357
27 0.0115928
37 0.0117805
39 0.0125693
44 0.0735807
47 0.161655
48 0.0115011
51 0.0357467
53 0.0364863
55 0.0200214
58 0.161655
59 0.0197497
61 0.0844357
-1 -1
LEAF 944 9
65 classes
3 0.026305
4 0.188607
6 0.00776161
7 0.0142077
10 0.019285
11 0.108225
13 0.00997922
14 0.1636
17 0.0395403
21 0.0733702
22 0.00884234
23 0.028839
39 0.0135786
42 0.028773
44 0.0192702
45 0.00873182
47 0.024948
51 0.0205959
52 0.0442117
53 0.00656939
55 0.019226
58 0.116424
61 0.00467776
62 0.00443052
-1 -1
NODE 934 7
2dots_tau0
0 -14 0 9 -7
935 936 
NODE 935 8
2dots_tau0
0 6 3 -4 0
939 940 
LEAF 939 9
65 classes
7 0.11678
19 0.139474
52 0.290717
53 0.215988
55 0.237041
-1 -1
LEAF 940 9
65 classes
1 0.121544
5 0.0587955
7 0.0490295
14 0.32261
19 0.0585575
42 0.0992932
45 0.0602654
47 0.0573957
51 0.106612
55 0.0331736
59 0.0327233
-1 -1
NODE 936 8
2dots_tau0
0 -7 7 -12 4
937 938 
LEAF 937 9
65 classes
1 0.00961785
3 0.0191552
4 0.045781
11 0.0859737
13 0.305206
14 0.0340379
16 0.00870361
17 0.0172758
20 0.00740792
21 0.070124
23 0.0840018
27 0.0364789
39 0.0247197
42 0.0104762
44 0.0105244
47 0.0635847
48 0.0180952
50 0.016468
51 0.0618662
52 0.00965843
59 0.00517884
61 0.0459854
62 0.00967885
-1 -1
LEAF 938 9
65 classes
3 0.00999356
4 0.191077
7 0.016193
11 0.134561
13 0.147857
14 0.0355162
17 0.0270392
20 0.0231889
21 0.0627167
22 0.0100779
23 0.0219125
24 0.00849986
30 0.00540376
37 0.00966988
39 0.0206347
42 0.0601214
47 0.018956
48 0.00944056
49 0.00533139
50 0.00859159
51 0.0234738
52 0.0705453
53 0.0149747
55 0.0219125
56 0.0102509
59 0.00540376
61 0.0266569
-1 -1
NODE 900 5
2dots_tau0
0 12 11 5 0
901 902 
NODE 901 6
2dots_tau0
0 -1 7 10 9
917 918 
NODE 917 7
2dots_tau0
0 8 15 5 0
925 926 
NODE 925 8
2dots_tau0
0 -1 2 -14 -5
929 930 
LEAF 929 9
65 classes
21 0.192659
22 0.185749
51 0.432654
56 0.188938
-1 -1
LEAF 930 9
65 classes
14 0.723345
23 0.111571
59 0.165085
-1 -1
NODE 926 8
2dots_tau0
0 -14 2 0 -11
927 928 
LEAF 927 9
65 classes
14 0.495071
23 0.20363
59 0.301299
-1 -1
LEAF 928 9
65 classes
21 0.236894
30 0.0612334
35 0.308963
49 0.0604133
51 0.332496
-1 -1
NODE 918 7
2dots_tau0
0 -3 -15 1 4
919 920 
NODE 919 8
2dots_tau0
0 14 0 -15 -12
923 924 
LEAF 923 9
65 classes
1 0.0354704
4 0.00844196
6 0.0125066
7 0.0228934
14 0.294998
17 0.00637129
21 0.014778
22 0.014248
23 0.116174
28 0.00664721
35 0.0308382
39 0.00364663
44 0.0465763
47 0.00669997
51 0.0207419
52 0.0641161
55 0.0116174
56 0.260867
59 0.0114597
61 0.00376873
62 0.00713908
-1 -1
LEAF 924 9
65 classes
7 0.080407
14 0.352715
18 0.0868867
22 0.100085
28 0.140079
51 0.0582803
56 0.0509014
59 0.080498
62 0.0501481
-1 -1
NODE 920 8
2dots_tau0
0 -9 15 6 3
921 922 
LEAF 921 9
65 classes
1 0.0489709
7 0.118526
21 0.0127517
23 0.0801954
30 0.0263689
37 0.0235933
44 0.267933
51 0.0572731
52 0.0245888
55 0.0133659
59 0.0922913
61 0.234142
-1 -1
LEAF 922 9
65 classes
7 0.022579
14 0.0247613
17 0.0251351
21 0.0874503
23 0.0305541
30 0.0904181
35 0.0152073
39 0.0143862
44 0.0765609
49 0.0148678
51 0.0327312
52 0.0281046
55 0.106939
56 0.0571742
59 0.165766
61 0.193282
62 0.014082
-1 -1
NODE 902 6
2dots_tau0
0 -8 0 2 2
903 904 
NODE 903 7
2dots_tau0
0 11 13 -11 -7
911 912 
NODE 911 8
2dots_tau0
0 -3 -14 -11 -9
915 916 
LEAF 915 9
65 classes
6 0.174327
21 0.205988
35 0.107462
44 0.108203
56 0.40402
-1 -1
LEAF 916 9
65 classes
56 1
-1 -1
NODE 912 8
2dots_tau0
0 13 1 -7 -6
913 914 
LEAF 913 9
65 classes
14 0.922434
21 0.0775663
-1 -1
LEAF 914 9
65 classes
14 1
-1 -1
NODE 904 7
2dots_tau0
0 2 -7 -11 13
905 906 
NODE 905 8
2dots_tau0
0 -15 7 10 7
909 910 
LEAF 909 9
65 classes
22 0.381191
23 0.414414
59 0.204394
-1 -1
LEAF 910 9
65 classes
9 0.037465
11 0.0418622
13 0.169841
21 0.195113
30 0.0403469
35 0.0814307
39 0.0385169
41 0.0407153
47 0.0353836
49 0.0398065
53 0.279519
-1 -1
NODE 906 8
2dots_tau0
0 -8 8 -2 12
907 908 
LEAF 907 9
65 classes
30 0.162424
53 0.675153
59 0.162424
-1 -1
LEAF 908 9
65 classes
7 0.0446825
14 0.0490013
22 0.0556175
28 0.10379
40 0.0516915
42 0.0301632
47 0.0523069
53 0.413208
56 0.169717
59 0.029822
-1 -1
NODE 770 3
2dots_tau0
0 10 7 2 7
771 772 
NODE 771 4
2dots_tau0
0 -5 2 12 -7
835 836 
NODE 835 5
2dots_tau0
0 -6 -12 12 6
867 868 
NODE 867 6
2dots_tau0
0 -13 0 -4 -6
883 884 
NODE 883 7
2dots_tau0
0 9 5 1 4
891 892 
NODE 891 8
2dots_tau0
0 10 -12 -13 -3
895 896 
LEAF 895 9
65 classes
1 0.343856
5 0.332674
48 0.32347
-1 -1
LEAF 896 9
65 classes
1 0.0744554
3 0.148288
7 0.240276
17 0.0668694
28 0.139531
40 0.0694917
41 0.080915
48 0.140082
59 0.0400914
-1 -1
NODE 892 8
2dots_tau0
0 12 1 1 -15
893 894 
LEAF 893 9
65 classes
15 0.279532
41 0.385473
47 0.334995
-1 -1
LEAF 894 9
65 classes
47 0.287633
51 0.712367
-1 -1
NODE 884 7
2dots_tau0
0 4 -12 -1 -7
885 886 
NODE 885 8
2dots_tau0
0 0 5 5 -5
889 890 
LEAF 889 9
65 classes
3 0.344502
7 0.279105
35 0.187982
42 0.188412
-1 -1
LEAF 890 9
65 classes
3 0.57811
6 0.085289
27 0.0917452
41 0.105151
48 0.0910199
62 0.0486851
-1 -1
NODE 886 8
2dots_tau0
0 -8 -11 -10 -12
887 888 
LEAF 887 9
65 classes
3 0.376616
18 0.164856
35 0.102753
48 0.355776
-1 -1
LEAF 888 9
65 classes
3 0.85585
62 0.14415
-1 -1
NODE 868 6
2dots_tau0
0 0 -8 0 -8
869 870 
NODE 869 7
2dots_tau0
0 3 -9 0 -15
877 878 
NODE 877 8
2dots_tau0
0 13 -11 14 -7
881 882 
LEAF 881 9
65 classes
1 0.163452
7 0.0439565
17 0.146798
18 0.0474988
27 0.206648
35 0.0296054
40 0.101703
47 0.154371
48 0.0512536
52 0.0547138
-1 -1
LEAF 882 9
65 classes
1 0.02253
3 0.0112179
4 0.20108
6 0.00992988
7 0.0636186
9 0.02253
10 0.00822414
11 0.339854
16 0.0101942
17 0.040469
18 0.00982076
22 0.0113125
27 0.0320446
30 0.0121315
35 0.0122423
37 0.0108545
39 0.0521158
40 0.021028
45 0.0111711
47 0.0106392
50 0.0192883
52 0.0113125
54 0.00982076
56 0.0345202
59 0.00606577
61 0.00598453
-1 -1
NODE 878 8
2dots_tau0
0 -7 5 -1 11
879 880 
LEAF 879 9
65 classes
1 0.137
3 0.181902
4 0.0271716
5 0.0441814
6 0.0201271
7 0.239478
17 0.0615206
22 0.114648
35 0.0124071
40 0.0426221
41 0.0248142
47 0.0215647
51 0.0267043
52 0.0458592
-1 -1
LEAF 880 9
65 classes
1 0.0811866
3 0.323388
4 0.16102
5 0.0261821
7 0.0218332
11 0.060477
23 0.029545
27 0.102642
35 0.014705
45 0.0536733
49 0.0143768
51 0.0158251
52 0.0815291
62 0.0136169
-1 -1
NODE 870 7
2dots_tau0
0 -13 -1 3 6
871 872 
NODE 871 8
2dots_tau0
0 -6 8 -15 0
875 876 
LEAF 875 9
65 classes
-1 -1
LEAF 876 9
65 classes
-1 -1
NODE 872 8
2dots_tau0
0 14 6 -6 -15
873 874 
LEAF 873 9
65 classes
-1 -1
LEAF 874 9
65 classes
-1 -1
NODE 836 5
2dots_tau0
0 7 -2 15 -2
837 838 
NODE 837 6
2dots_tau0
0 -8 7 13 -4
853 854 
NODE 853 7
2dots_tau0
0 14 -12 14 11
861 862 
NODE 861 8
2dots_tau0
0 -15 -13 11 -5
865 866 
LEAF 865 9
65 classes
5 1
-1 -1
LEAF 866 9
65 classes
5 0.0522335
9 0.0539893
28 0.101177
39 0.0277526
47 0.764848
-1 -1
NODE 862 8
2dots_tau0
0 -2 6 -3 2
863 864 
LEAF 863 9
65 classes
1 0.172528
5 0.111278
7 0.0309316
22 0.211758
28 0.107774
35 0.0208329
40 0.0715673
47 0.162943
48 0.0360665
51 0.0112099
53 0.0143022
56 0.0391624
62 0.0096457
-1 -1
LEAF 864 9
65 classes
1 0.137981
9 0.0551924
17 0.049569
19 0.0265907
22 0.0831379
27 0.0261669
28 0.0775735
35 0.0449856
40 0.0257564
47 0.417009
53 0.041178
59 0.0148595
-1 -1
NODE 854 7
2dots_tau0
0 11 5 12 0
855 856 
NODE 855 8
2dots_tau0
0 8 -7 2 -12
859 860 
LEAF 859 9
65 classes
1 0.108139
3 0.00828359
4 0.0791911
5 0.0241436
6 0.014665
7 0.00671111
11 0.0836525
12 0.00899899
15 0.00655555
16 0.0150553
17 0.112063
19 0.0240459
22 0.016707
27 0.0473253
28 0.0623552
30 0.00447913
35 0.00452004
37 0.0160306
40 0.108694
41 0.0271202
42 0.00453038
48 0.039126
49 0.0132574
51 0.00486432
53 0.0062062
56 0.13595
59 0.00895827
62 0.00837115
-1 -1
LEAF 860 9
65 classes
1 0.0225024
3 0.0224082
5 0.0653118
6 0.0991772
9 0.0225024
17 0.0202097
20 0.0346639
22 0.0451947
27 0.170695
37 0.130095
40 0.0630067
45 0.0446297
47 0.0212523
48 0.0211683
53 0.0671545
56 0.137912
59 0.0121167
-1 -1
NODE 856 8
2dots_tau0
0 12 -13 1 -7
857 858 
LEAF 857 9
65 classes
1 0.0355396
3 0.0353909
7 0.11469
20 0.0273735
22 0.142758
27 0.0336989
28 0.0333009
30 0.0191367
35 0.0772458
40 0.0663406
41 0.0772458
51 0.0207824
53 0.0795463
56 0.217813
59 0.0191367
-1 -1
LEAF 858 9
65 classes
1 0.0246919
3 0.0307357
4 0.0661124
6 0.0816203
7 0.0348615
11 0.124155
12 0.0200341
15 0.0243239
16 0.0111724
17 0.199585
18 0.00538156
22 0.0371941
27 0.046826
28 0.0751935
35 0.0100628
37 0.0178441
40 0.0230457
47 0.0408101
49 0.00327939
53 0.00460553
55 0.0202179
56 0.088276
59 0.00997171
-1 -1
NODE 838 6
2dots_tau0
0 7 -12 14 -8
839 840 
NODE 839 7
2dots_tau0
0 12 -7 -10 7
847 848 
NODE 847 8
2dots_tau0
0 -3 -10 6 -11
851 852 
LEAF 851 9
65 classes
1 0.0724527
3 0.144299
4 0.0862187
19 0.279251
27 0.0687002
45 0.0718489
48 0.204471
52 0.0727584
-1 -1
LEAF 852 9
65 classes
1 0.0528482
3 0.0175424
4 0.230594
7 0.0142123
11 0.206679
12 0.00952869
17 0.12657
21 0.00917423
22 0.0088452
27 0.0334074
37 0.0169742
39 0.0905534
40 0.0411042
44 0.00481911
45 0.00873464
48 0.0331433
52 0.0265356
55 0.00961611
56 0.0179941
61 0.0233963
62 0.0177278
-1 -1
NODE 848 8
2dots_tau0
0 13 -9 -5 -3
849 850 
LEAF 849 9
65 classes
1 0.0688169
3 0.102793
5 0.133158
7 0.1388
14 0.0304431
17 0.0618053
22 0.276429
40 0.0321145
47 0.0649937
52 0.0345536
55 0.0375652
59 0.0185276
-1 -1
LEAF 850 9
65 classes
1 0.265788
3 0.0529353
4 0.126515
7 0.12866
17 0.238708
39 0.0546502
47 0.0502045
56 0.0542984
61 0.02824
-1 -1
NODE 840 7
2dots_tau0
0 -14 -11 4 13
841 842 
NODE 841 8
2dots_tau0
0 -11 12 12 -14
845 846 
LEAF 845 9
65 classes
1 0.0153588
2 0.0070296
4 0.0365539
5 0.00742965
7 0.600971
14 0.0271776
15 0.00605197
17 0.0965575
19 0.0369979
22 0.123389
45 0.0076154
48 0.0144482
55 0.0125759
56 0.00784418
-1 -1
LEAF 846 9
65 classes
3 0.163616
4 0.146641
7 0.165696
17 0.147563
19 0.158317
21 0.0213918
23 0.0448443
45 0.0407336
55 0.0448443
59 0.0663533
-1 -1
NODE 842 8
2dots_tau0
0 -12 -10 2 12
843 844 
LEAF 843 9
65 classes
1 0.0376059
3 0.112346
4 0.313257
7 0.091019
14 0.0665442
17 0.135097
19 0.0724712
45 0.074585
56 0.0768257
59 0.0202493
-1 -1
LEAF 844 9
65 classes
1 0.0417371
4 0.0794675
5 0.0242279
6 0.0147162
9 0.00834743
11 0.0839445
14 0.0221564
17 0.00749693
19 0.0160865
21 0.00434724
23 0.036453
32 0.00443457
35 0.00453582
39 0.128727
40 0.0155819
44 0.0137013
45 0.0910565
47 0.0473021
48 0.0471151
49 0.00886914
50 0.0142927
51 0.0244065
52 0.226331
56 0.00852655
61 0.0177383
62 0.00840037
-1 -1
NODE 772 4
2dots_tau0
0 3 15 -1 -9
773 774 
NODE 773 5
2dots_tau0
0 -13 -13 -2 -5
805 806 
NODE 805 6
2dots_tau0
0 3 -7 0 -4
821 822 
NODE 821 7
2dots_tau0
0 -11 -3 14 9
829 830 
NODE 829 8
2dots_tau0
0 -3 1 -3 -10
833 834 
LEAF 833 9
65 classes
5 0.148708
6 0.0677449
17 0.0460154
22 0.257259
28 0.456078
47 0.0241946
-1 -1
LEAF 834 9
65 classes
5 0.0683481
6 0.0622727
22 0.0709436
28 0.330977
41 0.0767746
47 0.266883
53 0.0527073
62 0.0710936
-1 -1
NODE 830 8
2dots_tau0
0 14 -8 -15 -7
831 832 
LEAF 831 9
65 classes
2 0.0530836
5 0.0561046
11 0.0647969
16 0.314868
20 0.0223329
22 0.0291176
28 0.21735
47 0.109538
49 0.0154037
52 0.0291176
53 0.0432656
56 0.0296175
61 0.0154037
-1 -1
LEAF 832 9
65 classes
5 0.151122
6 0.0458962
15 0.041033
22 0.15686
27 0.0493704
47 0.0491745
48 0.0489801
49 0.0276606
53 0.271924
56 0.0531844
62 0.104795
-1 -1
NODE 822 7
2dots_tau0
0 -7 -3 -10 -6
823 824 
NODE 823 8
2dots_tau0
0 -13 -13 -1 7
827 828 
LEAF 827 9
65 classes
3 0.408792
28 0.384651
62 0.206557
-1 -1
LEAF 828 9
65 classes
15 0.153334
16 0.352143
48 0.183031
49 0.103363
59 0.104766
61 0.103363
-1 -1
NODE 824 8
2dots_tau0
0 -10 11 -13 14
825 826 
LEAF 825 9
65 classes
5 0.151797
22 0.420165
28 0.343038
35 0.0568374
59 0.0281615
-1 -1
LEAF 826 9
65 classes
15 0.0309294
16 0.0710317
17 0.0352478
22 0.394121
28 0.25742
40 0.0366301
48 0.0369196
51 0.1377
-1 -1
NODE 806 6
2dots_tau0
0 11 8 0 -11
807 808 
NODE 807 7
2dots_tau0
0 -12 2 6 -4
815 816 
NODE 815 8
2dots_tau0
0 13 5 -15 -4
819 820 
LEAF 819 9
65 classes
0 0.476861
52 0.523139
-1 -1
LEAF 820 9
65 classes
10 0.404022
59 0.595978
-1 -1
NODE 816 8
2dots_tau0
0 -3 -2 -1 -8
817 818 
LEAF 817 9
65 classes
6 0.0429924
11 0.0544974
15 0.0768738
16 0.26482
17 0.0876071
18 0.0425199
19 0.0469957
27 0.0462468
28 0.182802
35 0.0530043
49 0.0518212
56 0.0498195
-1 -1
LEAF 818 9
65 classes
6 0.117385
11 0.0495994
12 0.144064
16 0.0803396
28 0.291152
37 0.0855438
49 0.117909
50 0.114007
-1 -1
NODE 808 7
2dots_tau0
0 -10 7 5 7
809 810 
NODE 809 8
2dots_tau0
0 10 15 1 2
813 814 
LEAF 813 9
65 classes
0 0.425968
28 0.218015
30 0.125285
45 0.230733
-1 -1
LEAF 814 9
65 classes
28 1
-1 -1
NODE 810 8
2dots_tau0
0 -10 4 -4 -5
811 812 
LEAF 811 9
65 classes
6 0.119655
35 0.0737602
48 0.383086
56 0.277313
59 0.146185
-1 -1
LEAF 812 9
65 classes
6 0.546962
11 0.138666
12 0.134254
27 0.117673
62 0.0624439
-1 -1
NODE 774 5
2dots_tau0
0 -2 -1 8 -15
775 776 
NODE 775 6
2dots_tau0
0 -8 2 14 -8
791 792 
NODE 791 7
2dots_tau0
0 -14 0 -9 -3
799 800 
NODE 799 8
2dots_tau0
0 14 -10 -14 1
803 804 
LEAF 803 9
65 classes
49 1
-1 -1
LEAF 804 9
65 classes
0 0.0280115
1 0.0306008
6 0.0539481
7 0.0246881
12 0.0331045
15 0.168811
16 0.027692
17 0.054966
20 0.0235696
22 0.0614599
28 0.0286732
35 0.0166278
40 0.142804
47 0.202305
49 0.0325134
56 0.0312575
62 0.0153975
63 0.0235696
-1 -1
NODE 800 8
2dots_tau0
0 7 0 15 0
801 802 
LEAF 801 9
65 classes
22 0.330959
27 0.3125
35 0.179081
59 0.17746
-1 -1
LEAF 802 9
65 classes
47 1
-1 -1
NODE 792 7
2dots_tau0
0 -4 0 -4 -8
793 794 
NODE 793 8
2dots_tau0
0 2 5 -15 -2
797 798 
LEAF 797 9
65 classes
6 0.0561577
15 0.301243
16 0.172957
19 0.0613869
28 0.11939
37 0.122774
45 0.0631774
59 0.102913
-1 -1
LEAF 798 9
65 classes
5 0.113304
19 0.169267
22 0.0588031
28 0.603542
48 0.0550843
-1 -1
NODE 794 8
2dots_tau0
0 -13 13 -2 -2
795 796 
LEAF 795 9
65 classes
5 0.287698
6 0.131062
48 0.279738
56 0.151875
62 0.149627
-1 -1
LEAF 796 9
65 classes
15 0.170673
16 0.0979912
17 0.0972516
22 0.108741
28 0.30439
37 0.104339
59 0.116614
-1 -1
NODE 776 6
2dots_tau0
0 2 5 15 -6
777 778 
NODE 777 7
2dots_tau0
0 7 3 -15 0
785 786 
NODE 785 8
2dots_tau0
0 14 -5 10 -2
789 790 
LEAF 789 9
65 classes
5 0.551095
15 0.448905
-1 -1
LEAF 790 9
65 classes
5 0.0991064
15 0.0807291
19 0.0987052
33 0.0909708
40 0.191217
52 0.20574
62 0.154631
63 0.0789003
-1 -1
NODE 786 8
2dots_tau0
0 9 -12 -3 11
787 788 
LEAF 787 9
65 classes
3 0.192545
20 0.148927
22 0.19417
28 0.181175
40 0.180464
49 0.102719
-1 -1
LEAF 788 9
65 classes
0 1
-1 -1
NODE 778 7
2dots_tau0
0 -8 0 4 2
779 780 
NODE 779 8
2dots_tau0
0 -13 8 -9 1
783 784 
LEAF 783 9
65 classes
5 0.506024
47 0.493976
-1 -1
LEAF 784 9
65 classes
-1 -1
NODE 780 8
2dots_tau0
0 11 -13 2 -9
781 782 
LEAF 781 9
65 classes
0 0.477912
9 0.522088
-1 -1
LEAF 782 9
65 classes
5 0.162856
6 0.14838
13 0.190774
40 0.314216
55 0.183773
-1 -1
NODE 514 2
2dots_tau0
0 12 6 -14 1
515 516 
NODE 515 3
2dots_tau0
0 -15 4 13 -3
643 644 
NODE 643 4
2dots_tau0
0 5 15 -15 -8
707 708 
NODE 707 5
2dots_tau0
0 -15 -10 -11 14
739 740 
NODE 739 6
2dots_tau0
0 14 -6 4 -12
755 756 
NODE 755 7
2dots_tau0
0 3 -2 -3 -15
763 764 
NODE 763 8
2dots_tau0
0 -9 -8 -13 2
767 768 
LEAF 767 9
65 classes
20 0.858044
24 0.0673959
28 0.0745601
-1 -1
LEAF 768 9
65 classes
5 0.0875361
9 0.0452393
16 0.0409389
18 0.157757
20 0.348445
24 0.076633
45 0.0897245
51 0.0264544
54 0.0788787
59 0.0243596
61 0.0240334
-1 -1
NODE 764 8
2dots_tau0
0 5 -8 -11 14
765 766 
LEAF 765 9
65 classes
20 0.255002
24 0.701028
61 0.0439707
-1 -1
LEAF 766 9
65 classes
5 0.158187
7 0.263824
18 0.285084
24 0.138484
47 0.154421
-1 -1
NODE 756 7
2dots_tau0
0 -7 11 14 2
757 758 
NODE 757 8
2dots_tau0
0 -14 12 -2 -10
761 762 
LEAF 761 9
65 classes
2 0.048916
3 0.0532141
20 0.0823183
24 0.452604
41 0.0580738
48 0.0502694
49 0.0283888
53 0.0398689
54 0.186347
-1 -1
LEAF 762 9
65 classes
2 0.0146058
3 0.0953352
4 0.0569628
11 0.0178287
18 0.542503
27 0.0756478
35 0.00867013
41 0.0520208
49 0.0254298
51 0.00933051
54 0.0695516
62 0.0321143
-1 -1
NODE 758 8
2dots_tau0
0 7 9 -15 -4
759 760 
LEAF 759 9
65 classes
2 0.0119581
3 0.0260176
4 0.0259092
6 0.0844448
7 0.00702622
11 0.0145967
16 0.00788112
17 0.066484
18 0.277124
19 0.00419582
20 0.251546
24 0.0663865
41 0.00946454
42 0.00237155
45 0.0043182
47 0.00822514
49 0.0948461
50 0.00372794
53 0.0097464
54 0.00759244
55 0.00237699
59 0.00937889
62 0.0043821
-1 -1
LEAF 760 9
65 classes
2 0.31558
16 0.15599
24 0.0729989
28 0.0807586
41 0.0936652
55 0.18819
59 0.0928176
-1 -1
NODE 740 6
2dots_tau0
0 -15 -6 0 3
741 742 
NODE 741 7
2dots_tau0
0 -5 -14 -6 -2
749 750 
NODE 749 8
2dots_tau0
0 -13 12 3 15
753 754 
LEAF 753 9
65 classes
3 0.149656
18 0.131018
19 0.289618
23 0.164073
53 0.112125
56 0.15351
-1 -1
LEAF 754 9
65 classes
2 0.106802
3 0.522837
6 0.102846
22 0.0585832
23 0.0636891
28 0.0546623
56 0.059589
61 0.0309916
-1 -1
NODE 750 8
2dots_tau0
0 11 1 -7 4
751 752 
LEAF 751 9
65 classes
3 0.15924
7 0.0645059
9 0.15991
10 0.0583719
19 0.0770415
27 0.0758137
45 0.0792885
52 0.240876
61 0.084952
-1 -1
LEAF 752 9
65 classes
3 0.258255
5 0.250906
27 0.245908
47 0.244932
-1 -1
NODE 742 7
2dots_tau0
0 7 7 0 0
743 744 
NODE 743 8
2dots_tau0
0 5 13 0 -6
747 748 
LEAF 747 9
65 classes
1 0.0117961
3 0.0469868
4 0.0280746
6 0.093582
9 0.0117961
10 0.155013
11 0.0790834
12 0.0127612
18 0.123405
21 0.00614324
23 0.051513
27 0.0447404
33 0.0314268
35 0.00640973
40 0.0110097
44 0.00645393
47 0.0557036
50 0.0302963
51 0.00689794
52 0.0473833
53 0.00880082
54 0.102837
61 0.0188
63 0.00908563
-1 -1
LEAF 748 9
65 classes
12 0.0886167
27 0.077672
41 0.133532
54 0.678421
61 0.0217586
-1 -1
NODE 744 8
2dots_tau0
0 9 -15 5 -5
745 746 
LEAF 745 9
65 classes
3 0.0377655
7 0.0917895
18 0.0661243
22 0.0380842
24 0.0321209
28 0.0355353
48 0.0356757
51 0.0443536
53 0.0282946
54 0.528994
59 0.0612622
-1 -1
LEAF 746 9
65 classes
10 0.661423
12 0.0326703
15 0.0118998
24 0.0127891
27 0.0572706
37 0.0145495
44 0.0165229
47 0.0142608
49 0.00802172
51 0.0176596
54 0.144802
59 0.00813061
-1 -1
NODE 708 5
2dots_tau0
0 -8 -10 8 13
709 710 
NODE 709 6
2dots_tau0
0 -13 -11 -8 12
725 726 
NODE 725 7
2dots_tau0
0 14 9 -1 5
733 734 
NODE 733 8
2dots_tau0
0 4 7 15 -14
737 738 
LEAF 737 9
65 classes
5 0.184231
7 0.05121
9 0.0211582
15 0.216767
20 0.277042
22 0.042495
28 0.0793016
45 0.0209819
47 0.0599483
51 0.0123726
55 0.0230993
59 0.0113929
-1 -1
LEAF 738 9
65 classes
5 0.0948196
7 0.15814
14 0.0867124
15 0.0772372
41 0.10651
55 0.374494
59 0.0527729
62 0.0493142
-1 -1
NODE 734 8
2dots_tau0
0 -13 4 6 -3
735 736 
LEAF 735 9
65 classes
5 0.0912372
15 0.074319
20 0.145271
22 0.189404
28 0.0883636
47 0.35626
51 0.0551458
-1 -1
LEAF 736 9
65 classes
15 0.639983
20 0.0568622
41 0.0802303
48 0.0694483
59 0.0397521
63 0.113724
-1 -1
NODE 726 7
2dots_tau0
0 3 -2 11 13
727 728 
NODE 727 8
2dots_tau0
0 -2 -15 -10 10
731 732 
LEAF 731 9
65 classes
5 0.409695
22 0.283502
41 0.306803
-1 -1
LEAF 732 9
65 classes
5 0.562979
9 0.0447618
14 0.0396033
15 0.0705517
22 0.0899013
28 0.167769
55 0.0244342
-1 -1
NODE 728 8
2dots_tau0
0 -8 12 11 8
729 730 
LEAF 729 9
65 classes
7 0.286393
40 0.331317
59 0.382289
-1 -1
LEAF 730 9
65 classes
5 0.643308
7 0.134113
22 0.222579
-1 -1
NODE 710 6
2dots_tau0
0 -10 -7 3 -5
711 712 
NODE 711 7
2dots_tau0
0 8 0 -4 -2
719 720 
NODE 719 8
2dots_tau0
0 -12 -14 13 11
723 724 
LEAF 723 9
65 classes
5 0.503425
20 0.0890634
24 0.048969
47 0.273022
48 0.0543885
59 0.0311319
-1 -1
LEAF 724 9
65 classes
2 0.0164687
3 0.12541
5 0.174059
7 0.0725737
15 0.0283566
20 0.374142
24 0.0152379
45 0.017841
47 0.11894
49 0.0382308
59 0.00968744
62 0.00905254
-1 -1
NODE 720 8
2dots_tau0
0 -4 -9 0 5
721 722 
LEAF 721 9
65 classes
-1 -1
LEAF 722 9
65 classes
20 1
-1 -1
NODE 712 7
2dots_tau0
0 13 -6 4 -7
713 714 
NODE 713 8
2dots_tau0
0 3 -9 -6 15
717 718 
LEAF 717 9
65 classes
5 0.616237
6 0.0802087
19 0.0876775
24 0.0770688
48 0.0855982
51 0.0532097
-1 -1
LEAF 718 9
65 classes
5 0.124257
15 0.50608
28 0.240687
52 0.128976
-1 -1
NODE 714 8
2dots_tau0
0 14 -13 7 -10
715 716 
LEAF 715 9
65 classes
2 0.252638
6 0.0304101
15 0.135939
17 0.0309839
27 0.0654242
28 0.0969772
54 0.0300759
55 0.338975
59 0.0185763
-1 -1
LEAF 716 9
65 classes
2 0.204405
3 0.0277957
5 0.135024
6 0.0246043
9 0.055825
11 0.0311886
16 0.0505184
17 0.0250686
18 0.024334
19 0.0537909
40 0.0260517
48 0.0525152
54 0.0486679
55 0.198076
62 0.0421343
-1 -1
NODE 644 4
2dots_tau0
0 1 8 -12 -4
645 646 
NODE 645 5
2dots_tau0
0 12 4 2 -8
677 678 
NODE 677 6
2dots_tau0
0 6 -3 14 1
693 694 
NODE 693 7
2dots_tau0
0 -3 -15 13 14
701 702 
NODE 701 8
2dots_tau0
0 10 7 0 -13
705 706 
LEAF 705 9
65 classes
0 0.0261531
6 0.0755535
11 0.031924
12 0.0618165
13 0.0323801
15 0.135096
18 0.0498155
19 0.0275296
20 0.0660176
24 0.0483972
33 0.177607
37 0.0825888
47 0.0539668
49 0.106247
54 0.0249077
-1 -1
LEAF 706 9
65 classes
2 0.0854135
6 0.0822501
13 0.2115
15 0.0735348
33 0.0828639
35 0.101404
37 0.179818
54 0.0813462
55 0.101869
-1 -1
NODE 702 8
2dots_tau0
0 -1 -9 2 3
703 704 
LEAF 703 9
65 classes
3 0.251895
17 0.0757269
32 0.134382
33 0.0748793
37 0.162491
56 0.0861272
61 0.0447938
62 0.169705
-1 -1
LEAF 704 9
65 classes
2 0.0738246
4 0.0639813
5 0.00650216
6 0.0592419
10 0.0392523
11 0.0300382
15 0.0264823
16 0.0121637
20 0.0724707
24 0.079692
28 0.00629737
32 0.314194
35 0.0073038
37 0.00647584
39 0.00690943
48 0.00632226
49 0.0785485
50 0.0230149
51 0.00786011
54 0.0292955
55 0.0330179
56 0.0137299
62 0.00338167
-1 -1
NODE 694 7
2dots_tau0
0 -9 -13 -3 2
695 696 
NODE 695 8
2dots_tau0
0 -1 14 8 -15
699 700 
LEAF 699 9
65 classes
2 0.0139244
3 0.0757393
4 0.0905084
6 0.0134087
11 0.0509907
13 0.0344794
15 0.0359636
17 0.0136617
18 0.0265226
20 0.0585815
23 0.132856
24 0.154605
30 0.00819081
35 0.00826561
40 0.0425922
47 0.0287328
49 0.0323244
51 0.0533711
54 0.0397839
56 0.0155379
59 0.0163816
62 0.0535779
-1 -1
LEAF 700 9
65 classes
5 0.0336637
6 0.0153357
14 0.0153927
15 0.0411322
18 0.0303343
20 0.107201
21 0.0453024
24 0.147354
30 0.00936796
33 0.0154501
35 0.00945351
44 0.0190374
47 0.0657244
48 0.0490985
50 0.0148944
51 0.122083
54 0.091003
55 0.0664781
59 0.0749437
61 0.0092425
62 0.017508
-1 -1
NODE 696 8
2dots_tau0
0 5 9 4 13
697 698 
LEAF 697 9
65 classes
2 0.00769768
4 0.010007
6 0.0593006
9 0.00840923
10 0.00613925
11 0.0187925
12 0.00909725
13 0.162018
15 0.0132543
18 0.0806423
20 0.0518161
21 0.0262765
23 0.0734457
24 0.035612
30 0.00452805
32 0.00893481
33 0.0672111
35 0.0137082
37 0.00810282
39 0.0172907
42 0.00457985
45 0.00833915
47 0.00794205
48 0.00791066
49 0.067011
52 0.0506683
53 0.0125479
54 0.0366556
55 0.0596747
56 0.00858968
59 0.0316963
61 0.0178696
62 0.00423128
-1 -1
LEAF 698 9
65 classes
3 0.0116289
4 0.0347413
5 0.00564899
9 0.00583887
10 0.35807
11 0.0326209
13 0.0595565
18 0.0101806
20 0.00449725
21 0.00304081
23 0.152989
24 0.00989076
30 0.00628802
33 0.0414821
35 0.022209
37 0.00562612
39 0.0120056
44 0.031946
45 0.00579022
49 0.0248152
50 0.0149962
51 0.00682876
52 0.0703621
54 0.0152709
55 0.03506
59 0.012576
61 0.0031019
62 0.00293795
-1 -1
NODE 678 6
2dots_tau0
0 1 -11 -2 -2
679 680 
NODE 679 7
2dots_tau0
0 9 14 8 -11
687 688 
NODE 687 8
2dots_tau0
0 -11 1 -5 5
691 692 
LEAF 691 9
65 classes
3 0.0223424
6 0.197772
11 0.0501394
15 0.0176816
19 0.0216188
20 0.017281
27 0.0212743
33 0.0597744
35 0.0121914
37 0.0864752
47 0.0211898
48 0.0422122
53 0.0167393
54 0.273838
55 0.0244947
62 0.0112893
63 0.103686
-1 -1
LEAF 692 9
65 classes
2 0.259814
3 0.172726
6 0.0555981
11 0.0352382
12 0.068234
19 0.0151938
27 0.0299034
32 0.0335078
35 0.0171364
37 0.0607753
41 0.0171364
48 0.0593339
50 0.0134995
53 0.0588224
54 0.0549871
62 0.0238026
63 0.0242904
-1 -1
NODE 688 8
2dots_tau0
0 5 2 14 -6
689 690 
LEAF 689 9
65 classes
2 0.301133
5 0.00837555
9 0.00865708
12 0.0187308
13 0.0588681
16 0.0783416
20 0.00666791
27 0.00820871
32 0.0229954
33 0.007688
37 0.0333666
41 0.0940815
46 0.137359
48 0.00814382
49 0.00459907
50 0.0889375
53 0.0322944
54 0.0226416
55 0.0189026
63 0.0400075
-1 -1
LEAF 690 9
65 classes
2 0.0988722
12 0.116849
15 0.0170243
16 0.0781955
30 0.011632
32 0.0114762
33 0.0191841
35 0.0117382
37 0.0208152
46 0.342757
48 0.142251
50 0.0369881
53 0.0805854
59 0.011632
-1 -1
NODE 680 7
2dots_tau0
0 15 3 -10 -7
681 682 
NODE 681 8
2dots_tau0
0 -11 10 9 8
685 686 
LEAF 685 9
65 classes
2 0.076827
15 0.132285
35 0.0456051
51 0.0490787
55 0.0916286
59 0.0451924
62 0.0422305
63 0.517153
-1 -1
LEAF 686 9
65 classes
2 0.0502359
3 0.0546499
15 0.0720824
16 0.314532
18 0.0159479
20 0.0422697
32 0.155492
35 0.0198803
49 0.038873
54 0.0956875
55 0.0699001
63 0.0704495
-1 -1
NODE 682 8
2dots_tau0
0 -6 -15 5 12
683 684 
LEAF 683 9
65 classes
3 0.486753
18 0.0608759
20 0.0537836
41 0.0758864
63 0.322701
-1 -1
LEAF 684 9
65 classes
12 0.139718
18 0.225186
20 0.0994755
37 0.124445
41 0.140356
49 0.205834
62 0.0649851
-1 -1
NODE 646 5
2dots_tau0
0 -10 8 -1 0
647 648 
NODE 647 6
2dots_tau0
0 -4 9 -5 1
663 664 
NODE 663 7
2dots_tau0
0 -9 6 -5 12
671 672 
NODE 671 8
2dots_tau0
0 10 1 -3 -4
675 676 
LEAF 675 9
65 classes
4 0.131663
7 0.178526
13 0.125393
28 0.103672
35 0.0601201
45 0.219438
55 0.181188
-1 -1
LEAF 676 9
65 classes
48 0.172417
53 0.136745
59 0.690838
-1 -1
NODE 672 8
2dots_tau0
0 3 15 -14 0
673 674 
LEAF 673 9
65 classes
19 0.167275
40 0.162027
41 0.188661
53 0.38856
59 0.0934771
-1 -1
LEAF 674 9
65 classes
13 0.365599
14 0.285412
35 0.175287
59 0.173701
-1 -1
NODE 664 7
2dots_tau0
0 6 1 13 -14
665 666 
NODE 665 8
2dots_tau0
0 0 8 -2 -14
669 670 
LEAF 669 9
65 classes
7 0.123907
28 0.143908
53 0.229169
55 0.503016
-1 -1
LEAF 670 9
65 classes
1 0.0797124
3 0.158758
7 0.128621
17 0.0715907
24 0.0675144
41 0.173256
53 0.0594719
55 0.261076
-1 -1
NODE 666 8
2dots_tau0
0 8 7 0 -15
667 668 
LEAF 667 9
65 classes
7 0.454083
14 0.165991
40 0.175104
55 0.204823
-1 -1
LEAF 668 9
65 classes
-1 -1
NODE 648 6
2dots_tau0
0 -1 11 4 6
649 650 
NODE 649 7
2dots_tau0
0 -7 -5 7 -3
657 658 
NODE 657 8
2dots_tau0
0 6 -2 -10 13
661 662 
LEAF 661 9
65 classes
3 0.576628
14 0.170773
59 0.103932
63 0.148667
-1 -1
LEAF 662 9
65 classes
14 0.135802
19 0.147898
44 0.335916
51 0.179513
59 0.0826489
63 0.118223
-1 -1
NODE 658 8
2dots_tau0
0 -9 2 -4 8
659 660 
LEAF 659 9
65 classes
22 0.245114
28 0.0762361
35 0.30947
53 0.0607021
55 0.133238
59 0.17524
-1 -1
LEAF 660 9
65 classes
4 0.119735
18 0.175435
53 0.0750687
55 0.164772
63 0.464989
-1 -1
NODE 650 7
2dots_tau0
0 -3 -5 -8 0
651 652 
NODE 651 8
2dots_tau0
0 4 -6 10 -4
655 656 
LEAF 655 9
65 classes
2 0.0274552
3 0.0597351
6 0.0264383
13 0.169961
15 0.0236369
17 0.0269372
18 0.0522956
41 0.0325952
49 0.0159338
51 0.0175389
55 0.376564
59 0.0323002
63 0.138609
-1 -1
LEAF 656 9
65 classes
4 0.14238
6 0.105466
13 0.1356
15 0.188582
21 0.124621
28 0.11211
39 0.0615031
55 0.0653118
59 0.0644252
-1 -1
NODE 652 8
2dots_tau0
0 0 12 12 6
653 654 
LEAF 653 9
65 classes
41 0.585227
63 0.414773
-1 -1
LEAF 654 9
65 classes
2 0.0220529
3 0.0239906
15 0.170874
17 0.0649105
19 0.0232136
20 0.0371117
21 0.0376395
44 0.0263621
45 0.0238907
49 0.0127986
54 0.0210028
55 0.32877
59 0.194585
61 0.0127986
-1 -1
NODE 516 3
2dots_tau0
0 -13 0 9 -6
517 518 
NODE 517 4
2dots_tau0
0 12 3 6 -8
581 582 
NODE 581 5
2dots_tau0
0 -5 3 9 -10
613 614 
NODE 613 6
2dots_tau0
0 9 -3 0 14
629 630 
NODE 629 7
2dots_tau0
0 -3 -14 3 3
637 638 
NODE 637 8
2dots_tau0
0 -11 -3 4 -2
641 642 
LEAF 641 9
65 classes
-1 -1
LEAF 642 9
65 classes
28 0.53706
59 0.46294
-1 -1
NODE 638 8
2dots_tau0
0 0 11 3 2
639 640 
LEAF 639 9
65 classes
-1 -1
LEAF 640 9
65 classes
6 0.164061
14 0.0823357
15 0.0733387
17 0.0835785
18 0.0811293
20 0.0716773
41 0.101134
47 0.08789
51 0.0544184
59 0.200437
-1 -1
NODE 630 7
2dots_tau0
0 -8 15 12 15
631 632 
NODE 631 8
2dots_tau0
0 -14 0 -8 7
635 636 
LEAF 635 9
65 classes
6 0.242959
15 0.217215
18 0.240289
41 0.299538
-1 -1
LEAF 636 9
65 classes
-1 -1
NODE 632 8
2dots_tau0
0 15 9 0 2
633 634 
LEAF 633 9
65 classes
6 0.226533
10 0.0938096
15 0.101265
19 0.123814
51 0.0751399
52 0.129038
54 0.112022
59 0.13838
-1 -1
LEAF 634 9
65 classes
6 0.186317
18 0.276405
19 0.101833
51 0.123601
54 0.0921349
59 0.0569069
63 0.162802
-1 -1
NODE 614 6
2dots_tau0
0 -6 -1 9 -12
615 616 
NODE 615 7
2dots_tau0
0 -2 13 -10 -8
623 624 
NODE 623 8
2dots_tau0
0 5 7 10 -3
627 628 
LEAF 627 9
65 classes
10 0.176688
18 0.21099
24 0.204983
28 0.226773
53 0.180565
-1 -1
LEAF 628 9
65 classes
-1 -1
NODE 624 8
2dots_tau0
0 11 1 9 -3
625 626 
LEAF 625 9
65 classes
18 0.174856
20 0.0772424
22 0.201417
41 0.108986
47 0.378855
51 0.0586435
-1 -1
LEAF 626 9
65 classes
6 0.250014
20 0.218459
28 0.531527
-1 -1
NODE 616 7
2dots_tau0
0 3 -10 -9 -3
617 618 
NODE 617 8
2dots_tau0
0 13 -9 9 9
621 622 
LEAF 621 9
65 classes
2 0.134109
5 0.283482
14 0.064811
15 0.057729
22 0.0735618
24 0.0620432
44 0.0400785
51 0.171343
63 0.112842
-1 -1
LEAF 622 9
65 classes
2 0.010981
5 0.174089
10 0.639322
17 0.0107738
20 0.00923965
22 0.0120466
24 0.0711223
28 0.0337211
47 0.0113296
54 0.0209161
59 0.0064594
-1 -1
NODE 618 8
2dots_tau0
0 -5 9 -4 -2
619 620 
LEAF 619 9
65 classes
5 0.0590808
7 0.0246337
10 0.200621
20 0.0470352
22 0.153311
28 0.2861
47 0.144185
51 0.0357098
59 0.0493231
-1 -1
LEAF 620 9
65 classes
20 0.289432
24 0.0454674
28 0.452705
47 0.152099
51 0.0313915
59 0.0289057
-1 -1
NODE 582 5
2dots_tau0
0 2 -1 14 -14
583 584 
NODE 583 6
2dots_tau0
0 15 -2 9 0
599 600 
NODE 599 7
2dots_tau0
0 -13 -13 11 -11
607 608 
NODE 607 8
2dots_tau0
0 2 14 0 -12
611 612 
LEAF 611 9
65 classes
2 0.0781865
6 0.0188227
7 0.0172275
15 0.0336565
18 0.204774
20 0.016447
22 0.0428871
24 0.235116
41 0.23206
48 0.0200875
49 0.011344
51 0.0499472
59 0.022996
63 0.016447
-1 -1
LEAF 612 9
65 classes
5 0.157518
14 0.14405
15 0.0641548
24 0.0689493
41 0.176938
51 0.238019
59 0.0876686
63 0.0627015
-1 -1
NODE 608 8
2dots_tau0
0 5 7 10 13
609 610 
LEAF 609 9
65 classes
2 0.091032
14 0.0879864
15 0.0783719
16 0.0899936
24 0.168458
47 0.0939219
54 0.260092
59 0.0535483
63 0.0765965
-1 -1
LEAF 610 9
65 classes
15 0.178122
18 0.0985217
24 0.191434
30 0.0608517
35 0.0614074
48 0.21262
54 0.197043
-1 -1
NODE 600 7
2dots_tau0
0 0 1 6 -2
601 602 
NODE 601 8
2dots_tau0
0 10 2 11 -12
605 606 
LEAF 605 9
65 classes
5 0.14938
19 0.0495916
20 0.158565
24 0.261547
27 0.0488013
47 0.0972153
54 0.179474
59 0.0554259
-1 -1
LEAF 606 9
65 classes
2 0.0699904
5 0.11096
20 0.0588916
22 0.0383914
24 0.356179
44 0.0209167
51 0.0447113
54 0.299959
-1 -1
NODE 602 8
2dots_tau0
0 3 6 3 7
603 604 
LEAF 603 9
65 classes
3 0.0478683
5 0.0930123
6 0.0847446
17 0.0431718
18 0.0419066
20 0.0370243
22 0.0965444
28 0.0450414
41 0.313439
48 0.0452194
53 0.0358637
54 0.0419066
59 0.0258835
62 0.0483743
-1 -1
LEAF 604 9
65 classes
19 0.130063
22 0.271102
27 0.12799
28 0.126479
40 0.125983
53 0.100707
54 0.117676
-1 -1
NODE 584 6
2dots_tau0
0 -7 8 -15 -9
585 586 
NODE 585 7
2dots_tau0
0 -8 14 -5 5
593 594 
NODE 593 8
2dots_tau0
0 13 3 8 0
597 598 
LEAF 597 9
65 classes
22 0.317986
59 0.682014
-1 -1
LEAF 598 9
65 classes
19 0.372207
35 0.419795
59 0.207998
-1 -1
NODE 594 8
2dots_tau0
0 9 -8 14 4
595 596 
LEAF 595 9
65 classes
19 0.216495
54 0.783505
-1 -1
LEAF 596 9
65 classes
44 0.247701
51 0.264742
59 0.487557
-1 -1
NODE 586 7
2dots_tau0
0 10 -6 2 8
587 588 
NODE 587 8
2dots_tau0
0 4 0 9 -15
591 592 
LEAF 591 9
65 classes
2 1
-1 -1
LEAF 592 9
65 classes
2 0.332235
5 0.175571
22 0.182239
30 0.0977162
51 0.212239
-1 -1
NODE 588 8
2dots_tau0
0 1 0 -6 -6
589 590 
LEAF 589 9
65 classes
2 0.305214
5 0.189755
20 0.0755337
22 0.0393923
24 0.16612
30 0.010561
35 0.0746025
47 0.0185237
48 0.0184505
51 0.0344077
53 0.0146332
59 0.0528052
-1 -1
LEAF 590 9
65 classes
24 0.397358
53 0.350024
59 0.252619
-1 -1
NODE 518 4
2dots_tau0
0 -9 0 8 9
519 520 
NODE 519 5
2dots_tau0
0 -9 -4 13 4
551 552 
NODE 551 6
2dots_tau0
0 -7 -9 -13 1
567 568 
NODE 567 7
2dots_tau0
0 15 6 0 -8
575 576 
NODE 575 8
2dots_tau0
0 4 -7 2 12
579 580 
LEAF 579 9
65 classes
22 0.425917
23 0.231519
59 0.342564
-1 -1
LEAF 580 9
65 classes
20 0.416981
59 0.583019
-1 -1
NODE 576 8
2dots_tau0
0 5 -10 14 0
577 578 
LEAF 577 9
65 classes
5 0.146688
13 0.171834
28 0.284135
42 0.0825748
49 0.0805473
59 0.0816407
62 0.15258
-1 -1
LEAF 578 9
65 classes
15 0.754272
20 0.245728
-1 -1
NODE 568 7
2dots_tau0
0 6 -13 6 7
569 570 
NODE 569 8
2dots_tau0
0 9 -8 -4 -5
573 574 
LEAF 573 9
65 classes
15 0.228831
28 0.054415
41 0.252446
42 0.0316279
51 0.135837
53 0.0866546
59 0.0312702
63 0.178918
-1 -1
LEAF 574 9
65 classes
20 1
-1 -1
NODE 570 8
2dots_tau0
0 -2 -8 12 -6
571 572 
LEAF 571 9
65 classes
28 0.635058
59 0.364943
-1 -1
LEAF 572 9
65 classes
15 0.62716
28 0.37284
-1 -1
NODE 552 6
2dots_tau0
0 -1 0 -2 -4
553 554 
NODE 553 7
2dots_tau0
0 -2 -13 -4 -13
561 562 
NODE 561 8
2dots_tau0
0 9 -15 -13 -2
565 566 
LEAF 565 9
65 classes
10 0.14241
48 0.183501
53 0.29107
54 0.170057
55 0.212962
-1 -1
LEAF 566 9
65 classes
15 0.488545
22 0.415023
40 0.0964318
-1 -1
NODE 562 8
2dots_tau0
0 4 7 -14 4
563 564 
LEAF 563 9
65 classes
15 0.412147
19 0.25196
53 0.195091
59 0.140801
-1 -1
LEAF 564 9
65 classes
15 0.344124
19 0.420751
59 0.235125
-1 -1
NODE 554 7
2dots_tau0
0 -5 -4 6 -5
555 556 
NODE 555 8
2dots_tau0
0 -12 -4 -12 -8
559 560 
LEAF 559 9
65 classes
-1 -1
LEAF 560 9
65 classes
59 1
-1 -1
NODE 556 8
2dots_tau0
0 -2 -11 10 -7
557 558 
LEAF 557 9
65 classes
40 0.377289
63 0.622711
-1 -1
LEAF 558 9
65 classes
-1 -1
NODE 520 5
2dots_tau0
0 7 -12 8 -6
521 522 
NODE 521 6
2dots_tau0
0 -13 6 -11 14
537 538 
NODE 537 7
2dots_tau0
0 2 5 7 0
545 546 
NODE 545 8
2dots_tau0
0 -10 12 4 -13
549 550 
LEAF 549 9
65 classes
2 0.165756
16 0.163866
41 0.196788
54 0.47359
-1 -1
LEAF 550 9
65 classes
2 0.12673
5 0.0334856
16 0.156606
20 0.0266584
24 0.351777
53 0.0258227
54 0.24139
55 0.0188932
59 0.0186368
-1 -1
NODE 546 8
2dots_tau0
0 15 2 -4 -6
547 548 
LEAF 547 9
65 classes
2 0.526395
17 0.129116
24 0.060882
28 0.0673537
53 0.160889
63 0.0553652
-1 -1
LEAF 548 9
65 classes
1 0.12013
18 0.209458
24 0.203495
40 0.336365
41 0.130553
-1 -1
NODE 538 7
2dots_tau0
0 -14 13 -13 -10
539 540 
NODE 539 8
2dots_tau0
0 -7 0 8 -5
543 544 
LEAF 543 9
65 classes
22 0.381914
41 0.413304
59 0.204782
-1 -1
LEAF 544 9
65 classes
2 0.530302
41 0.157395
53 0.108055
54 0.126262
59 0.0779855
-1 -1
NODE 540 8
2dots_tau0
0 -12 14 4 -1
541 542 
LEAF 541 9
65 classes
2 0.294563
7 0.259615
24 0.27255
30 0.173272
-1 -1
LEAF 542 9
65 classes
2 0.402574
41 0.597426
-1 -1
NODE 522 6
2dots_tau0
0 -15 0 -2 0
523 524 
NODE 523 7
2dots_tau0
0 -4 -3 6 -4
531 532 
NODE 531 8
2dots_tau0
0 2 12 -1 11
535 536 
LEAF 535 9
65 classes
59 1
-1 -1
LEAF 536 9
65 classes
59 1
-1 -1
NODE 532 8
2dots_tau0
0 -6 13 0 -3
533 534 
LEAF 533 9
65 classes
1 0.04904
2 0.0448905
10 0.143209
24 0.0830714
27 0.1395
40 0.0915414
41 0.106589
48 0.0461325
53 0.219527
56 0.0500924
59 0.0264062
-1 -1
LEAF 534 9
65 classes
1 0.101452
6 0.312998
10 0.444397
16 0.0459041
28 0.0475306
48 0.0477185
-1 -1
NODE 524 7
2dots_tau0
0 0 0 13 3
525 526 
NODE 525 8
2dots_tau0
0 -10 2 -6 -8
529 530 
LEAF 529 9
65 classes
6 0.0397252
10 0.296111
17 0.0809494
18 0.117866
20 0.0347113
24 0.0763402
27 0.0427322
28 0.0844551
41 0.0489762
54 0.0392886
63 0.138845
-1 -1
LEAF 530 9
65 classes
18 0.279082
24 0.135568
54 0.418623
59 0.0861872
62 0.0805385
-1 -1
NODE 526 8
2dots_tau0
0 -12 -6 6 -4
527 528 
LEAF 527 9
65 classes
-1 -1
LEAF 528 9
65 classes
6 0.463221
56 0.536779
-1 -1
NODE 2 1
2dots_tau0
0 0 2 -13 -13
3 4 
NODE 3 2
2dots_tau0
0 8 12 -5 4
259 260 
NODE 259 3
2dots_tau0
0 -12 8 -8 13
387 388 
NODE 387 4
2dots_tau0
0 0 10 8 -1
451 452 
NODE 451 5
2dots_tau0
0 4 14 2 5
483 484 
NODE 483 6
2dots_tau0
0 -9 2 8 -3
499 500 
NODE 499 7
2dots_tau0
0 11 0 0 -8
507 508 
NODE 507 8
2dots_tau0
0 -13 14 -1 -13
511 512 
LEAF 511 9
65 classes
3 0.109391
18 0.0957673
24 0.279123
48 0.206676
54 0.191535
59 0.0591504
61 0.0583582
-1 -1
LEAF 512 9
65 classes
1 0.0917903
18 0.280078
24 0.310976
33 0.0815152
35 0.149631
40 0.0428355
48 0.0431741
-1 -1
NODE 508 8
2dots_tau0
0 -8 5 -10 -14
509 510 
LEAF 509 9
65 classes
15 0.109559
24 0.235493
27 0.26364
40 0.129752
48 0.261556
-1 -1
LEAF 510 9
65 classes
3 0.041055
15 0.129962
18 0.503187
19 0.0397253
24 0.209512
41 0.0448043
63 0.0317545
-1 -1
NODE 500 7
2dots_tau0
0 5 15 -6 4
501 502 
NODE 501 8
2dots_tau0
0 -12 -9 7 1
505 506 
LEAF 505 9
65 classes
5 0.145784
15 0.0593758
18 0.131366
20 0.116061
24 0.127626
33 0.267634
53 0.0562115
62 0.0379101
63 0.0580307
-1 -1
LEAF 506 9
65 classes
0 0.0238698
9 0.0260762
10 0.00951862
12 0.0141049
13 0.0147765
18 0.0795659
22 0.0130931
24 0.0662578
27 0.0865398
30 0.00702052
32 0.0069265
33 0.312623
35 0.0425078
37 0.138193
40 0.0243378
48 0.0613255
49 0.013853
61 0.0069265
62 0.0524832
-1 -1
NODE 502 8
2dots_tau0
0 10 0 -7 6
503 504 
LEAF 503 9
65 classes
27 0.21487
37 0.4367
49 0.120385
62 0.228044
-1 -1
LEAF 504 9
65 classes
13 0.432996
35 0.207601
48 0.359404
-1 -1
NODE 484 6
2dots_tau0
0 -2 -2 3 8
485 486 
NODE 485 7
2dots_tau0
0 -5 -6 -3 0
493 494 
NODE 493 8
2dots_tau0
0 -12 -8 11 -15
497 498 
LEAF 497 9
65 classes
41 1
-1 -1
LEAF 498 9
65 classes
35 0.502273
59 0.497727
-1 -1
NODE 494 8
2dots_tau0
0 13 10 -4 12
495 496 
LEAF 495 9
65 classes
21 0.414386
48 0.374258
49 0.211356
-1 -1
LEAF 496 9
65 classes
18 0.173294
24 0.505081
35 0.216024
49 0.105601
-1 -1
NODE 486 7
2dots_tau0
0 -4 -14 -5 -6
487 488 
NODE 487 8
2dots_tau0
0 -3 -10 8 -9
491 492 
LEAF 491 9
65 classes
0 0.0320286
15 0.0275743
18 0.0305035
24 0.029635
27 0.0331771
33 0.24858
35 0.0380249
37 0.0337144
49 0.0371761
58 0.462636
63 0.0269497
-1 -1
LEAF 492 9
65 classes
1 0.0227639
6 0.0802638
15 0.0538193
20 0.0175334
24 0.327768
33 0.101079
37 0.0877378
40 0.106232
48 0.0642428
50 0.0194885
54 0.119073
-1 -1
NODE 488 8
2dots_tau0
0 -2 -4 -15 11
489 490 
LEAF 489 9
65 classes
6 0.0832639
12 0.102188
18 0.0823489
19 0.0910172
20 0.0363774
33 0.293599
35 0.102654
40 0.0440809
48 0.0888587
49 0.0501814
59 0.0254313
-1 -1
LEAF 490 9
65 classes
1 0.239931
49 0.254927
50 0.205408
53 0.179008
62 0.120726
-1 -1
NODE 452 5
2dots_tau0
0 7 2 -13 9
453 454 
NODE 453 6
2dots_tau0
0 -3 -3 -8 10
469 470 
NODE 469 7
2dots_tau0
0 -6 -4 0 -15
477 478 
NODE 477 8
2dots_tau0
0 3 10 -6 -11
481 482 
LEAF 481 9
65 classes
6 0.0617228
9 0.0350108
12 0.0757507
18 0.0915668
21 0.0364664
28 0.0984163
30 0.018852
32 0.148796
35 0.0190242
41 0.0380483
48 0.0329351
49 0.297592
59 0.018852
63 0.0269663
-1 -1
LEAF 482 9
65 classes
19 0.192002
35 0.21655
41 0.21655
48 0.374897
-1 -1
NODE 478 8
2dots_tau0
0 -12 2 7 -1
479 480 
LEAF 479 9
65 classes
18 0.131426
19 0.43578
22 0.151389
40 0.281406
-1 -1
LEAF 480 9
65 classes
6 0.2838
11 0.0138364
12 0.0133962
13 0.0280682
15 0.0097588
18 0.0431818
20 0.00953773
21 0.0515914
22 0.111917
24 0.0104881
27 0.0117417
28 0.0580149
30 0.00666778
33 0.0219937
35 0.0269147
37 0.0596591
39 0.0254614
41 0.0538294
42 0.00674407
45 0.0245597
47 0.0116951
48 0.0116488
49 0.013157
54 0.0215909
55 0.0135191
63 0.0572264
-1 -1
NODE 470 7
2dots_tau0
0 -4 -7 7 6
471 472 
NODE 471 8
2dots_tau0
0 -12 -11 10 8
475 476 
LEAF 475 9
65 classes
49 1
-1 -1
LEAF 476 9
65 classes
49 0.584874
53 0.273797
63 0.141329
-1 -1
NODE 472 8
2dots_tau0
0 4 -2 11 6
473 474 
LEAF 473 9
65 classes
2 0.0108975
9 0.250003
12 0.0128789
15 0.018764
19 0.0229422
24 0.070582
27 0.0451532
30 0.00641032
35 0.0258755
37 0.0344133
45 0.0590284
48 0.0111991
50 0.326142
53 0.0621741
54 0.0311359
59 0.00641032
62 0.0059902
-1 -1
LEAF 474 9
65 classes
1 0.0236637
2 0.0216614
9 0.236637
15 0.0186489
19 0.0684043
30 0.025484
35 0.0128583
37 0.0456029
40 0.0441722
45 0.046933
50 0.18233
52 0.0237635
53 0.10593
54 0.0825195
56 0.0241715
59 0.012742
61 0.0125713
62 0.0119069
-1 -1
NODE 454 6
2dots_tau0
0 5 -13 -15 -6
455 456 
NODE 455 7
2dots_tau0
0 -12 -3 12 11
463 464 
NODE 463 8
2dots_tau0
0 -10 11 7 11
467 468 
LEAF 467 9
65 classes
19 0.495567
27 0.121917
45 0.382516
-1 -1
LEAF 468 9
65 classes
18 0.106963
19 0.118222
27 0.232676
37 0.118222
40 0.114513
45 0.24334
59 0.0660652
-1 -1
NODE 464 8
2dots_tau0
0 1 -14 -10 -8
465 466 
LEAF 465 9
65 classes
0 0.0704678
9 0.0769816
19 0.148353
22 0.0773064
37 0.148353
45 0.0763401
49 0.204482
50 0.197715
-1 -1
LEAF 466 9
65 classes
9 1
-1 -1
NODE 456 7
2dots_tau0
0 -5 6 -3 -13
457 458 
NODE 457 8
2dots_tau0
0 -13 7 -11 13
461 462 
LEAF 461 9
65 classes
1 0.363347
5 0.0878826
9 0.181673
19 0.0875268
22 0.09122
35 0.0493587
45 0.0900797
59 0.0489121
-1 -1
LEAF 462 9
65 classes
9 0.629176
19 0.12125
45 0.249573
-1 -1
NODE 458 8
2dots_tau0
0 6 7 11 7
459 460 
LEAF 459 9
65 classes
48 0.616667
51 0.383333
-1 -1
LEAF 460 9
65 classes
1 0.281447
22 0.56527
42 0.153283
-1 -1
NODE 388 4
2dots_tau0
0 12 14 8 -6
389 390 
NODE 389 5
2dots_tau0
0 10 -1 5 2
421 422 
NODE 421 6
2dots_tau0
0 9 14 3 -15
437 438 
NODE 437 7
2dots_tau0
0 -1 -7 2 -1
445 446 
NODE 445 8
2dots_tau0
0 0 -7 -9 9
449 450 
LEAF 449 9
65 classes
12 0.256559
18 0.413502
33 0.210608
62 0.11933
-1 -1
LEAF 450 9
65 classes
3 0.0928557
23 0.101801
30 0.0502093
40 0.261088
48 0.35087
52 0.0936393
61 0.0495369
-1 -1
NODE 446 8
2dots_tau0
0 -14 10 -4 12
447 448 
LEAF 447 9
65 classes
61 1
-1 -1
LEAF 448 9
65 classes
1 0.0344846
11 0.0385321
12 0.0373061
13 0.15633
18 0.0300635
19 0.0332281
35 0.112429
37 0.0332281
40 0.0643713
45 0.205183
49 0.0366399
52 0.13852
63 0.0796829
-1 -1
NODE 438 7
2dots_tau0
0 -12 -3 -2 0
439 440 
NODE 439 8
2dots_tau0
0 -2 3 -7 -9
443 444 
LEAF 443 9
65 classes
-1 -1
LEAF 444 9
65 classes
-1 -1
NODE 440 8
2dots_tau0
0 4 9 5 -9
441 442 
LEAF 441 9
65 classes
30 0.297187
62 0.27771
63 0.425103
-1 -1
LEAF 442 9
65 classes
32 1
-1 -1
NODE 422 6
2dots_tau0
0 -12 8 7 13
423 424 
NODE 423 7
2dots_tau0
0 -6 14 6 -1
431 432 
NODE 431 8
2dots_tau0
0 5 7 -8 -7
435 436 
LEAF 435 9
65 classes
27 0.653315
62 0.346685
-1 -1
LEAF 436 9
65 classes
7 1
-1 -1
NODE 432 8
2dots_tau0
0 -11 0 -10 0
433 434 
LEAF 433 9
65 classes
28 1
-1 -1
LEAF 434 9
65 classes
15 0.453888
27 0.546112
-1 -1
NODE 424 7
2dots_tau0
0 5 1 10 -11
425 426 
NODE 425 8
2dots_tau0
0 11 -7 10 0
429 430 
LEAF 429 9
65 classes
10 0.00859798
18 0.0308016
19 0.0340438
20 0.018142
27 0.0223342
35 0.0127988
41 0.0127988
47 0.0111228
49 0.00625657
50 0.0100825
58 0.778595
63 0.054426
-1 -1
LEAF 430 9
65 classes
3 0.0432341
6 0.0382702
10 0.126785
19 0.167335
20 0.03344
24 0.0367721
27 0.164669
28 0.0406809
32 0.0922585
37 0.0418338
49 0.115323
54 0.0756993
55 0.0236994
-1 -1
NODE 426 8
2dots_tau0
0 -15 -2 0 -1
427 428 
LEAF 427 9
65 classes
-1 -1
LEAF 428 9
65 classes
5 0.313657
33 0.143955
40 0.151293
48 0.304979
61 0.0861157
-1 -1
NODE 390 5
2dots_tau0
0 9 -3 12 8
391 392 
NODE 391 6
2dots_tau0
0 -12 -8 -7 -1
407 408 
NODE 407 7
2dots_tau0
0 -1 13 0 -11
415 416 
NODE 415 8
2dots_tau0
0 -13 14 -6 9
419 420 
LEAF 419 9
65 classes
1 0.0669742
9 0.133948
15 0.0263905
16 0.0909118
19 0.0322669
22 0.0336284
27 0.0317527
30 0.036063
33 0.0297385
40 0.0625093
41 0.0727848
42 0.0182378
45 0.033208
48 0.0315017
53 0.124921
54 0.175163
-1 -1
LEAF 420 9
65 classes
4 0.0408978
9 0.17184
11 0.0384017
16 0.062202
27 0.195527
33 0.0305208
35 0.0560244
37 0.0662313
40 0.0320767
45 0.102245
54 0.0898853
59 0.0185058
62 0.0691718
63 0.0264711
-1 -1
NODE 416 8
2dots_tau0
0 13 1 8 4
417 418 
LEAF 417 9
65 classes
1 0.0492284
9 0.0492284
12 0.0532562
16 0.0445489
19 0.0474346
20 0.037917
21 0.0512751
28 0.138382
30 0.0795228
37 0.189739
42 0.0268109
45 0.0488182
49 0.0784578
50 0.0421452
53 0.0367284
59 0.0265076
-1 -1
LEAF 418 9
65 classes
1 0.0267779
12 0.0289688
13 0.0303483
15 0.0211031
16 0.048465
20 0.0206251
27 0.050782
33 0.0475608
37 0.103209
41 0.0873033
47 0.0252903
49 0.0284515
53 0.039957
54 0.140069
56 0.0273525
59 0.0144189
62 0.0943171
63 0.165
-1 -1
NODE 408 7
2dots_tau0
0 15 8 -15 7
409 410 
NODE 409 8
2dots_tau0
0 -5 7 0 -14
413 414 
LEAF 413 9
65 classes
9 0.131379
12 0.0983963
13 0.0114535
16 0.0182908
19 0.058427
30 0.0108835
32 0.182541
35 0.0713885
37 0.00973783
45 0.180393
50 0.216299
59 0.00544173
61 0.00536885
-1 -1
LEAF 414 9
65 classes
2 0.0459603
9 0.0167362
12 0.235372
16 0.0151453
27 0.0158694
30 0.00901182
32 0.293407
33 0.0594511
35 0.00909412
37 0.112885
39 0.00860307
41 0.0545647
42 0.00911493
45 0.0331935
50 0.0143281
52 0.0504205
62 0.0168424
-1 -1
NODE 410 8
2dots_tau0
0 -15 9 8 12
411 412 
LEAF 411 9
65 classes
9 0.123574
19 0.119072
20 0.0951803
27 0.468697
61 0.131298
62 0.0621791
-1 -1
LEAF 412 9
65 classes
0 0.0384409
1 0.0167977
3 0.0250911
9 0.151179
19 0.00809281
20 0.00646901
27 0.175205
30 0.0723593
33 0.164091
35 0.118658
37 0.113299
45 0.0249866
50 0.0215711
52 0.00843428
56 0.00857908
62 0.0338085
63 0.012938
-1 -1
NODE 392 6
2dots_tau0
0 -13 0 -8 -14
393 394 
NODE 393 7
2dots_tau0
0 2 -15 -3 0
401 402 
NODE 401 8
2dots_tau0
0 -7 3 0 -1
405 406 
LEAF 405 9
65 classes
33 0.472875
35 0.144669
40 0.248491
62 0.133965
-1 -1
LEAF 406 9
65 classes
1 0.413709
2 0.0631171
27 0.196141
32 0.0366304
35 0.187334
37 0.066439
49 0.0366304
-1 -1
NODE 402 8
2dots_tau0
0 3 6 -10 4
403 404 
LEAF 403 9
65 classes
21 0.100142
30 0.103541
37 0.370567
48 0.180889
62 0.0967547
63 0.148107
-1 -1
LEAF 404 9
65 classes
45 1
-1 -1
NODE 394 7
2dots_tau0
0 -7 6 8 -10
395 396 
NODE 395 8
2dots_tau0
0 5 8 -11 8
399 400 
LEAF 399 9
65 classes
3 0.0784523
12 0.170455
27 0.149403
35 0.0856169
40 0.14706
45 0.0781254
54 0.206045
59 0.0848421
-1 -1
LEAF 400 9
65 classes
1 0.389029
3 0.1937
54 0.169577
62 0.097874
63 0.14982
-1 -1
NODE 396 8
2dots_tau0
0 0 9 -5 5
397 398 
LEAF 397 9
65 classes
1 0.07758
11 0.0288952
12 0.223807
13 0.087924
24 0.0219028
27 0.0245206
35 0.0421554
37 0.22426
40 0.048272
50 0.0442783
52 0.0259691
54 0.0901785
56 0.0264149
59 0.0139246
63 0.0199181
-1 -1
LEAF 398 9
65 classes
35 0.378109
39 0.178846
62 0.175065
63 0.26798
-1 -1
NODE 260 3
2dots_tau0
0 -12 4 -10 8
261 262 
NODE 261 4
2dots_tau0
0 6 6 9 0
325 326 
NODE 325 5
2dots_tau0
0 -12 -9 -2 3
357 358 
NODE 357 6
2dots_tau0
0 -13 -9 8 -1
373 374 
NODE 373 7
2dots_tau0
0 3 8 14 14
381 382 
NODE 381 8
2dots_tau0
0 -8 2 -10 14
385 386 
LEAF 385 9
65 classes
0 0.0771713
12 0.182405
18 0.0734965
24 0.0714041
35 0.229047
41 0.366476
-1 -1
LEAF 386 9
65 classes
10 0.169477
24 0.589851
35 0.0630701
45 0.115103
59 0.0624993
-1 -1
NODE 382 8
2dots_tau0
0 -15 -2 -9 -12
383 384 
LEAF 383 9
65 classes
24 1
-1 -1
LEAF 384 9
65 classes
20 0.588549
59 0.411451
-1 -1
NODE 374 7
2dots_tau0
0 -7 6 -14 6
375 376 
NODE 375 8
2dots_tau0
0 -11 14 11 15
379 380 
LEAF 379 9
65 classes
4 0.186199
15 0.369932
33 0.138954
54 0.136409
59 0.168506
-1 -1
LEAF 380 9
65 classes
0 0.254818
40 0.259814
54 0.485368
-1 -1
NODE 376 8
2dots_tau0
0 -9 3 0 5
377 378 
LEAF 377 9
65 classes
15 0.27985
37 0.114055
40 0.110477
41 0.128637
53 0.176624
59 0.127473
61 0.062883
-1 -1
LEAF 378 9
65 classes
15 0.775506
28 0.115257
33 0.109236
-1 -1
NODE 358 6
2dots_tau0
0 7 -15 0 2
359 360 
NODE 359 7
2dots_tau0
0 -15 13 -9 -3
367 368 
NODE 367 8
2dots_tau0
0 -7 12 -1 14
371 372 
LEAF 371 9
65 classes
0 0.22511
2 0.0321586
3 0.0349843
19 0.0338512
33 0.0623973
35 0.095448
41 0.0381792
48 0.0330484
49 0.0559905
51 0.0821744
53 0.0524216
54 0.0918818
63 0.162354
-1 -1
LEAF 372 9
65 classes
0 0.0944697
3 0.0513852
9 0.0516011
18 0.0449856
22 0.0518188
27 0.0978571
33 0.229124
35 0.028039
49 0.0274131
51 0.0905238
53 0.0769973
62 0.155785
-1 -1
NODE 368 8
2dots_tau0
0 -15 2 12 -8
369 370 
LEAF 369 9
65 classes
0 0.339533
1 0.0741837
18 0.064673
35 0.0806197
41 0.241859
48 0.0697855
54 0.129346
-1 -1
LEAF 370 9
65 classes
0 0.122685
5 0.0432225
12 0.144992
21 0.0232664
23 0.048774
27 0.0423615
32 0.0237338
33 0.238046
35 0.0242756
37 0.0430475
48 0.0420266
49 0.0237338
62 0.179835
-1 -1
NODE 360 7
2dots_tau0
0 -3 -3 -13 11
361 362 
NODE 361 8
2dots_tau0
0 -11 8 2 14
365 366 
LEAF 365 9
65 classes
0 0.126644
12 0.0427627
15 0.109031
19 0.0380883
22 0.0198477
27 0.0187406
32 0.0104998
33 0.210622
35 0.0322185
40 0.0368933
49 0.115498
51 0.0809025
54 0.0516912
63 0.106561
-1 -1
LEAF 366 9
65 classes
0 0.05908
3 0.0107119
6 0.0379279
12 0.104733
15 0.101727
18 0.0468889
19 0.0103649
20 0.00828523
27 0.0305992
28 0.0100793
32 0.0285729
33 0.0286582
35 0.0701407
40 0.0200795
41 0.105211
47 0.0101593
49 0.068575
54 0.0187556
55 0.00587187
62 0.140726
63 0.0828523
-1 -1
NODE 362 8
2dots_tau0
0 -6 11 8 1
363 364 
LEAF 363 9
65 classes
0 0.044447
10 0.0354486
15 0.191328
24 0.143939
30 0.0130727
39 0.0124797
47 0.0458581
48 0.0228384
51 0.0425905
54 0.126992
58 0.321006
-1 -1
LEAF 364 9
65 classes
0 0.0366933
2 0.0366933
5 0.0387815
6 0.0353343
9 0.0801702
15 0.347493
24 0.0339511
27 0.076018
33 0.0711959
49 0.0425904
50 0.0343175
54 0.104838
59 0.0215843
62 0.0403394
-1 -1
NODE 326 5
2dots_tau0
0 9 14 15 -10
327 328 
NODE 327 6
2dots_tau0
0 -15 -5 13 10
343 344 
NODE 343 7
2dots_tau0
0 1 0 13 -6
351 352 
NODE 351 8
2dots_tau0
0 4 8 15 10
355 356 
LEAF 355 9
65 classes
6 0.101835
15 0.136566
18 0.0503578
28 0.0541247
35 0.282487
48 0.0543387
49 0.0613736
51 0.0337781
53 0.0430962
54 0.0503578
62 0.0871946
63 0.0444909
-1 -1
LEAF 356 9
65 classes
15 0.142848
27 0.343746
53 0.135236
55 0.0989453
63 0.279224
-1 -1
NODE 352 8
2dots_tau0
0 -7 -9 12 -14
353 354 
LEAF 353 9
65 classes
0 0.220601
6 0.106215
15 0.0949605
19 0.464422
47 0.113802
-1 -1
LEAF 354 9
65 classes
0 0.244618
15 0.210598
49 0.141966
52 0.268357
62 0.134462
-1 -1
NODE 344 7
2dots_tau0
0 2 -12 -14 -2
345 346 
NODE 345 8
2dots_tau0
0 -11 6 0 -12
349 350 
LEAF 349 9
65 classes
0 0.0800869
35 0.0475402
37 0.084302
41 0.0950803
50 0.449409
53 0.195824
55 0.0477582
-1 -1
LEAF 350 9
65 classes
0 0.0261376
6 0.100678
12 0.12356
27 0.243674
33 0.10143
35 0.124124
41 0.031031
49 0.0758458
53 0.0852136
55 0.0155867
62 0.0287348
63 0.0439857
-1 -1
NODE 346 8
2dots_tau0
0 1 8 3 0
347 348 
LEAF 347 9
65 classes
35 0.14625
41 0.2925
50 0.460846
53 0.100404
-1 -1
LEAF 348 9
65 classes
0 0.251394
6 0.0806945
15 0.0721441
22 0.0919304
41 0.298459
49 0.0486328
50 0.156745
-1 -1
NODE 328 6
2dots_tau0
0 4 13 4 -4
329 330 
NODE 329 7
2dots_tau0
0 -1 -11 -14 -15
337 338 
NODE 337 8
2dots_tau0
0 -5 -11 -4 6
341 342 
LEAF 341 9
65 classes
1 0.16862
12 0.0912083
19 0.0812382
21 0.0878155
27 0.0799436
30 0.0453978
35 0.0916248
40 0.0786895
41 0.0916248
54 0.0735012
59 0.0453978
63 0.064938
-1 -1
LEAF 342 9
65 classes
0 0.0322461
2 0.0322461
9 0.0704538
12 0.0381091
15 0.277616
19 0.0339433
21 0.0366915
27 0.0334024
30 0.0379366
32 0.0187143
33 0.0938507
35 0.114849
41 0.114849
45 0.0349333
50 0.0301583
-1 -1
NODE 338 8
2dots_tau0
0 -11 -3 -14 4
339 340 
LEAF 339 9
65 classes
13 0.197269
15 0.137174
21 0.0906489
41 0.378325
42 0.0947976
51 0.101785
-1 -1
LEAF 340 9
65 classes
0 0.050097
2 0.050097
9 0.164184
15 0.474429
45 0.0542718
52 0.0549588
53 0.122494
59 0.0294688
-1 -1
NODE 330 7
2dots_tau0
0 15 1 -14 8
331 332 
NODE 331 8
2dots_tau0
0 13 -4 2 -2
335 336 
LEAF 335 9
65 classes
0 0.0468099
1 0.0127842
9 0.0511369
10 0.00933327
12 0.0276604
15 0.10075
18 0.0111452
19 0.0369552
21 0.0133157
23 0.0418713
33 0.0340595
35 0.0138934
41 0.0138934
42 0.396867
45 0.0126777
49 0.0339581
51 0.037379
53 0.0572285
55 0.00697855
59 0.0413029
-1 -1
LEAF 336 9
65 classes
0 0.0707148
6 0.0113493
12 0.083572
15 0.0101467
16 0.0116514
18 0.0336737
20 0.069418
21 0.00670527
22 0.0387887
27 0.0244168
37 0.0124061
41 0.0139923
49 0.424078
51 0.00752901
53 0.0672418
54 0.0448983
63 0.069418
-1 -1
NODE 332 8
2dots_tau0
0 -4 -14 -5 -5
333 334 
LEAF 333 9
65 classes
0 0.0900279
11 0.0274733
12 0.0531983
14 0.0435079
15 0.232522
18 0.0214352
20 0.0568137
28 0.0460773
30 0.0132394
33 0.0218351
35 0.0267206
41 0.0267206
42 0.0669544
47 0.0696644
49 0.0522483
51 0.0143779
53 0.0366885
62 0.0247434
63 0.0757516
-1 -1
LEAF 334 9
65 classes
0 0.152791
3 0.020777
19 0.20104
20 0.0642808
30 0.0112346
32 0.0665048
33 0.0185287
35 0.0340116
42 0.0454526
49 0.0110841
51 0.122007
59 0.0112346
63 0.241053
-1 -1
NODE 262 4
2dots_tau0
0 2 0 7 8
263 264 
NODE 263 5
2dots_tau0
0 -9 1 -11 -4
295 296 
NODE 295 6
2dots_tau0
0 -7 -7 9 2
311 312 
NODE 311 7
2dots_tau0
0 -15 -2 -11 12
319 320 
NODE 319 8
2dots_tau0
0 -12 -7 3 1
323 324 
LEAF 323 9
65 classes
12 0.443948
51 0.239972
63 0.31608
-1 -1
LEAF 324 9
65 classes
0 0.0591771
12 0.0349683
14 0.0285986
15 0.0254736
27 0.306495
33 0.0574107
35 0.140512
41 0.140512
49 0.0171719
59 0.017405
62 0.097586
63 0.0746896
-1 -1
NODE 320 8
2dots_tau0
0 -4 3 -7 14
321 322 
LEAF 321 9
65 classes
0 0.349941
11 0.022482
12 0.0870667
27 0.133549
32 0.085512
35 0.174929
49 0.010689
51 0.0117658
59 0.0108341
62 0.0202481
63 0.0929839
-1 -1
LEAF 322 9
65 classes
0 0.146687
3 0.053192
12 0.0288929
14 0.0118149
19 0.0386019
27 0.0379867
30 0.0287622
33 0.011859
35 0.00725621
40 0.0124636
47 0.012612
48 0.0125621
58 0.529703
62 0.047035
63 0.020571
-1 -1
NODE 312 7
2dots_tau0
0 -1 6 -9 -15
313 314 
NODE 313 8
2dots_tau0
0 1 7 -5 0
317 318 
LEAF 317 9
65 classes
0 0.0786475
2 0.0280884
3 0.0183339
9 0.0490957
12 0.205811
15 0.0145092
16 0.0388752
19 0.0354801
20 0.00472685
27 0.0465529
32 0.0391231
33 0.0326999
35 0.0633592
37 0.00591335
45 0.00608582
49 0.0978078
50 0.115587
51 0.00358869
53 0.0183147
54 0.0267509
55 0.00334999
59 0.00660904
62 0.0370553
63 0.0236343
-1 -1
LEAF 318 9
65 classes
0 0.0575188
3 0.0104288
15 0.00825326
19 0.0706372
27 0.0595813
32 0.45065
35 0.125193
49 0.0834537
51 0.0244961
53 0.0234403
59 0.0112782
62 0.010539
63 0.0645303
-1 -1
NODE 314 8
2dots_tau0
0 -13 -15 3 9
315 316 
LEAF 315 9
65 classes
20 0.326133
28 0.198376
47 0.199951
49 0.112472
63 0.163067
-1 -1
LEAF 316 9
65 classes
12 0.0909396
15 0.0662474
35 0.319742
40 0.156915
49 0.0446578
59 0.045264
62 0.211487
63 0.0647466
-1 -1
NODE 296 6
2dots_tau0
0 -8 1 2 7
297 298 
NODE 297 7
2dots_tau0
0 -5 2 -15 -1
305 306 
NODE 305 8
2dots_tau0
0 -1 7 15 -9
309 310 
LEAF 309 9
65 classes
0 0.232374
15 0.400115
20 0.195525
51 0.0742228
63 0.0977627
-1 -1
LEAF 310 9
65 classes
0 0.07257
19 0.0763895
20 0.183186
28 0.0742843
42 0.172707
47 0.0748738
49 0.210583
51 0.0927184
59 0.0426882
-1 -1
NODE 306 8
2dots_tau0
0 -7 -10 9 8
307 308 
LEAF 307 9
65 classes
14 0.201705
19 0.329505
20 0.087797
30 0.0613785
42 0.124161
47 0.107656
63 0.087797
-1 -1
LEAF 308 9
65 classes
15 0.299876
20 0.293083
49 0.202149
59 0.204893
-1 -1
NODE 298 7
2dots_tau0
0 -15 10 -9 13
299 300 
NODE 299 8
2dots_tau0
0 -15 -7 -13 7
303 304 
LEAF 303 9
65 classes
1 0.0610028
6 0.0537728
12 0.0659939
15 0.336525
22 0.0612601
24 0.0516678
27 0.115686
55 0.0332997
59 0.0328476
63 0.187944
-1 -1
LEAF 304 9
65 classes
0 0.0279541
15 0.0962656
23 0.0666794
27 0.0289564
35 0.0331875
37 0.0294253
39 0.0941865
41 0.0663749
49 0.162233
51 0.0178576
54 0.106492
59 0.0822178
63 0.18817
-1 -1
NODE 300 8
2dots_tau0
0 1 3 -15 0
301 302 
LEAF 301 9
65 classes
0 0.0237463
9 0.0518826
12 0.112255
19 0.0499922
20 0.139865
21 0.0135099
27 0.0737932
35 0.0422879
41 0.0281919
49 0.0551253
54 0.090462
62 0.0391588
63 0.27973
-1 -1
LEAF 302 9
65 classes
10 0.333583
39 0.234877
47 0.43154
-1 -1
NODE 264 5
2dots_tau0
0 -9 -8 14 -6
265 266 
NODE 265 6
2dots_tau0
0 -3 10 12 0
281 282 
NODE 281 7
2dots_tau0
0 -12 -12 12 1
289 290 
NODE 289 8
2dots_tau0
0 -8 -5 2 -15
293 294 
LEAF 293 9
65 classes
3 0.0703316
12 0.458434
27 0.133938
35 0.191886
39 0.0363051
59 0.03803
62 0.071075
-1 -1
LEAF 294 9
65 classes
0 0.0489994
19 0.0515783
27 0.203025
33 0.0475367
35 0.116346
49 0.0284371
62 0.215473
63 0.288605
-1 -1
NODE 290 8
2dots_tau0
0 -12 5 -8 -15
291 292 
LEAF 291 9
65 classes
0 0.171181
12 0.26974
19 0.120127
27 0.118213
33 0.0553571
35 0.0338715
41 0.135486
63 0.096024
-1 -1
LEAF 292 9
65 classes
0 0.134042
3 0.0364549
12 0.0396033
27 0.104136
35 0.218813
40 0.102503
59 0.019712
62 0.147361
63 0.197376
-1 -1
NODE 282 7
2dots_tau0
0 -12 -11 -9 10
283 284 
NODE 283 8
2dots_tau0
0 -9 9 12 -2
287 288 
LEAF 287 9
65 classes
12 1
-1 -1
LEAF 288 9
65 classes
0 0.353223
15 0.304099
33 0.342679
-1 -1
NODE 284 8
2dots_tau0
0 -2 12 2 -7
285 286 
LEAF 285 9
65 classes
11 0.111927
12 0.108366
19 0.0965203
35 0.163291
40 0.0934922
41 0.217722
59 0.107876
62 0.100806
-1 -1
LEAF 286 9
65 classes
12 0.292493
33 0.0800353
35 0.0979428
40 0.0841155
41 0.0979428
59 0.0485282
62 0.0906954
63 0.208247
-1 -1
NODE 266 6
2dots_tau0
0 -7 -6 -15 12
267 268 
NODE 267 7
2dots_tau0
0 9 -13 2 7
275 276 
NODE 275 8
2dots_tau0
0 -2 -6 -2 5
279 280 
LEAF 279 9
65 classes
0 0.05284
3 0.0574828
19 0.222484
27 0.273673
32 0.0919981
41 0.125465
62 0.0871357
63 0.0889216
-1 -1
LEAF 280 9
65 classes
1 0.0382284
3 0.0380684
9 0.0764568
12 0.0413562
19 0.294684
21 0.0398178
27 0.0362484
32 0.101544
35 0.124635
37 0.0736709
39 0.0196509
45 0.0758196
59 0.0205845
62 0.0192354
-1 -1
NODE 276 8
2dots_tau0
0 -11 -12 1 1
277 278 
LEAF 277 9
65 classes
0 0.75731
19 0.159434
62 0.0832561
-1 -1
LEAF 278 9
65 classes
0 0.129024
3 0.0100258
9 0.0201359
12 0.294075
15 0.00793433
19 0.0388043
27 0.00954648
32 0.00534859
33 0.143055
35 0.125826
40 0.0281902
41 0.0437656
45 0.0299521
48 0.018942
49 0.0106972
62 0.0303953
63 0.0542821
-1 -1
NODE 268 7
2dots_tau0
0 0 -6 14 -2
269 270 
NODE 269 8
2dots_tau0
0 -5 6 -3 -9
273 274 
LEAF 273 9
65 classes
0 0.081854
9 0.0447101
19 0.129243
32 0.0950091
33 0.158821
35 0.0242946
48 0.0420593
54 0.19489
62 0.0224969
63 0.206622
-1 -1
LEAF 274 9
65 classes
0 0.342618
15 0.0245807
19 0.0300542
33 0.36009
35 0.0338967
49 0.0165701
63 0.192191
-1 -1
NODE 270 8
2dots_tau0
0 0 13 -14 -7
271 272 
LEAF 271 9
65 classes
0 0.0519935
1 0.0993993
3 0.028281
9 0.113599
13 0.0160932
19 0.082095
32 0.0150874
33 0.126104
37 0.027365
40 0.0397597
45 0.0704078
49 0.0075437
50 0.218822
53 0.0105943
54 0.0247588
62 0.0571599
63 0.0109371
-1 -1
LEAF 272 9
65 classes
0 0.130698
1 0.0713899
3 0.213274
9 0.0713899
15 0.0562609
30 0.0768814
33 0.0633985
40 0.0666306
42 0.0388805
48 0.134315
59 0.0768814
-1 -1
NODE 4 2
2dots_tau0
0 -2 -2 -12 -2
5 6 
NODE 5 3
2dots_tau0
0 5 -4 3 -7
133 134 
NODE 133 4
2dots_tau0
0 11 0 -10 3
197 198 
NODE 197 5
2dots_tau0
0 15 6 -14 0
229 230 
NODE 229 6
2dots_tau0
0 6 -4 3 12
245 246 
NODE 245 7
2dots_tau0
0 12 8 11 -2
253 254 
NODE 253 8
2dots_tau0
0 0 10 -14 8
257 258 
LEAF 257 9
65 classes
0 0.149571
28 0.0765521
42 0.0444948
48 0.153709
50 0.0699433
51 0.191098
63 0.314632
-1 -1
LEAF 258 9
65 classes
4 0.26315
56 0.22588
63 0.510971
-1 -1
NODE 254 8
2dots_tau0
0 -7 1 -9 -1
255 256 
LEAF 255 9
65 classes
0 0.0366063
1 0.0399901
3 0.0398228
6 0.211503
13 0.0453221
30 0.0430662
32 0.0212447
42 0.152456
51 0.0233849
56 0.122545
62 0.140853
63 0.123206
-1 -1
LEAF 256 9
65 classes
3 0.0713555
5 0.069325
6 0.126326
17 0.0643546
30 0.0771673
42 0.23415
44 0.0392045
51 0.0419016
56 0.146386
59 0.0385836
62 0.0360549
63 0.0551908
-1 -1
NODE 246 7
2dots_tau0
0 -7 -3 9 -2
247 248 
NODE 247 8
2dots_tau0
0 7 -6 -14 1
251 252 
LEAF 251 9
65 classes
3 0.320084
12 0.0869318
40 0.075
51 0.234951
62 0.283034
-1 -1
LEAF 252 9
65 classes
-1 -1
NODE 248 8
2dots_tau0
0 -1 -4 4 -11
249 250 
LEAF 249 9
65 classes
3 0.357317
6 0.158146
14 0.079367
40 0.0837244
56 0.183259
63 0.138186
-1 -1
LEAF 250 9
65 classes
0 0.036783
1 0.120549
6 0.283365
11 0.0448994
13 0.0455408
18 0.0350314
30 0.0865482
33 0.035685
40 0.150017
52 0.0807052
62 0.0808759
-1 -1
NODE 230 6
2dots_tau0
0 -6 -15 12 -5
231 232 
NODE 231 7
2dots_tau0
0 -11 4 -6 -13
239 240 
NODE 239 8
2dots_tau0
0 9 -6 -9 -13
243 244 
LEAF 243 9
65 classes
22 0.419219
33 0.370728
62 0.210053
-1 -1
LEAF 244 9
65 classes
-1 -1
NODE 240 8
2dots_tau0
0 3 -10 6 0
241 242 
LEAF 241 9
65 classes
1 0.405394
37 0.390623
62 0.203983
-1 -1
LEAF 242 9
65 classes
0 0.0909523
1 0.0331199
3 0.0659626
6 0.0291946
7 0.0267205
28 0.0310336
33 0.0294124
37 0.0319131
44 0.0724831
48 0.0311563
51 0.0581022
62 0.499949
-1 -1
NODE 232 7
2dots_tau0
0 4 5 -10 8
233 234 
NODE 233 8
2dots_tau0
0 -4 -4 8 10
237 238 
LEAF 237 9
65 classes
0 0.117195
23 0.0349435
33 0.0568483
42 0.662406
44 0.0350238
51 0.0935832
-1 -1
LEAF 238 9
65 classes
1 0.0575098
6 0.253469
22 0.0577524
37 0.166243
59 0.0309668
62 0.434059
-1 -1
NODE 234 8
2dots_tau0
0 3 0 14 4
235 236 
LEAF 235 9
65 classes
20 0.274447
42 0.485149
47 0.084131
51 0.156273
-1 -1
LEAF 236 9
65 classes
5 0.194849
10 0.147033
42 0.658117
-1 -1
NODE 198 5
2dots_tau0
0 -10 -11 14 -15
199 200 
NODE 199 6
2dots_tau0
0 15 -10 -13 -4
215 216 
NODE 215 7
2dots_tau0
0 1 5 6 13
223 224 
NODE 223 8
2dots_tau0
0 7 -14 3 -6
227 228 
LEAF 227 9
65 classes
12 0.276448
21 0.133082
63 0.59047
-1 -1
LEAF 228 9
65 classes
0 0.237809
12 0.562093
63 0.200098
-1 -1
NODE 224 8
2dots_tau0
0 -9 7 -5 -15
225 226 
LEAF 225 9
65 classes
62 1
-1 -1
LEAF 226 9
65 classes
30 0.143249
48 0.250262
62 0.401582
63 0.204907
-1 -1
NODE 216 7
2dots_tau0
0 15 -8 -3 -14
217 218 
NODE 217 8
2dots_tau0
0 -4 11 -5 4
221 222 
LEAF 221 9
65 classes
28 1
-1 -1
LEAF 222 9
65 classes
-1 -1
NODE 218 8
2dots_tau0
0 -13 0 14 -2
219 220 
LEAF 219 9
65 classes
0 0.0391073
4 0.0508395
12 0.0462177
21 0.0222492
30 0.0920172
35 0.0232144
39 0.0658827
40 0.0398741
48 0.0401893
62 0.580409
-1 -1
LEAF 220 9
65 classes
35 0.413655
63 0.586345
-1 -1
NODE 200 6
2dots_tau0
0 12 3 13 10
201 202 
NODE 201 7
2dots_tau0
0 9 6 10 -2
209 210 
NODE 209 8
2dots_tau0
0 -8 2 -1 12
213 214 
LEAF 213 9
65 classes
0 0.355203
51 0.226911
59 0.417886
-1 -1
LEAF 214 9
65 classes
0 0.507576
33 0.492424
-1 -1
NODE 210 8
2dots_tau0
0 10 15 1 -5
211 212 
LEAF 211 9
65 classes
42 1
-1 -1
LEAF 212 9
65 classes
0 0.545568
42 0.454432
-1 -1
NODE 202 7
2dots_tau0
0 -11 -1 -11 6
203 204 
NODE 203 8
2dots_tau0
0 11 8 -8 13
207 208 
LEAF 207 9
65 classes
27 0.618541
51 0.381459
-1 -1
LEAF 208 9
65 classes
42 0.246847
51 0.265043
59 0.48811
-1 -1
NODE 204 8
2dots_tau0
0 4 6 12 -6
205 206 
LEAF 205 9
65 classes
3 0.137259
19 0.265628
47 0.130179
59 0.148439
63 0.318495
-1 -1
LEAF 206 9
65 classes
51 1
-1 -1
NODE 134 4
2dots_tau0
0 15 9 9 7
135 136 
NODE 135 5
2dots_tau0
0 -8 0 15 7
167 168 
NODE 167 6
2dots_tau0
0 -2 0 -5 -7
183 184 
NODE 183 7
2dots_tau0
0 1 -8 15 10
191 192 
NODE 191 8
2dots_tau0
0 0 -10 1 7
195 196 
LEAF 195 9
65 classes
10 0.200223
18 0.079698
21 0.095219
27 0.173367
30 0.344577
51 0.106917
-1 -1
LEAF 196 9
65 classes
18 0.283792
30 0.525851
51 0.190357
-1 -1
NODE 192 8
2dots_tau0
0 12 1 15 0
193 194 
LEAF 193 9
65 classes
59 1
-1 -1
LEAF 194 9
65 classes
62 1
-1 -1
NODE 184 7
2dots_tau0
0 1 -11 13 -7
185 186 
NODE 185 8
2dots_tau0
0 -11 8 -13 3
189 190 
LEAF 189 9
65 classes
12 0.68254
62 0.31746
-1 -1
LEAF 190 9
65 classes
3 0.497371
62 0.502629
-1 -1
NODE 186 8
2dots_tau0
0 -7 11 -14 10
187 188 
LEAF 187 9
65 classes
3 1
-1 -1
LEAF 188 9
65 classes
42 0.421958
53 0.578042
-1 -1
NODE 168 6
2dots_tau0
0 -13 -14 13 10
169 170 
NODE 169 7
2dots_tau0
0 1 2 -14 -8
177 178 
NODE 177 8
2dots_tau0
0 13 -3 0 4
181 182 
LEAF 181 9
65 classes
10 0.0808191
23 0.362574
30 0.0596087
39 0.170715
42 0.120581
51 0.0647347
62 0.055702
63 0.0852655
-1 -1
LEAF 182 9
65 classes
18 0.128651
51 0.0431472
62 0.259887
63 0.568315
-1 -1
NODE 178 8
2dots_tau0
0 -5 13 -5 7
179 180 
LEAF 179 9
65 classes
23 0.556375
30 0.182941
42 0.0462585
51 0.149005
63 0.0654206
-1 -1
LEAF 180 9
65 classes
1 0.0638915
5 0.123627
10 0.0932894
14 0.0565285
18 0.0557003
23 0.348765
30 0.0344031
39 0.0328427
48 0.0601035
59 0.0344031
62 0.0964451
-1 -1
NODE 170 7
2dots_tau0
0 -12 0 -12 0
171 172 
NODE 171 8
2dots_tau0
0 8 -15 13 -10
175 176 
LEAF 175 9
65 classes
39 1
-1 -1
LEAF 176 9
65 classes
23 0.424651
30 0.209443
48 0.365905
-1 -1
NODE 172 8
2dots_tau0
0 -12 13 -11 -10
173 174 
LEAF 173 9
65 classes
-1 -1
LEAF 174 9
65 classes
-1 -1
NODE 136 5
2dots_tau0
0 9 -14 -13 -6
137 138 
NODE 137 6
2dots_tau0
0 -4 10 0 15
153 154 
NODE 153 7
2dots_tau0
0 15 11 -10 -3
161 162 
NODE 161 8
2dots_tau0
0 -3 0 10 -15
165 166 
LEAF 165 9
65 classes
48 0.269738
62 0.288556
63 0.441706
-1 -1
LEAF 166 9
65 classes
0 0.331427
23 0.26352
30 0.129971
33 0.214356
62 0.0607265
-1 -1
NODE 162 8
2dots_tau0
0 -7 -7 -5 -4
163 164 
LEAF 163 9
65 classes
0 0.0973945
3 0.158928
23 0.0580793
33 0.0944872
39 0.0273462
40 0.0496521
42 0.144866
52 0.106846
54 0.0463783
59 0.0286454
62 0.187376
-1 -1
LEAF 164 9
65 classes
0 0.253255
1 0.061481
19 0.0592408
33 0.191096
35 0.0167037
39 0.0158018
40 0.114765
42 0.200904
48 0.0867539
-1 -1
NODE 154 7
2dots_tau0
0 -7 -14 -15 -12
155 156 
NODE 155 8
2dots_tau0
0 -9 5 0 -1
159 160 
LEAF 159 9
65 classes
3 0.24089
40 0.150517
62 0.608592
-1 -1
LEAF 160 9
65 classes
0 0.0695007
1 0.0379626
3 0.0378037
33 0.101139
37 0.0365793
39 0.0780569
42 0.248103
48 0.0357118
62 0.267423
63 0.0877193
-1 -1
NODE 156 8
2dots_tau0
0 -5 3 0 -3
157 158 
LEAF 157 9
65 classes
3 0.351065
6 0.155379
40 0.493556
-1 -1
LEAF 158 9
65 classes
11 0.114442
28 0.0479847
33 0.22739
35 0.0834802
42 0.334685
48 0.0481743
52 0.0514266
61 0.0272056
62 0.0257677
63 0.0394437
-1 -1
NODE 138 6
2dots_tau0
0 15 4 0 -11
139 140 
NODE 139 7
2dots_tau0
0 -7 -11 -5 -7
147 148 
NODE 147 8
2dots_tau0
0 -2 -5 -10 -2
151 152 
LEAF 151 9
65 classes
0 0.0879224
3 0.191296
5 0.0929261
6 0.169332
42 0.209243
51 0.0561666
52 0.096455
62 0.0966589
-1 -1
LEAF 152 9
65 classes
0 0.194537
3 0.423259
7 0.171456
45 0.210748
-1 -1
NODE 148 8
2dots_tau0
0 -7 10 11 15
149 150 
LEAF 149 9
65 classes
-1 -1
LEAF 150 9
65 classes
61 1
-1 -1
NODE 140 7
2dots_tau0
0 -2 1 3 -3
141 142 
NODE 141 8
2dots_tau0
0 -15 -2 7 4
145 146 
LEAF 145 9
65 classes
19 0.641509
30 0.268868
59 0.0896226
-1 -1
LEAF 146 9
65 classes
19 0.176459
40 0.170923
42 0.0997377
62 0.55288
-1 -1
NODE 142 8
2dots_tau0
0 4 0 -8 -13
143 144 
LEAF 143 9
65 classes
0 0.196889
6 0.379193
12 0.116343
27 0.203949
37 0.103626
-1 -1
LEAF 144 9
65 classes
3 0.0934793
37 0.0904517
42 0.255624
48 0.0883066
52 0.0942682
62 0.37787
-1 -1
NODE 6 3
2dots_tau0
0 15 7 1 6
7 8 
NODE 7 4
2dots_tau0
0 15 9 -7 -2
71 72 
NODE 71 5
2dots_tau0
0 10 7 5 -3
103 104 
NODE 103 6
2dots_tau0
0 -5 -15 -6 -5
119 120 
NODE 119 7
2dots_tau0
0 -13 12 -7 -14
127 128 
NODE 127 8
2dots_tau0
0 -8 0 -10 -8
131 132 
LEAF 131 9
65 classes
1 0.267543
3 0.532848
53 0.199609
-1 -1
LEAF 132 9
65 classes
14 0.812046
42 0.0454422
51 0.0975834
59 0.0449281
-1 -1
NODE 128 8
2dots_tau0
0 -4 -8 -13 9
129 130 
LEAF 129 9
65 classes
1 0.0978058
5 0.0946251
14 0.346138
23 0.213558
45 0.0969907
52 0.0982184
59 0.0526646
-1 -1
LEAF 130 9
65 classes
1 0.0654639
14 0.868796
22 0.0657401
-1 -1
NODE 120 7
2dots_tau0
0 -7 11 -4 -3
121 122 
NODE 121 8
2dots_tau0
0 10 -2 -15 -5
125 126 
LEAF 125 9
65 classes
0 0.269967
1 0.0983073
5 0.0951103
9 0.0983073
48 0.0924788
52 0.0987221
53 0.14669
56 0.100417
-1 -1
LEAF 126 9
65 classes
51 0.213527
59 0.786473
-1 -1
NODE 122 8
2dots_tau0
0 2 -4 0 2
123 124 
LEAF 123 9
65 classes
15 0.236537
19 0.289207
59 0.323232
62 0.151024
-1 -1
LEAF 124 9
65 classes
59 1
-1 -1
NODE 104 6
2dots_tau0
0 7 0 -3 -13
105 106 
NODE 105 7
2dots_tau0
0 15 1 14 -12
113 114 
NODE 113 8
2dots_tau0
0 2 -1 8 10
117 118 
LEAF 117 9
65 classes
22 0.106077
28 0.0989775
47 0.299289
51 0.123539
53 0.315239
59 0.0568785
-1 -1
LEAF 118 9
65 classes
0 0.157346
9 0.0859456
14 0.152082
22 0.172616
48 0.08085
56 0.35116
-1 -1
NODE 114 8
2dots_tau0
0 15 11 -13 15
115 116 
LEAF 115 9
65 classes
0 0.110365
23 0.131627
35 0.0655132
47 0.569341
56 0.123154
-1 -1
LEAF 116 9
65 classes
14 0.392036
44 0.0808104
51 0.0863699
53 0.440784
-1 -1
NODE 106 7
2dots_tau0
0 -14 -11 -4 -8
107 108 
NODE 107 8
2dots_tau0
0 -3 5 2 1
111 112 
LEAF 111 9
65 classes
23 0.698061
47 0.301939
-1 -1
LEAF 112 9
65 classes
1 0.519707
14 0.229908
19 0.250385
-1 -1
NODE 108 8
2dots_tau0
0 -13 -6 -3 -12
109 110 
LEAF 109 9
65 classes
47 1
-1 -1
LEAF 110 9
65 classes
23 1
-1 -1
NODE 72 5
2dots_tau0
0 -14 4 5 -7
73 74 
NODE 73 6
2dots_tau0
0 -12 -12 2 -6
89 90 
NODE 89 7
2dots_tau0
0 -7 -5 -5 -4
97 98 
NODE 97 8
2dots_tau0
0 -12 15 15 -12
101 102 
LEAF 101 9
65 classes
3 0.237218
7 0.192186
19 0.229534
24 0.201762
51 0.1393
-1 -1
LEAF 102 9
65 classes
0 0.0890387
1 0.194538
3 0.0968622
7 0.0784748
14 0.258179
19 0.093725
22 0.0976796
48 0.0915022
-1 -1
NODE 98 8
2dots_tau0
0 -15 -14 2 -9
99 100 
LEAF 99 9
65 classes
7 1
-1 -1
LEAF 100 9
65 classes
-1 -1
NODE 90 7
2dots_tau0
0 -2 -11 11 -7
91 92 
NODE 91 8
2dots_tau0
0 -5 -13 0 3
95 96 
LEAF 95 9
65 classes
-1 -1
LEAF 96 9
65 classes
15 0.455856
48 0.544144
-1 -1
NODE 92 8
2dots_tau0
0 -15 8 14 0
93 94 
LEAF 93 9
65 classes
0 1
-1 -1
LEAF 94 9
65 classes
-1 -1
NODE 74 6
2dots_tau0
0 -1 8 -15 12
75 76 
NODE 75 7
2dots_tau0
0 -6 9 9 15
83 84 
NODE 83 8
2dots_tau0
0 3 -1 5 -15
87 88 
LEAF 87 9
65 classes
35 0.633166
47 0.366834
-1 -1
LEAF 88 9
65 classes
-1 -1
NODE 84 8
2dots_tau0
0 -9 -7 10 15
85 86 
LEAF 85 9
65 classes
3 0.249993
45 0.497904
52 0.252103
-1 -1
LEAF 86 9
65 classes
22 0.515337
47 0.484663
-1 -1
NODE 76 7
2dots_tau0
0 -5 9 -10 10
77 78 
NODE 77 8
2dots_tau0
0 1 5 -2 5
81 82 
LEAF 81 9
65 classes
28 0.482688
52 0.517312
-1 -1
LEAF 82 9
65 classes
13 0.280401
19 0.238398
22 0.248457
48 0.232744
-1 -1
NODE 78 8
2dots_tau0
0 -1 -6 8 -9
79 80 
LEAF 79 9
65 classes
52 1
-1 -1
LEAF 80 9
65 classes
14 0.29704
15 0.088194
42 0.0609487
45 0.110977
47 0.105693
52 0.337147
-1 -1
NODE 8 4
2dots_tau0
0 -10 9 14 -2
9 10 
NODE 9 5
2dots_tau0
0 9 3 -8 -12
41 42 
NODE 41 6
2dots_tau0
0 4 10 -10 14
57 58 
NODE 57 7
2dots_tau0
0 -7 -13 15 5
65 66 
NODE 65 8
2dots_tau0
0 6 10 4 -3
69 70 
LEAF 69 9
65 classes
0 0.0424044
1 0.11581
3 0.0461303
19 0.0446362
24 0.313883
40 0.216179
41 0.151029
62 0.0699269
-1 -1
LEAF 70 9
65 classes
19 0.054078
24 0.190139
35 0.0304961
40 0.157144
41 0.426945
62 0.141197
-1 -1
NODE 66 8
2dots_tau0
0 3 11 14 -5
67 68 
LEAF 67 9
65 classes
0 0.235988
1 0.515604
19 0.248408
-1 -1
LEAF 68 9
65 classes
0 0.648885
35 0.128394
47 0.111581
48 0.11114
-1 -1
NODE 58 7
2dots_tau0
0 -14 6 -12 -7
59 60 
NODE 59 8
2dots_tau0
0 3 -8 1 -2
63 64 
LEAF 63 9
65 classes
0 0.334052
19 0.351633
23 0.132803
53 0.181512
-1 -1
LEAF 64 9
65 classes
10 0.171769
19 0.453415
24 0.199277
53 0.175539
-1 -1
NODE 60 8
2dots_tau0
0 4 -14 7 1
61 62 
LEAF 61 9
65 classes
0 0.487179
19 0.512821
-1 -1
LEAF 62 9
65 classes
12 0.1465
15 0.106722
19 0.130486
41 0.441506
42 0.0737527
53 0.101034
-1 -1
NODE 42 6
2dots_tau0
0 12 -13 1 3
43 44 
NODE 43 7
2dots_tau0
0 -10 -1 9 -7
51 52 
NODE 51 8
2dots_tau0
0 0 14 -5 -5
55 56 
LEAF 55 9
65 classes
30 0.762493
62 0.237507
-1 -1
LEAF 56 9
65 classes
12 0.474452
19 0.281726
30 0.0787175
42 0.0796181
51 0.0854868
-1 -1
NODE 52 8
2dots_tau0
0 -5 7 7 8
53 54 
LEAF 53 9
65 classes
23 0.52828
42 0.351381
53 0.12034
-1 -1
LEAF 54 9
65 classes
5 1
-1 -1
NODE 44 7
2dots_tau0
0 12 6 -9 -4
45 46 
NODE 45 8
2dots_tau0
0 11 9 8 3
49 50 
LEAF 49 9
65 classes
-1 -1
LEAF 50 9
65 classes
-1 -1
NODE 46 8
2dots_tau0
0 -13 -13 -8 -5
47 48 
LEAF 47 9
65 classes
1 0.0664604
5 0.0642991
21 0.103835
24 0.225161
30 0.0715727
41 0.0722264
51 0.0777276
62 0.267528
63 0.0511896
-1 -1
LEAF 48 9
65 classes
0 0.178187
3 0.193843
30 0.104816
39 0.100062
41 0.423092
-1 -1
NODE 10 5
2dots_tau0
0 5 -1 13 -13
11 12 
NODE 11 6
2dots_tau0
0 4 -2 -10 -11
27 28 
NODE 27 7
2dots_tau0
0 -6 15 -10 5
35 36 
NODE 35 8
2dots_tau0
0 0 12 10 11
39 40 
LEAF 39 9
65 classes
15 0.0880903
19 0.107706
41 0.242952
42 0.060877
53 0.500375
-1 -1
LEAF 40 9
65 classes
41 0.471466
47 0.204863
53 0.323671
-1 -1
NODE 36 8
2dots_tau0
0 2 -2 -1 -7
37 38 
LEAF 37 9
65 classes
15 0.0249606
19 0.0610373
20 0.0243952
24 0.026826
35 0.0172103
40 0.0295612
41 0.722832
42 0.0172497
48 0.0297949
51 0.0185211
54 0.0276121
-1 -1
LEAF 38 9
65 classes
19 0.141954
40 0.55
41 0.160103
52 0.147943
-1 -1
NODE 28 7
2dots_tau0
0 13 -13 -2 -5
29 30 
NODE 29 8
2dots_tau0
0 11 -10 -6 14
33 34 
LEAF 33 9
65 classes
0 0.153958
5 0.16272
14 0.148807
24 0.284905
35 0.0913908
48 0.158218
-1 -1
LEAF 34 9
65 classes
19 0.622324
51 0.377676
-1 -1
NODE 30 8
2dots_tau0
0 2 9 -2 14
31 32 
LEAF 31 9
65 classes
1 0.358531
3 0.102009
5 0.049553
40 0.334629
41 0.0556623
48 0.048182
52 0.0514348
-1 -1
LEAF 32 9
65 classes
1 0.666757
3 0.189705
19 0.0917803
35 0.0517574
-1 -1
NODE 12 6
2dots_tau0
0 9 -8 4 -5
13 14 
NODE 13 7
2dots_tau0
0 -9 3 -6 9
21 22 
NODE 21 8
2dots_tau0
0 11 12 -12 0
25 26 
LEAF 25 9
65 classes
41 0.586887
42 0.0980384
52 0.180771
53 0.134303
-1 -1
LEAF 26 9
65 classes
1 0.080192
3 0.0266188
14 0.0236502
15 0.0210659
19 0.128783
21 0.013921
40 0.0498972
42 0.480418
52 0.161061
59 0.0143934
-1 -1
NODE 22 8
2dots_tau0
0 15 8 -3 -15
23 24 
LEAF 23 9
65 classes
19 0.470801
42 0.266105
59 0.263095
-1 -1
LEAF 24 9
65 classes
1 0.0511351
5 0.0494722
14 0.0904845
21 0.0266306
23 0.167479
24 0.0433102
40 0.190905
42 0.083548
52 0.102702
53 0.038151
59 0.0275343
62 0.128649
-1 -1
NODE 14 7
2dots_tau0
0 -7 5 -11 -12
15 16 
NODE 15 8
2dots_tau0
0 4 -9 0 -15
19 20 
LEAF 19 9
65 classes
35 0.406077
48 0.175753
53 0.41817
-1 -1
LEAF 20 9
65 classes
-1 -1
NODE 16 8
2dots_tau0
0 12 -14 10 4
17 18 
LEAF 17 9
65 classes
35 0.519737
52 0.480263
-1 -1
LEAF 18 9
65 classes
3 0.501044
45 0.498956
-1 -1
