image_size: 32 32
class_number: 65
max_depth:  10
1023
NODE 0 0
2dots_tau0
0 7 -7 3 -10
1 2 
NODE 1 1
2dots_tau0
0 3 -14 11 -6
513 514 
NODE 513 2
2dots_tau0
0 -4 3 7 -13
769 770 
NODE 769 3
2dots_tau0
0 -3 -1 6 4
897 898 
NODE 897 4
2dots_tau0
0 11 7 -9 12
961 962 
NODE 961 5
2dots_tau0
0 12 8 5 -7
993 994 
NODE 993 6
2dots_tau0
0 9 12 10 6
1009 1010 
NODE 1009 7
2dots_tau0
0 -9 -1 12 11
1017 1018 
NODE 1017 8
2dots_tau0
0 11 -8 1 6
1021 1022 
LEAF 1021 9
65 classes
-1 -1
LEAF 1022 9
65 classes
3 0.479298
35 0.261535
59 0.259168
-1 -1
NODE 1018 8
2dots_tau0
0 0 11 13 3
1019 1020 
LEAF 1019 9
65 classes
5 0.0774209
19 0.154215
28 0.0749824
35 0.0434829
49 0.127537
51 0.28077
62 0.241592
-1 -1
LEAF 1020 9
65 classes
23 0.274126
28 0.0588183
41 0.136437
44 0.206067
51 0.256951
59 0.0676012
-1 -1
NODE 1010 7
2dots_tau0
0 13 10 7 -7
1011 1012 
NODE 1011 8
2dots_tau0
0 -2 -11 10 -4
1015 1016 
LEAF 1015 9
65 classes
14 0.154306
35 0.284304
40 0.162778
49 0.0926527
51 0.305959
-1 -1
LEAF 1016 9
65 classes
51 0.520612
59 0.479388
-1 -1
NODE 1012 8
2dots_tau0
0 -11 -12 7 -13
1013 1014 
LEAF 1013 9
65 classes
3 0.533203
18 0.466797
-1 -1
LEAF 1014 9
65 classes
12 0.422222
28 0.365704
35 0.212075
-1 -1
NODE 994 6
2dots_tau0
0 -5 11 -8 -7
995 996 
NODE 995 7
2dots_tau0
0 -13 9 -8 1
1003 1004 
NODE 1003 8
2dots_tau0
0 7 -15 11 8
1007 1008 
LEAF 1007 9
65 classes
15 0.134352
22 0.171199
44 0.279822
49 0.0905675
51 0.099691
55 0.0930602
63 0.131308
-1 -1
LEAF 1008 9
65 classes
24 0.354765
63 0.645235
-1 -1
NODE 1004 8
2dots_tau0
0 -2 -6 8 6
1005 1006 
LEAF 1005 9
65 classes
3 0.114969
27 0.109473
35 0.0627345
41 0.125469
44 0.0631671
47 0.109039
55 0.0630222
62 0.174277
63 0.177849
-1 -1
LEAF 1006 9
65 classes
12 0.180003
15 0.131128
20 0.128158
32 0.265183
33 0.295528
-1 -1
NODE 996 7
2dots_tau0
0 0 -15 -4 -2
997 998 
NODE 997 8
2dots_tau0
0 6 14 -4 -6
1001 1002 
LEAF 1001 9
65 classes
53 1
-1 -1
LEAF 1002 9
65 classes
27 0.640916
49 0.359084
-1 -1
NODE 998 8
2dots_tau0
0 12 -9 -15 -3
999 1000 
LEAF 999 9
65 classes
51 1
-1 -1
LEAF 1000 9
65 classes
32 0.111982
44 0.115329
51 0.123263
63 0.649425
-1 -1
NODE 962 5
2dots_tau0
0 4 -11 -6 -11
963 964 
NODE 963 6
2dots_tau0
0 -6 -2 -13 -9
979 980 
NODE 979 7
2dots_tau0
0 6 7 14 0
987 988 
NODE 987 8
2dots_tau0
0 2 13 -14 -8
991 992 
LEAF 991 9
65 classes
15 0.0514281
35 0.0354596
58 0.862849
63 0.0502631
-1 -1
LEAF 992 9
65 classes
19 0.555755
63 0.444245
-1 -1
NODE 988 8
2dots_tau0
0 6 -5 -13 -11
989 990 
LEAF 989 9
65 classes
0 0.293859
15 0.0843305
35 0.116291
47 0.101063
49 0.0568478
51 0.125149
59 0.0576195
63 0.16484
-1 -1
LEAF 990 9
65 classes
63 1
-1 -1
NODE 980 7
2dots_tau0
0 3 -4 -5 -4
981 982 
NODE 981 8
2dots_tau0
0 10 2 -5 -15
985 986 
LEAF 985 9
65 classes
51 1
-1 -1
LEAF 986 9
65 classes
15 0.590136
18 0.217608
63 0.192256
-1 -1
NODE 982 8
2dots_tau0
0 0 -14 9 -9
983 984 
LEAF 983 9
65 classes
15 0.594086
59 0.405914
-1 -1
LEAF 984 9
65 classes
15 0.422562
59 0.577438
-1 -1
NODE 964 6
2dots_tau0
0 -3 -4 -6 3
965 966 
NODE 965 7
2dots_tau0
0 0 15 -13 1
973 974 
NODE 973 8
2dots_tau0
0 -4 -6 2 14
977 978 
LEAF 977 9
65 classes
35 0.115342
41 0.230683
63 0.653975
-1 -1
LEAF 978 9
65 classes
0 0.51432
30 0.100847
53 0.139732
59 0.100847
63 0.144254
-1 -1
NODE 974 8
2dots_tau0
0 11 -4 -10 -11
975 976 
LEAF 975 9
65 classes
59 1
-1 -1
LEAF 976 9
65 classes
21 0.243795
59 0.756205
-1 -1
NODE 966 7
2dots_tau0
0 3 0 -5 -8
967 968 
NODE 967 8
2dots_tau0
0 7 3 -9 -4
971 972 
LEAF 971 9
65 classes
15 1
-1 -1
LEAF 972 9
65 classes
30 0.5
59 0.5
-1 -1
NODE 968 8
2dots_tau0
0 3 8 8 -8
969 970 
LEAF 969 9
65 classes
3 0.0346383
58 0.91984
59 0.0187298
63 0.0267915
-1 -1
LEAF 970 9
65 classes
7 0.42607
41 0.57393
-1 -1
NODE 898 4
2dots_tau0
0 3 0 -2 0
899 900 
NODE 899 5
2dots_tau0
0 -6 -13 10 -5
931 932 
NODE 931 6
2dots_tau0
0 1 9 -14 -13
947 948 
NODE 947 7
2dots_tau0
0 -9 -6 2 5
955 956 
NODE 955 8
2dots_tau0
0 -3 -7 15 6
959 960 
LEAF 959 9
65 classes
0 1
-1 -1
LEAF 960 9
65 classes
3 0.477594
23 0.261801
35 0.260605
-1 -1
NODE 956 8
2dots_tau0
0 -6 -15 -15 2
957 958 
LEAF 957 9
65 classes
0 0.10573
6 0.0254534
7 0.0232963
11 0.0645298
12 0.124953
15 0.0227564
18 0.0503474
20 0.155686
23 0.0315249
33 0.0256434
35 0.141214
40 0.0269507
49 0.0306805
59 0.0155485
63 0.155686
-1 -1
LEAF 958 9
65 classes
12 0.0121196
27 0.0106228
49 0.0238064
58 0.888774
59 0.030162
63 0.0345155
-1 -1
NODE 948 7
2dots_tau0
0 14 12 -4 8
949 950 
NODE 949 8
2dots_tau0
0 -8 14 15 3
953 954 
LEAF 953 9
65 classes
3 0.206534
28 0.0971687
41 0.112698
62 0.104359
63 0.47924
-1 -1
LEAF 954 9
65 classes
3 0.166219
4 0.0993159
5 0.0807446
7 0.269331
18 0.0727589
59 0.269636
62 0.041994
-1 -1
NODE 950 8
2dots_tau0
0 7 14 -2 9
951 952 
LEAF 951 9
65 classes
7 0.137979
28 0.160252
35 0.0929314
53 0.127599
62 0.0860549
63 0.395184
-1 -1
LEAF 952 9
65 classes
28 0.453723
35 0.263118
51 0.283159
-1 -1
NODE 932 6
2dots_tau0
0 -13 7 -15 -8
933 934 
NODE 933 7
2dots_tau0
0 0 10 5 12
941 942 
NODE 941 8
2dots_tau0
0 7 -1 -12 -6
945 946 
LEAF 945 9
65 classes
0 0.0774441
11 0.0315109
12 0.244066
22 0.0283199
27 0.0534806
33 0.150265
35 0.0153238
40 0.0526417
50 0.144859
52 0.0283199
63 0.173769
-1 -1
LEAF 946 9
65 classes
-1 -1
NODE 942 8
2dots_tau0
0 0 -7 0 -14
943 944 
LEAF 943 9
65 classes
11 0.298791
12 0.289284
63 0.411925
-1 -1
LEAF 944 9
65 classes
6 0.0431166
11 0.10931
17 0.0878601
22 0.14736
23 0.160204
27 0.0463804
33 0.0434383
35 0.0531574
39 0.0502871
47 0.0461963
49 0.0779563
52 0.0982402
53 0.0364936
-1 -1
NODE 934 7
2dots_tau0
0 0 0 -1 5
935 936 
NODE 935 8
2dots_tau0
0 2 14 -14 -9
939 940 
LEAF 939 9
65 classes
11 0.864851
15 0.0290465
18 0.0321321
47 0.0348097
49 0.039161
-1 -1
LEAF 940 9
65 classes
4 0.150025
11 0.140868
15 0.298063
55 0.275275
59 0.135769
-1 -1
NODE 936 8
2dots_tau0
0 -9 -2 9 -3
937 938 
LEAF 937 9
65 classes
35 1
-1 -1
LEAF 938 9
65 classes
0 0.139735
4 0.363312
6 0.06728
9 0.038163
11 0.0426423
12 0.0825709
33 0.101673
35 0.020737
39 0.0196173
40 0.0356188
49 0.0202741
56 0.038982
63 0.0293942
-1 -1
NODE 900 5
2dots_tau0
0 -9 -3 8 -4
901 902 
NODE 901 6
2dots_tau0
0 -14 -15 -15 1
917 918 
NODE 917 7
2dots_tau0
0 -6 6 -10 8
925 926 
NODE 925 8
2dots_tau0
0 1 8 15 -7
929 930 
LEAF 929 9
65 classes
1 0.497501
35 0.270332
40 0.232167
-1 -1
LEAF 930 9
65 classes
35 0.481657
51 0.518343
-1 -1
NODE 926 8
2dots_tau0
0 0 -3 1 13
927 928 
LEAF 927 9
65 classes
59 1
-1 -1
LEAF 928 9
65 classes
49 1
-1 -1
NODE 918 7
2dots_tau0
0 -2 -12 -7 -7
919 920 
NODE 919 8
2dots_tau0
0 8 1 9 -9
923 924 
LEAF 923 9
65 classes
18 0.0583492
24 0.056688
58 0.884963
-1 -1
LEAF 924 9
65 classes
15 0.505728
20 0.494272
-1 -1
NODE 920 8
2dots_tau0
0 5 9 12 8
921 922 
LEAF 921 9
65 classes
0 0.771127
35 0.228873
-1 -1
LEAF 922 9
65 classes
7 0.207653
19 0.248006
45 0.25524
51 0.15051
59 0.138592
-1 -1
NODE 902 6
2dots_tau0
0 -1 -6 -8 -4
903 904 
NODE 903 7
2dots_tau0
0 9 0 -12 3
911 912 
NODE 911 8
2dots_tau0
0 -6 2 12 -7
915 916 
LEAF 915 9
65 classes
6 0.0592525
11 0.375544
22 0.0675029
23 0.0733861
27 0.0637378
28 0.062985
35 0.073051
39 0.172767
63 0.051774
-1 -1
LEAF 916 9
65 classes
0 0.0727939
3 0.039595
11 0.0444282
15 0.0313351
20 0.0306253
23 0.0434092
33 0.529657
49 0.0422464
55 0.0434092
63 0.122501
-1 -1
NODE 912 8
2dots_tau0
0 3 -9 -14 0
913 914 
LEAF 913 9
65 classes
24 0.523729
63 0.476271
-1 -1
LEAF 914 9
65 classes
20 0.223376
49 0.30814
59 0.468484
-1 -1
NODE 904 7
2dots_tau0
0 15 9 -10 15
905 906 
NODE 905 8
2dots_tau0
0 0 -13 7 -12
909 910 
LEAF 909 9
65 classes
18 0.36107
52 0.415916
59 0.223014
-1 -1
LEAF 910 9
65 classes
1 0.399676
37 0.385113
59 0.21521
-1 -1
NODE 906 8
2dots_tau0
0 0 0 -15 12
907 908 
LEAF 907 9
65 classes
27 1
-1 -1
LEAF 908 9
65 classes
0 0.37832
1 0.206645
52 0.415035
-1 -1
NODE 770 3
2dots_tau0
0 0 -7 6 13
771 772 
NODE 771 4
2dots_tau0
0 13 -15 -12 11
835 836 
NODE 835 5
2dots_tau0
0 8 6 4 -14
867 868 
NODE 867 6
2dots_tau0
0 15 0 -15 -15
883 884 
NODE 883 7
2dots_tau0
0 -13 12 11 -5
891 892 
NODE 891 8
2dots_tau0
0 4 2 15 -14
895 896 
LEAF 895 9
65 classes
6 0.168917
28 0.179558
35 0.104127
55 0.104605
63 0.442793
-1 -1
LEAF 896 9
65 classes
42 0.168253
59 0.831747
-1 -1
NODE 892 8
2dots_tau0
0 -4 0 -13 -11
893 894 
LEAF 893 9
65 classes
6 0.0228901
11 0.0290157
12 0.280924
19 0.0250216
33 0.115305
46 0.412022
49 0.0275908
54 0.0452772
55 0.0141751
59 0.0139827
61 0.0137954
-1 -1
LEAF 894 9
65 classes
4 0.0718398
13 0.136838
17 0.162656
20 0.0464982
33 0.0536118
35 0.0656071
37 0.0581698
48 0.0567903
50 0.103367
52 0.0606243
54 0.0526299
55 0.098862
59 0.0325067
-1 -1
NODE 884 7
2dots_tau0
0 -10 9 2 -5
885 886 
NODE 885 8
2dots_tau0
0 13 -15 1 15
889 890 
LEAF 889 9
65 classes
17 0.109776
20 0.0941448
22 0.368237
33 0.108548
35 0.132834
48 0.114983
51 0.071476
-1 -1
LEAF 890 9
65 classes
-1 -1
NODE 886 8
2dots_tau0
0 -2 -9 9 -8
887 888 
LEAF 887 9
65 classes
13 0.102472
33 0.401478
35 0.0491306
55 0.098712
63 0.348207
-1 -1
LEAF 888 9
65 classes
11 0.08117
13 0.0823296
18 0.0633305
33 0.32256
35 0.0789462
37 0.0699968
41 0.0789462
48 0.0683368
51 0.0424796
63 0.111904
-1 -1
NODE 868 6
2dots_tau0
0 7 0 5 14
869 870 
NODE 869 7
2dots_tau0
0 -8 14 -1 10
877 878 
NODE 877 8
2dots_tau0
0 -10 0 -1 12
881 882 
LEAF 881 9
65 classes
1 0.00660102
4 0.0628417
11 0.0221274
13 0.231916
19 0.0190815
20 0.0203371
21 0.0137509
22 0.0132577
27 0.00625913
28 0.00618521
35 0.00358686
39 0.00678636
42 0.0251654
46 0.418945
47 0.0187029
49 0.0280543
51 0.0193003
55 0.0684629
59 0.0035544
63 0.00508428
-1 -1
LEAF 882 9
65 classes
1 0.0476816
4 0.0851116
11 0.026639
13 0.189137
20 0.0367256
21 0.012416
23 0.078084
32 0.0253308
35 0.0518183
39 0.0122551
47 0.0450326
49 0.101323
52 0.0478828
53 0.0177872
54 0.0207843
63 0.201991
-1 -1
NODE 878 8
2dots_tau0
0 6 14 11 8
879 880 
LEAF 879 9
65 classes
0 0.0686436
3 0.0373375
16 0.135721
20 0.0288792
22 0.0376526
32 0.0597567
33 0.0332972
41 0.162989
50 0.0320995
55 0.163737
62 0.0377322
63 0.202154
-1 -1
LEAF 880 9
65 classes
4 0.00997989
9 0.00838646
11 0.0374832
12 0.0181453
13 0.351672
19 0.00808088
21 0.270789
23 0.0549352
27 0.0159042
28 0.00785818
30 0.00451579
32 0.0801956
39 0.0344878
40 0.00782737
49 0.00891062
51 0.00980825
52 0.0252656
54 0.00731128
55 0.0274676
59 0.00451579
63 0.00645948
-1 -1
NODE 870 7
2dots_tau0
0 3 -3 10 0
871 872 
NODE 871 8
2dots_tau0
0 -6 7 -11 8
875 876 
LEAF 875 9
65 classes
0 0.237014
9 0.129462
14 0.114542
16 0.117155
32 0.137553
51 0.15141
54 0.112864
-1 -1
LEAF 876 9
65 classes
5 0.0840684
20 0.334641
22 0.174522
28 0.0814206
47 0.0820668
51 0.101626
55 0.0948662
59 0.0467892
-1 -1
NODE 872 8
2dots_tau0
0 -1 1 -15 -13
873 874 
LEAF 873 9
65 classes
21 0.261228
33 0.445452
51 0.29332
-1 -1
LEAF 874 9
65 classes
-1 -1
NODE 836 5
2dots_tau0
0 5 12 3 9
837 838 
NODE 837 6
2dots_tau0
0 14 15 -14 1
853 854 
NODE 853 7
2dots_tau0
0 -11 6 -2 -12
861 862 
NODE 861 8
2dots_tau0
0 -1 15 4 9
865 866 
LEAF 865 9
65 classes
5 0.0254274
7 0.212039
22 0.316716
42 0.0143138
44 0.0143796
47 0.322686
51 0.0153689
53 0.0588258
63 0.0202432
-1 -1
LEAF 866 9
65 classes
1 0.100387
17 0.090159
22 0.403243
40 0.0936947
47 0.0948101
55 0.109597
59 0.108109
-1 -1
NODE 862 8
2dots_tau0
0 -8 -10 -13 3
863 864 
LEAF 863 9
65 classes
3 0.0587978
5 0.0571247
12 0.0638757
13 0.26767
22 0.0592939
23 0.128924
35 0.0320837
45 0.0585528
47 0.0557645
48 0.0555441
54 0.10295
62 0.0594193
-1 -1
LEAF 864 9
65 classes
17 0.0695662
22 0.077785
35 0.0420892
47 0.365775
49 0.123449
53 0.0577901
55 0.0845645
63 0.178981
-1 -1
NODE 854 7
2dots_tau0
0 8 7 5 2
855 856 
NODE 855 8
2dots_tau0
0 14 -3 14 -4
859 860 
LEAF 859 9
65 classes
1 0.215749
4 0.0641853
12 0.0583503
15 0.0425068
22 0.162494
35 0.0293084
47 0.305644
51 0.0946221
62 0.0271397
-1 -1
LEAF 860 9
65 classes
23 0.503417
30 0.496583
-1 -1
NODE 856 8
2dots_tau0
0 12 -9 -8 0
857 858 
LEAF 857 9
65 classes
1 0.0576199
5 0.0557461
22 0.115726
28 0.107981
47 0.489769
54 0.0502328
55 0.0629062
59 0.0310261
62 0.0289927
-1 -1
LEAF 858 9
65 classes
0 0.0965982
12 0.0570807
22 0.158959
28 0.19776
30 0.0284112
47 0.348827
51 0.0308545
59 0.0284112
62 0.0530984
-1 -1
NODE 838 6
2dots_tau0
0 10 -13 -7 5
839 840 
NODE 839 7
2dots_tau0
0 -4 1 -3 -15
847 848 
NODE 847 8
2dots_tau0
0 15 1 0 -1
851 852 
LEAF 851 9
65 classes
0 0.286684
1 0.156592
5 0.303
12 0.169404
59 0.084319
-1 -1
LEAF 852 9
65 classes
7 0.0646776
18 0.0698898
22 0.0805059
27 0.0760156
28 0.0751177
35 0.0871229
41 0.174246
51 0.140638
53 0.0598116
54 0.0698898
62 0.0403381
63 0.0617473
-1 -1
NODE 848 8
2dots_tau0
0 5 6 15 7
849 850 
LEAF 849 9
65 classes
1 0.020699
5 0.0600775
20 0.0478287
24 0.035063
28 0.0193951
30 0.0111456
33 0.0551458
35 0.112474
40 0.0965952
41 0.0899791
48 0.136302
53 0.0154431
54 0.0541358
62 0.197887
63 0.0478287
-1 -1
LEAF 850 9
65 classes
1 0.0524288
5 0.253619
13 0.178258
14 0.0927737
22 0.1053
23 0.0572388
28 0.0982524
39 0.0269505
48 0.0493204
55 0.0858582
-1 -1
NODE 840 7
2dots_tau0
0 8 -4 -3 9
841 842 
NODE 841 8
2dots_tau0
0 0 -13 1 -2
845 846 
LEAF 845 9
65 classes
1 0.14155
5 0.0342367
6 0.0623868
12 0.0765656
19 0.0340981
35 0.0576864
40 0.0990849
41 0.0384576
47 0.0334215
53 0.0264019
62 0.17806
63 0.218051
-1 -1
LEAF 846 9
65 classes
12 0.0914333
15 0.0666071
22 0.0848748
28 0.0791942
35 0.183702
48 0.159015
59 0.227549
62 0.0425271
63 0.0650982
-1 -1
NODE 842 8
2dots_tau0
0 -4 -8 -9 10
843 844 
LEAF 843 9
65 classes
0 0.644058
35 0.0764635
47 0.132901
59 0.0757716
62 0.0708056
-1 -1
LEAF 844 9
65 classes
0 0.137306
1 0.149998
27 0.284458
48 0.0705523
54 0.196151
59 0.161536
-1 -1
NODE 772 4
2dots_tau0
0 0 7 -3 -15
773 774 
NODE 773 5
2dots_tau0
0 -12 7 -6 0
805 806 
NODE 805 6
2dots_tau0
0 -8 15 5 13
821 822 
NODE 821 7
2dots_tau0
0 -1 -10 4 -6
829 830 
NODE 829 8
2dots_tau0
0 8 9 0 1
833 834 
LEAF 833 9
65 classes
0 0.197648
1 0.539795
7 0.0870992
41 0.117325
59 0.0581318
-1 -1
LEAF 834 9
65 classes
15 0.362583
24 0.38968
59 0.247738
-1 -1
NODE 830 8
2dots_tau0
0 -15 -15 -7 2
831 832 
LEAF 831 9
65 classes
7 0.095135
14 0.0521651
35 0.0320375
45 0.0584684
52 0.0592085
53 0.527865
54 0.0514008
56 0.0602249
59 0.0634951
-1 -1
LEAF 832 9
65 classes
0 0.0519585
1 0.113523
9 0.0567614
19 0.109386
22 0.0570009
27 0.161465
45 0.112577
47 0.107216
53 0.169394
59 0.0305638
61 0.0301545
-1 -1
NODE 822 7
2dots_tau0
0 -11 8 2 -14
823 824 
NODE 823 8
2dots_tau0
0 -12 14 -6 -8
827 828 
LEAF 827 9
65 classes
1 0.0368662
5 0.0356673
7 0.0148714
10 0.0134573
15 0.0145267
18 0.0160699
20 0.18457
24 0.234186
28 0.0345439
35 0.0300485
39 0.00947533
40 0.0344085
47 0.017409
48 0.0693609
50 0.0315617
51 0.0215581
54 0.112489
59 0.0595531
61 0.0293778
-1 -1
LEAF 828 9
65 classes
4 0.0496782
17 0.037493
19 0.0402253
20 0.514467
35 0.0226841
40 0.194817
41 0.0453682
54 0.0727886
59 0.0224788
-1 -1
NODE 824 8
2dots_tau0
0 1 -14 8 12
825 826 
LEAF 825 9
65 classes
0 0.0186207
2 0.0186207
4 0.0242069
5 0.157443
9 0.020342
17 0.0365388
18 0.017734
24 0.0172291
27 0.0964419
28 0.0190606
30 0.0109534
32 0.0432267
33 0.0361297
37 0.0196007
40 0.132901
41 0.0221068
51 0.0475812
53 0.0758838
54 0.106404
55 0.0111041
56 0.0207785
59 0.0109534
62 0.020471
63 0.0156679
-1 -1
LEAF 826 9
65 classes
4 0.0486559
5 0.0474692
9 0.0163549
10 0.00597005
11 0.00913726
17 0.0293771
18 0.0641616
20 0.107074
24 0.193931
27 0.0852932
30 0.00440325
32 0.0260657
33 0.0580966
37 0.078795
39 0.00840707
40 0.0534261
44 0.00894821
45 0.00810932
47 0.00772316
48 0.0153853
52 0.00821196
54 0.0499035
55 0.0312469
56 0.0167059
61 0.0130328
62 0.00411466
-1 -1
NODE 806 6
2dots_tau0
0 15 8 5 -1
807 808 
NODE 807 7
2dots_tau0
0 -15 15 4 8
815 816 
NODE 815 8
2dots_tau0
0 2 -4 6 1
819 820 
LEAF 819 9
65 classes
22 0.480821
55 0.261364
59 0.257816
-1 -1
LEAF 820 9
65 classes
4 0.318277
30 0.288033
48 0.251602
61 0.142088
-1 -1
NODE 816 8
2dots_tau0
0 0 10 -7 -8
817 818 
LEAF 817 9
65 classes
2 0.05362
4 0.162647
6 0.0860569
11 0.0436345
12 0.0633691
18 0.0510667
19 0.0188141
20 0.135352
27 0.0185142
30 0.0210275
32 0.0103729
33 0.0520194
37 0.0752562
39 0.0702581
40 0.0182238
44 0.0106829
50 0.0501482
54 0.0170222
59 0.0315412
61 0.0103729
-1 -1
LEAF 818 9
65 classes
5 0.230007
18 0.20726
20 0.183113
21 0.0619057
35 0.0645911
39 0.0611035
59 0.19202
-1 -1
NODE 808 7
2dots_tau0
0 -8 -10 -11 12
809 810 
NODE 809 8
2dots_tau0
0 14 15 -4 2
813 814 
LEAF 813 9
65 classes
6 0.118987
18 0.176519
20 0.155954
22 0.0677774
30 0.0726844
35 0.0366741
41 0.0733481
45 0.0669302
50 0.231126
-1 -1
LEAF 814 9
65 classes
1 0.0326267
4 0.0388258
12 0.247073
19 0.0628757
32 0.0173329
33 0.0289745
35 0.141829
40 0.0304516
41 0.283659
44 0.0178509
62 0.0985009
-1 -1
NODE 810 8
2dots_tau0
0 9 6 15 -14
811 812 
LEAF 811 9
65 classes
2 0.128815
4 0.0837299
11 0.0524131
32 0.373794
33 0.0416566
35 0.0254885
37 0.0677975
39 0.0120561
41 0.0764656
48 0.0220632
50 0.0803164
62 0.0354037
-1 -1
LEAF 812 9
65 classes
2 0.207005
13 0.0320364
22 0.0283867
30 0.0913255
32 0.540615
45 0.0280319
50 0.0726005
-1 -1
NODE 774 5
2dots_tau0
0 1 -6 -13 -13
775 776 
NODE 775 6
2dots_tau0
0 14 15 -3 -7
791 792 
NODE 791 7
2dots_tau0
0 -15 4 -3 -5
799 800 
NODE 799 8
2dots_tau0
0 -6 -13 0 -8
803 804 
LEAF 803 9
65 classes
0 0.0234743
1 0.0256442
3 0.102147
5 0.0248102
7 0.0206892
14 0.0226889
17 0.0460627
23 0.0279968
27 0.145896
28 0.0240288
47 0.169536
52 0.0772571
53 0.0382653
55 0.0139984
56 0.183361
59 0.0276168
61 0.0136235
62 0.0129034
-1 -1
LEAF 804 9
65 classes
17 0.301167
23 0.0406775
27 0.247306
28 0.0349122
30 0.0401253
37 0.0718032
47 0.140757
53 0.0833952
59 0.0200627
61 0.019794
-1 -1
NODE 800 8
2dots_tau0
0 5 2 -8 -3
801 802 
LEAF 801 9
65 classes
3 0.0636462
4 0.0950716
6 0.0281694
11 0.0714153
17 0.0143504
18 0.208948
21 0.0166427
23 0.104666
30 0.0258113
32 0.00848853
35 0.0173647
37 0.0615848
39 0.0246406
42 0.0087022
45 0.0475358
48 0.0300622
51 0.0467182
52 0.0160458
55 0.00872216
61 0.0933739
62 0.00803988
-1 -1
LEAF 802 9
65 classes
1 0.102986
18 0.448913
23 0.337302
32 0.0547112
42 0.0560884
-1 -1
NODE 792 7
2dots_tau0
0 13 -11 -6 8
793 794 
NODE 793 8
2dots_tau0
0 -2 4 -7 -14
797 798 
LEAF 797 9
65 classes
1 0.06547
6 0.115421
9 0.06547
11 0.0731543
12 0.0708267
18 0.171229
27 0.124158
37 0.126169
45 0.0649244
48 0.123177
-1 -1
LEAF 798 9
65 classes
7 0.0421874
11 0.0584286
37 0.302315
39 0.0537593
42 0.0284789
45 0.0518553
48 0.147573
52 0.157535
62 0.157868
-1 -1
NODE 794 8
2dots_tau0
0 -15 13 -3 -2
795 796 
LEAF 795 9
65 classes
27 0.35331
48 0.584195
62 0.0624953
-1 -1
LEAF 796 9
65 classes
18 0.351816
27 0.042517
35 0.292377
37 0.0432055
45 0.0444657
62 0.225619
-1 -1
NODE 776 6
2dots_tau0
0 -13 10 6 -1
777 778 
NODE 777 7
2dots_tau0
0 -10 10 -13 3
785 786 
NODE 785 8
2dots_tau0
0 -8 9 -15 0
789 790 
LEAF 789 9
65 classes
1 0.290427
5 0.0401403
7 0.23431
14 0.0734164
24 0.0351406
30 0.0670215
40 0.193618
51 0.0242617
52 0.0416646
-1 -1
LEAF 790 9
65 classes
1 0.551169
7 0.148224
40 0.0857374
51 0.21487
-1 -1
NODE 786 8
2dots_tau0
0 13 -13 0 -4
787 788 
LEAF 787 9
65 classes
1 0.233568
7 0.376876
42 0.127206
51 0.136583
59 0.125767
-1 -1
LEAF 788 9
65 classes
3 0.0977391
5 0.664705
7 0.237556
-1 -1
NODE 778 7
2dots_tau0
0 -13 11 15 -5
779 780 
NODE 779 8
2dots_tau0
0 -5 8 -13 0
783 784 
LEAF 783 9
65 classes
1 0.0391058
3 0.214182
4 0.0465359
5 0.018917
41 0.148745
47 0.0184666
48 0.0183936
53 0.102116
62 0.393538
-1 -1
LEAF 784 9
65 classes
1 0.023955
3 0.166984
4 0.057013
14 0.0211944
17 0.064543
20 0.0738033
24 0.060868
41 0.260333
42 0.0521858
48 0.0901392
51 0.0140081
53 0.0178724
61 0.0127261
62 0.0843744
-1 -1
NODE 780 8
2dots_tau0
0 -5 13 14 3
781 782 
LEAF 781 9
65 classes
1 0.040832
5 0.0790082
20 0.0314499
30 0.0659593
41 0.354996
42 0.022238
48 0.115233
51 0.0238772
53 0.182784
59 0.0219864
62 0.0616364
-1 -1
LEAF 782 9
65 classes
1 0.0394695
3 0.0196522
4 0.0234844
11 0.022051
21 0.0102776
28 0.0184916
30 0.0956376
39 0.071011
41 0.128681
45 0.0195703
51 0.0230804
52 0.19818
53 0.0441712
55 0.0107726
56 0.141108
59 0.0212528
61 0.0733886
62 0.0397198
-1 -1
NODE 514 2
2dots_tau0
0 9 -9 -8 1
515 516 
NODE 515 3
2dots_tau0
0 -8 14 -7 -9
643 644 
NODE 643 4
2dots_tau0
0 3 -8 -11 3
707 708 
NODE 707 5
2dots_tau0
0 -2 15 6 -10
739 740 
NODE 739 6
2dots_tau0
0 9 -11 0 6
755 756 
NODE 755 7
2dots_tau0
0 -13 -11 6 2
763 764 
NODE 763 8
2dots_tau0
0 8 -13 -13 6
767 768 
LEAF 767 9
65 classes
1 0.0188475
4 0.044857
7 0.0152058
14 0.0166755
15 0.0148533
42 0.502973
44 0.175303
48 0.0354601
51 0.0771496
59 0.0101486
61 0.0600763
62 0.0284505
-1 -1
LEAF 768 9
65 classes
2 0.186115
14 0.0899438
28 0.0952555
42 0.110732
44 0.111241
51 0.297234
59 0.109479
-1 -1
NODE 764 8
2dots_tau0
0 -15 6 15 -7
765 766 
LEAF 765 9
65 classes
4 0.155581
10 0.0954485
22 0.032823
27 0.123969
35 0.0355208
37 0.0944824
39 0.0840071
40 0.15253
48 0.0614945
51 0.0191132
54 0.0284947
56 0.0333865
61 0.017364
62 0.0657848
-1 -1
LEAF 766 9
65 classes
1 0.013058
2 0.0119531
3 0.0173378
4 0.0103593
9 0.0739951
10 0.0031777
11 0.0243176
12 0.00470878
16 0.00787781
17 0.00781835
19 0.0167762
21 0.0929392
22 0.00437102
23 0.0237599
27 0.0288905
30 0.0210936
32 0.106368
33 0.0193271
35 0.00236514
37 0.0293584
39 0.132009
40 0.0324998
41 0.00473028
42 0.0568933
44 0.026196
45 0.0517966
48 0.0163784
50 0.0186319
51 0.0203623
52 0.0437102
59 0.00234374
61 0.0439346
62 0.0306618
-1 -1
NODE 756 7
2dots_tau0
0 14 14 4 -12
757 758 
NODE 757 8
2dots_tau0
0 -6 1 -9 15
761 762 
LEAF 761 9
65 classes
6 0.0218432
9 0.0743402
11 0.0553771
13 0.14042
15 0.0195287
18 0.0216031
23 0.054107
28 0.0928765
32 0.0789865
33 0.0880247
35 0.013465
37 0.0477543
39 0.127379
49 0.0263288
50 0.0636438
51 0.0144906
52 0.0248846
54 0.0216031
59 0.0133431
-1 -1
LEAF 762 9
65 classes
9 0.0586265
10 0.235405
11 0.0327538
13 0.155035
15 0.0269514
16 0.0574748
20 0.0263408
21 0.00508866
23 0.0266688
28 0.0457779
32 0.0129772
33 0.00433865
44 0.00267301
45 0.0145345
48 0.00459589
49 0.00259544
50 0.188216
51 0.0057138
52 0.0539677
54 0.0127776
56 0.0199615
63 0.00752595
-1 -1
NODE 758 8
2dots_tau0
0 0 15 0 8
759 760 
LEAF 759 9
65 classes
0 0.046313
9 0.101188
15 0.119616
24 0.171407
33 0.359444
35 0.0549834
37 0.0487505
41 0.0549834
50 0.0433143
-1 -1
LEAF 760 9
65 classes
0 0.164288
9 0.0717895
11 0.0401078
12 0.116495
15 0.0565758
17 0.0322376
24 0.0608039
33 0.28689
41 0.0390089
50 0.0614601
51 0.0209901
54 0.0312929
62 0.0180612
-1 -1
NODE 740 6
2dots_tau0
0 15 4 5 4
741 742 
NODE 741 7
2dots_tau0
0 0 -12 -7 9
749 750 
NODE 749 8
2dots_tau0
0 2 7 13 7
753 754 
LEAF 753 9
65 classes
1 0.012518
5 0.0363327
9 0.0625899
10 0.173639
11 0.0139872
12 0.0270843
13 0.014187
16 0.135937
20 0.0192834
22 0.0125708
23 0.0683321
28 0.105565
30 0.00674045
32 0.146304
37 0.0241237
42 0.0272703
49 0.0266007
51 0.0219603
55 0.0136664
56 0.0383598
61 0.00665017
62 0.00629868
-1 -1
LEAF 754 9
65 classes
4 0.0977083
5 0.00273923
9 0.0396383
10 0.0124022
11 0.0632723
13 0.00962644
14 0.00250502
15 0.00446259
16 0.00768651
17 0.0432281
19 0.00272814
21 0.0973176
22 0.011373
23 0.0123642
28 0.0159177
30 0.0487856
32 0.0391074
35 0.00307694
37 0.0272814
39 0.155728
40 0.0052851
42 0.0292978
44 0.0154908
46 0.0449234
47 0.0240661
49 0.0300826
51 0.00496696
52 0.00852975
53 0.00422477
55 0.0185463
56 0.0549492
58 0.0374361
61 0.0195537
62 0.00569852
-1 -1
NODE 750 8
2dots_tau0
0 14 -15 10 -4
751 752 
LEAF 751 9
65 classes
1 0.00924595
2 0.042318
7 0.0149189
9 0.0369838
14 0.0163609
15 0.00728654
16 0.0167341
19 0.0178181
21 0.0192607
28 0.0259906
30 0.373394
32 0.0638548
39 0.0142583
40 0.0258887
42 0.00503555
44 0.0050587
45 0.0275067
48 0.00869777
50 0.0316624
51 0.0216269
52 0.0557098
53 0.0620841
59 0.00497859
61 0.0933263
-1 -1
LEAF 752 9
65 classes
1 0.0279904
2 0.0102488
3 0.00557466
4 0.0133234
7 0.00451642
9 0.0503828
10 0.0490434
11 0.00625514
13 0.025378
14 0.00495295
15 0.00882347
16 0.101319
17 0.00502772
19 0.00539411
20 0.021559
23 0.00611167
28 0.0524545
30 0.0241148
35 0.00304188
39 0.0892067
40 0.0156746
42 0.00609769
44 0.1072
45 0.03886
47 0.0317225
48 0.0368633
50 0.0623039
51 0.00327357
52 0.00562171
53 0.0918858
54 0.00488038
56 0.0571822
59 0.00602871
61 0.0148699
62 0.0028168
-1 -1
NODE 742 7
2dots_tau0
0 6 8 -13 15
743 744 
NODE 743 8
2dots_tau0
0 -15 -13 10 10
747 748 
LEAF 747 9
65 classes
0 0.0643607
2 0.0643607
3 0.0100023
6 0.0177077
11 0.0112232
12 0.0108661
15 0.0237471
16 0.136343
17 0.00902091
22 0.0100867
24 0.00850726
28 0.0282347
33 0.160559
35 0.0272893
37 0.0096783
40 0.028124
41 0.0218314
44 0.021982
45 0.00996059
46 0.159369
52 0.0100867
53 0.00749386
54 0.0262697
55 0.00548289
56 0.0410393
61 0.0106721
62 0.065702
-1 -1
LEAF 748 9
65 classes
0 0.00446683
1 0.0073196
2 0.0156339
3 0.00242966
4 0.0116138
5 0.00708156
6 0.021507
7 0.00196843
9 0.0780757
10 0.0035625
11 0.0218099
12 0.0290344
13 0.0221215
16 0.0794858
17 0.0613557
24 0.00206651
27 0.0069405
30 0.0354719
32 0.0998058
33 0.0476684
35 0.00795463
37 0.0305625
40 0.00910883
41 0.0265154
42 0.00531522
44 0.00400475
45 0.0217758
48 0.00229521
49 0.00777707
50 0.202614
52 0.00980064
53 0.00546102
54 0.0148894
56 0.0398756
61 0.0311083
62 0.0196427
63 0.00187925
-1 -1
NODE 744 8
2dots_tau0
0 9 -11 -4 5
745 746 
LEAF 745 9
65 classes
0 0.00746972
1 0.0040801
2 0.0298789
3 0.00812605
5 0.00789483
7 0.00329174
9 0.126483
10 0.053617
14 0.0036099
15 0.0128618
16 0.0295381
19 0.0157257
20 0.0345686
22 0.00819463
23 0.00890884
28 0.179685
30 0.0109849
33 0.00724674
40 0.0190405
42 0.137771
45 0.0242766
47 0.0385343
49 0.0520213
50 0.0174652
51 0.0167013
53 0.112631
54 0.00355701
55 0.011136
56 0.012503
59 0.00219698
-1 -1
LEAF 746 9
65 classes
0 0.074007
5 0.0782188
9 0.080848
15 0.0637147
19 0.0779022
22 0.162378
28 0.0757552
49 0.128852
50 0.0692152
51 0.189109
-1 -1
NODE 708 5
2dots_tau0
0 8 3 4 11
709 710 
NODE 709 6
2dots_tau0
0 -4 2 2 14
725 726 
NODE 725 7
2dots_tau0
0 5 0 10 7
733 734 
NODE 733 8
2dots_tau0
0 9 0 7 14
737 738 
LEAF 737 9
65 classes
0 0.0144978
2 0.0289956
3 0.0473151
6 0.0139609
9 0.0950277
12 0.0342676
13 0.0179497
14 0.0280255
15 0.0124816
17 0.0426728
19 0.213652
22 0.0636191
27 0.045053
30 0.0341125
32 0.00841391
41 0.017212
45 0.0628239
49 0.0168278
50 0.0406773
51 0.101877
53 0.0236328
56 0.0161778
59 0.00852813
63 0.0121988
-1 -1
LEAF 738 9
65 classes
2 0.144942
51 0.185184
56 0.161738
59 0.25578
61 0.252355
-1 -1
NODE 734 8
2dots_tau0
0 13 -14 10 13
735 736 
LEAF 735 9
65 classes
1 0.00628825
3 0.0125239
5 0.0182513
7 0.0760984
9 0.00628825
14 0.267052
15 0.0148669
17 0.0451805
19 0.0908868
21 0.00327484
23 0.0137303
30 0.111737
35 0.0034169
44 0.0619284
45 0.0187075
49 0.00668126
51 0.0845746
53 0.0140746
55 0.0171629
56 0.00642319
59 0.0440177
61 0.0768345
-1 -1
LEAF 736 9
65 classes
3 0.034643
5 0.0224382
7 0.0467779
9 0.0115962
14 0.0410393
17 0.0208294
19 0.0446947
21 0.0241566
30 0.0187323
35 0.00630113
41 0.0378068
42 0.00631555
44 0.171304
50 0.0198554
55 0.00633003
59 0.0374646
61 0.449715
-1 -1
NODE 726 7
2dots_tau0
0 -3 -14 -4 7
727 728 
NODE 727 8
2dots_tau0
0 0 -4 -5 -14
731 732 
LEAF 731 9
65 classes
1 0.0499608
5 0.0483361
7 0.100768
10 0.0182372
14 0.0221016
21 0.0130095
22 0.100343
28 0.0234068
42 0.0272098
44 0.0820046
49 0.0530834
51 0.0584308
52 0.0752574
56 0.102066
59 0.013451
61 0.212333
-1 -1
LEAF 732 9
65 classes
1 0.0507824
7 0.0921829
14 0.112325
23 0.0277207
24 0.0430114
40 0.0236985
41 0.0413911
44 0.152814
47 0.0119903
51 0.0816636
52 0.0254983
53 0.0189439
56 0.311233
61 0.00674454
-1 -1
NODE 728 8
2dots_tau0
0 -12 -7 -15 -9
729 730 
LEAF 729 9
65 classes
1 0.0211787
2 0.00484666
3 0.0210901
4 0.00630066
7 0.0256298
9 0.137662
11 0.00591611
19 0.0663228
23 0.00578042
27 0.00502045
30 0.0399137
32 0.0028128
39 0.008165
40 0.00988339
42 0.0028836
44 0.112977
45 0.320284
47 0.00500053
48 0.00498076
50 0.0498614
51 0.0061923
52 0.0425361
56 0.0162249
59 0.00570196
61 0.0675071
62 0.00532826
-1 -1
LEAF 730 9
65 classes
1 0.0916962
3 0.0228281
7 0.0246595
9 0.106979
14 0.0135215
16 0.00691499
19 0.0294517
21 0.0198976
22 0.00767359
28 0.00716
30 0.0123437
39 0.00392795
40 0.0285277
42 0.0083233
44 0.150508
45 0.136398
52 0.0844095
53 0.119722
56 0.0156107
59 0.00411457
61 0.101487
62 0.00384491
-1 -1
NODE 710 6
2dots_tau0
0 1 -10 0 -9
711 712 
NODE 711 7
2dots_tau0
0 -13 7 12 -7
719 720 
NODE 719 8
2dots_tau0
0 14 -10 -4 -3
723 724 
LEAF 723 9
65 classes
1 0.182179
10 0.155169
19 0.0292568
22 0.152456
24 0.154301
40 0.0283389
45 0.0301101
48 0.028563
50 0.0259943
51 0.0355107
52 0.0304913
54 0.132352
62 0.0152779
-1 -1
LEAF 724 9
65 classes
1 0.524517
40 0.19582
51 0.061344
52 0.105346
59 0.112973
-1 -1
NODE 720 8
2dots_tau0
0 15 -5 -8 -9
721 722 
LEAF 721 9
65 classes
1 0.169845
3 0.00768794
4 0.00918709
6 0.00680525
9 0.00772024
11 0.00862637
13 0.0174992
14 0.0614749
16 0.0139728
19 0.0223168
20 0.00594633
22 0.155056
30 0.0207853
35 0.0419502
39 0.0198425
40 0.0288222
41 0.00839003
42 0.00420462
44 0.0633592
45 0.0918709
49 0.00410138
50 0.0132188
51 0.0496599
52 0.0775281
53 0.00575993
54 0.0201914
56 0.0157718
59 0.00415705
61 0.0287096
62 0.0155384
-1 -1
LEAF 722 9
65 classes
1 0.148819
4 0.265642
13 0.0843309
14 0.0658345
28 0.139445
35 0.202163
39 0.0382494
53 0.0555156
-1 -1
NODE 712 7
2dots_tau0
0 8 9 7 2
713 714 
NODE 713 8
2dots_tau0
0 -1 -11 -1 -3
717 718 
LEAF 717 9
65 classes
3 0.018146
6 0.0160626
10 0.0931237
14 0.0322446
22 0.0548975
23 0.377987
40 0.13606
42 0.00992427
48 0.0685677
52 0.164693
56 0.0186133
61 0.00968059
-1 -1
LEAF 718 9
65 classes
1 0.0817285
2 0.0299252
3 0.105802
5 0.00790706
7 0.00659369
10 0.190934
11 0.0091321
13 0.00926256
14 0.00723099
19 0.0236252
21 0.00425632
22 0.098488
23 0.0178453
24 0.0069222
30 0.0660115
35 0.00888191
39 0.00420116
40 0.0762799
41 0.00888191
44 0.0402442
45 0.0972569
49 0.0130255
51 0.0286752
52 0.024622
53 0.00609761
59 0.00880153
61 0.0173673
-1 -1
NODE 714 8
2dots_tau0
0 1 10 5 -1
715 716 
LEAF 715 9
65 classes
1 0.0596121
10 0.087041
14 0.105485
19 0.11488
23 0.0650811
30 0.192593
42 0.0649322
44 0.0326154
48 0.0560778
49 0.0633379
61 0.158345
-1 -1
LEAF 716 9
65 classes
2 0.0831823
9 0.0454357
19 0.306461
22 0.136882
24 0.0384829
32 0.0241377
42 0.0494906
44 0.0248591
49 0.0482754
53 0.101696
56 0.0928214
61 0.0482754
-1 -1
NODE 644 4
2dots_tau0
0 5 -14 -9 -13
645 646 
NODE 645 5
2dots_tau0
0 7 12 -5 10
677 678 
NODE 677 6
2dots_tau0
0 -3 8 -5 4
693 694 
NODE 693 7
2dots_tau0
0 -6 -11 -15 -12
701 702 
NODE 701 8
2dots_tau0
0 -8 -6 0 -9
705 706 
LEAF 705 9
65 classes
4 0.0187093
6 0.0554349
9 0.0157221
13 0.0178184
19 0.0302985
20 0.0121096
21 0.0163758
23 0.171645
30 0.194712
35 0.0256292
39 0.0242453
41 0.0170861
44 0.00860197
45 0.0311822
48 0.0443699
49 0.0250571
51 0.0183875
56 0.208773
59 0.00846574
62 0.0553763
-1 -1
LEAF 706 9
65 classes
0 0.0161377
1 0.0176295
4 0.0279721
6 0.0259001
9 0.0176295
11 0.0787946
12 0.0190719
13 0.0466202
16 0.0319073
19 0.00566237
21 0.122416
23 0.0384937
24 0.0149317
27 0.00557213
30 0.0126571
32 0.0187313
33 0.0678428
35 0.0159658
39 0.129892
42 0.00320047
44 0.00643037
45 0.00582752
49 0.0156094
50 0.00503095
51 0.00687275
52 0.00590128
56 0.150065
61 0.028097
62 0.0591376
-1 -1
NODE 702 8
2dots_tau0
0 11 1 -5 8
703 704 
LEAF 703 9
65 classes
1 0.0780949
3 0.0103691
4 0.148693
5 0.00503702
7 0.00420036
9 0.00520633
11 0.0756262
13 0.0177015
14 0.013819
15 0.012309
16 0.0942286
17 0.0561105
19 0.0150499
20 0.0120302
21 0.0244025
23 0.0227359
24 0.0705541
28 0.00975674
30 0.00280341
33 0.0138706
35 0.00282901
39 0.0160575
40 0.0874663
41 0.0169741
44 0.00569704
49 0.019361
51 0.00913346
52 0.0052283
55 0.0142099
56 0.0638166
59 0.00841023
61 0.0110635
62 0.0471542
-1 -1
LEAF 704 9
65 classes
1 0.133322
15 0.0525343
20 0.0513442
23 0.145554
24 0.0564604
39 0.0342664
40 0.248868
48 0.125418
49 0.0354137
53 0.0497347
62 0.067084
-1 -1
NODE 694 7
2dots_tau0
0 9 14 4 15
695 696 
NODE 695 8
2dots_tau0
0 7 -13 13 11
699 700 
LEAF 699 9
65 classes
3 0.0312619
4 0.074716
5 0.0151862
6 0.0138363
9 0.00784832
11 0.0789254
13 0.0800529
17 0.00704868
19 0.0604988
21 0.114445
23 0.0599785
24 0.0930627
27 0.00744184
30 0.0211301
32 0.00416942
35 0.00852923
39 0.0685838
41 0.0852923
42 0.034195
44 0.00429403
48 0.022149
49 0.0250165
50 0.00671907
51 0.0321261
54 0.00684213
55 0.00428418
59 0.00845204
61 0.00416942
62 0.0197453
-1 -1
LEAF 700 9
65 classes
3 0.00852123
4 0.0305486
6 0.165943
11 0.0860524
13 0.00969797
17 0.0614815
18 0.00745998
19 0.0164905
21 0.191625
23 0.0280263
24 0.036238
30 0.0967603
35 0.0139491
37 0.00824524
39 0.131959
40 0.0159731
42 0.00932071
44 0.00468178
55 0.0233552
56 0.0174813
59 0.00460764
61 0.0272756
62 0.00430565
-1 -1
NODE 696 8
2dots_tau0
0 0 13 -1 -8
697 698 
LEAF 697 9
65 classes
1 0.0207808
4 0.0494583
11 0.139319
14 0.018386
17 0.0186635
20 0.0160059
21 0.303027
23 0.0226873
24 0.0528024
30 0.033569
35 0.0112918
39 0.0640928
40 0.0193954
41 0.158086
42 0.0226354
54 0.0181166
56 0.0212267
62 0.0104563
-1 -1
LEAF 698 9
65 classes
4 0.0921868
6 0.0455244
17 0.0231917
21 0.134481
23 0.0281917
24 0.0656134
35 0.028063
37 0.0248817
39 0.079643
40 0.0482023
41 0.0561259
42 0.140636
49 0.0823097
50 0.0663215
51 0.0151002
55 0.0140958
59 0.0417135
61 0.0137183
-1 -1
NODE 678 6
2dots_tau0
0 15 -2 3 -4
679 680 
NODE 679 7
2dots_tau0
0 -3 -5 8 12
687 688 
NODE 687 8
2dots_tau0
0 6 -15 -2 -6
691 692 
LEAF 691 9
65 classes
3 0.0152384
4 0.0546297
10 0.0223434
13 0.208113
15 0.0723572
19 0.0737243
21 0.0557853
23 0.217182
24 0.0129608
33 0.027179
35 0.0249451
39 0.00786605
42 0.158347
59 0.0411989
61 0.00812942
-1 -1
LEAF 692 9
65 classes
19 0.316033
33 0.0416099
35 0.1273
40 0.0874624
42 0.0510364
49 0.273808
51 0.0273992
59 0.0504591
61 0.0248917
-1 -1
NODE 688 8
2dots_tau0
0 -1 -8 10 -15
689 690 
LEAF 689 9
65 classes
5 0.128694
9 0.13302
12 0.143903
19 0.128173
33 0.11813
35 0.0722803
39 0.205132
61 0.0706669
-1 -1
LEAF 690 9
65 classes
1 0.0211086
7 0.0340599
9 0.0844342
14 0.0560279
15 0.0998113
17 0.0189579
19 0.0406788
21 0.0109931
23 0.138271
24 0.0178784
30 0.0568307
33 0.0187457
35 0.0114699
39 0.0108506
40 0.0788053
42 0.0229924
44 0.011549
45 0.125596
52 0.0635928
55 0.0115226
56 0.0215615
61 0.0336418
62 0.0106212
-1 -1
NODE 680 7
2dots_tau0
0 7 -5 9 9
681 682 
NODE 681 8
2dots_tau0
0 -2 -1 -13 -5
685 686 
LEAF 685 9
65 classes
0 0.129916
12 0.0438677
13 0.0229783
15 0.0319566
16 0.0183477
19 0.0390724
24 0.0171724
27 0.0576746
32 0.0215422
33 0.0720216
35 0.209323
37 0.0195362
42 0.0883376
49 0.107711
51 0.0118561
62 0.0306054
63 0.0780816
-1 -1
LEAF 686 9
65 classes
0 0.0355727
12 0.0420405
13 0.132127
15 0.153128
19 0.14978
24 0.0329143
27 0.0368483
40 0.145081
42 0.148152
47 0.036702
53 0.0289934
62 0.0586612
-1 -1
NODE 682 8
2dots_tau0
0 -9 -4 7 -14
683 684 
LEAF 683 9
65 classes
12 0.365892
15 0.266544
35 0.367563
-1 -1
LEAF 684 9
65 classes
0 0.0647483
12 0.0765207
19 0.204468
28 0.0662778
33 0.188447
35 0.30748
49 0.0375771
63 0.0544808
-1 -1
NODE 646 5
2dots_tau0
0 15 13 -13 5
647 648 
NODE 647 6
2dots_tau0
0 -8 -9 -10 13
663 664 
NODE 663 7
2dots_tau0
0 6 -7 -15 -15
671 672 
NODE 671 8
2dots_tau0
0 -5 6 7 -3
675 676 
LEAF 675 9
65 classes
5 0.0463117
12 0.155355
15 0.0754481
22 0.192281
23 0.0522599
30 0.0515505
35 0.156064
41 0.208085
59 0.0257753
63 0.0368695
-1 -1
LEAF 676 9
65 classes
4 0.0525667
6 0.147965
7 0.00712768
10 0.00322495
11 0.113524
12 0.0525667
13 0.00500635
14 0.0156332
15 0.0208874
16 0.0359772
19 0.0127692
22 0.00887201
23 0.0289358
24 0.0037414
28 0.0289737
35 0.00960121
37 0.00425641
40 0.00412288
41 0.0288036
42 0.0336812
44 0.00483372
48 0.0124664
49 0.0445878
51 0.00516626
53 0.00329571
55 0.00482263
56 0.117316
58 0.175222
59 0.00713575
61 0.00469345
62 0.00222269
-1 -1
NODE 672 8
2dots_tau0
0 -15 12 -11 13
673 674 
LEAF 673 9
65 classes
3 0.0124825
5 0.0242547
6 0.0220987
7 0.0707908
10 0.0091513
14 0.166356
18 0.0109279
20 0.212405
28 0.0117454
40 0.0350979
42 0.0477878
48 0.0471672
49 0.0133184
51 0.0733004
52 0.0125879
58 0.16574
59 0.0202488
62 0.025229
63 0.0193095
-1 -1
LEAF 674 9
65 classes
5 0.224715
7 0.0832842
10 0.0376823
14 0.0685005
20 0.198777
35 0.0140233
40 0.0240871
42 0.070277
48 0.0242775
51 0.0150914
52 0.129582
59 0.0555856
61 0.0411309
62 0.0129856
-1 -1
NODE 664 7
2dots_tau0
0 7 3 -10 8
665 666 
NODE 665 8
2dots_tau0
0 3 -9 -1 14
669 670 
LEAF 669 9
65 classes
4 0.252063
5 0.0512323
6 0.0466783
16 0.143762
20 0.0407869
28 0.0496186
42 0.0576803
55 0.0289063
56 0.216363
59 0.0285139
61 0.084396
-1 -1
LEAF 670 9
65 classes
14 0.297659
16 0.0761124
23 0.0918237
37 0.0810428
41 0.0914044
49 0.22341
51 0.0491832
61 0.0893641
-1 -1
NODE 666 8
2dots_tau0
0 -6 -3 6 -2
667 668 
LEAF 667 9
65 classes
14 0.292561
59 0.356104
61 0.351335
-1 -1
LEAF 668 9
65 classes
7 0.374196
22 0.155257
28 0.289732
51 0.180815
-1 -1
NODE 648 6
2dots_tau0
0 15 5 0 0
649 650 
NODE 649 7
2dots_tau0
0 1 15 -14 0
657 658 
NODE 657 8
2dots_tau0
0 0 -4 10 -9
661 662 
LEAF 661 9
65 classes
12 0.584121
20 0.415879
-1 -1
LEAF 662 9
65 classes
1 0.114775
4 0.0682909
10 0.0418963
14 0.0507739
19 0.0552963
33 0.0509634
35 0.124732
40 0.0535615
41 0.0623662
42 0.0312544
48 0.0539849
52 0.0576295
56 0.234475
-1 -1
NODE 658 8
2dots_tau0
0 11 1 7 2
659 660 
LEAF 659 9
65 classes
1 0.0719543
4 0.0513754
7 0.116103
9 0.0287817
10 0.0420249
11 0.0321599
14 0.432903
15 0.0113411
19 0.055466
20 0.0221685
35 0.0156394
40 0.0134315
42 0.0548631
45 0.0285419
59 0.0232468
-1 -1
LEAF 660 9
65 classes
6 0.133537
7 0.12222
14 0.335083
15 0.0596935
47 0.0715375
50 0.0648469
56 0.154742
63 0.0583412
-1 -1
NODE 650 7
2dots_tau0
0 13 8 -6 -13
651 652 
NODE 651 8
2dots_tau0
0 2 -5 -13 11
655 656 
LEAF 655 9
65 classes
1 0.174218
12 0.031412
15 0.137297
16 0.0525524
20 0.0223645
28 0.272072
35 0.126222
37 0.0279783
40 0.0542011
42 0.0316276
48 0.0546295
49 0.0154255
-1 -1
LEAF 656 9
65 classes
1 0.420541
14 0.0620128
19 0.202609
24 0.0593646
44 0.0766963
47 0.0661962
51 0.0409864
56 0.0715942
-1 -1
NODE 652 8
2dots_tau0
0 -7 5 1 -3
653 654 
LEAF 653 9
65 classes
0 0.0670893
1 0.146582
5 0.0709074
10 0.0267534
14 0.162112
24 0.248302
28 0.034337
35 0.119474
40 0.0684048
47 0.0346096
51 0.021429
-1 -1
LEAF 654 9
65 classes
0 0.16758
1 0.0392294
5 0.0253024
6 0.0230533
12 0.0141464
14 0.0115695
15 0.0721371
19 0.0252
20 0.0201437
21 0.0136201
22 0.0131316
24 0.0553772
28 0.098022
32 0.00694687
35 0.0639493
41 0.014211
42 0.256383
47 0.01235
48 0.0123012
51 0.0382334
59 0.00704117
63 0.0100718
-1 -1
NODE 516 3
2dots_tau0
0 -7 4 -8 -9
517 518 
NODE 517 4
2dots_tau0
0 -6 -11 -4 3
581 582 
NODE 581 5
2dots_tau0
0 -8 -9 -3 -6
613 614 
NODE 613 6
2dots_tau0
0 -7 -13 -10 4
629 630 
NODE 629 7
2dots_tau0
0 7 -3 3 3
637 638 
NODE 637 8
2dots_tau0
0 -7 12 -5 9
641 642 
LEAF 641 9
65 classes
7 0.254457
22 0.158364
23 0.0860834
28 0.295531
45 0.0781925
59 0.127372
-1 -1
LEAF 642 9
65 classes
7 0.414303
22 0.171898
28 0.320786
35 0.0930132
-1 -1
NODE 638 8
2dots_tau0
0 -2 12 -14 -14
639 640 
LEAF 639 9
65 classes
0 0.403923
23 0.160581
35 0.159848
40 0.137281
48 0.138366
-1 -1
LEAF 640 9
65 classes
3 0.183107
7 0.247246
15 0.0966061
20 0.188835
35 0.0333048
40 0.057206
59 0.132014
62 0.0616809
-1 -1
NODE 630 7
2dots_tau0
0 -1 -3 12 15
631 632 
NODE 631 8
2dots_tau0
0 13 -2 13 2
635 636 
LEAF 635 9
65 classes
1 0.11925
15 0.0939783
19 0.114905
22 0.119753
28 0.111738
30 0.0642114
35 0.129596
47 0.112625
51 0.0697333
59 0.0642114
-1 -1
LEAF 636 9
65 classes
1 0.129936
15 0.1024
28 0.365252
30 0.0699653
35 0.141209
40 0.121273
59 0.0699653
-1 -1
NODE 632 8
2dots_tau0
0 -3 -5 14 15
633 634 
LEAF 633 9
65 classes
24 0.362178
27 0.405466
35 0.232356
-1 -1
LEAF 634 9
65 classes
7 0.566915
14 0.0444079
17 0.0225391
22 0.176413
24 0.0212557
28 0.0470304
49 0.0133323
59 0.108106
-1 -1
NODE 614 6
2dots_tau0
0 0 -12 12 -10
615 616 
NODE 615 7
2dots_tau0
0 -1 6 13 -5
623 624 
NODE 623 8
2dots_tau0
0 -11 7 4 -12
627 628 
LEAF 627 9
65 classes
15 0.517721
28 0.307779
49 0.1745
-1 -1
LEAF 628 9
65 classes
4 1
-1 -1
NODE 624 8
2dots_tau0
0 2 1 -11 -5
625 626 
LEAF 625 9
65 classes
6 0.214064
11 0.135674
15 0.287072
27 0.115134
56 0.248056
-1 -1
LEAF 626 9
65 classes
7 0.293587
22 0.365436
28 0.340977
-1 -1
NODE 616 7
2dots_tau0
0 -3 7 -4 2
617 618 
NODE 617 8
2dots_tau0
0 0 7 -7 -7
621 622 
LEAF 621 9
65 classes
7 0.102501
23 0.416118
35 0.276145
59 0.205235
-1 -1
LEAF 622 9
65 classes
7 0.332407
30 0.221856
35 0.223882
59 0.221856
-1 -1
NODE 618 8
2dots_tau0
0 11 10 -5 -3
619 620 
LEAF 619 9
65 classes
7 0.301963
15 0.294964
30 0.201536
59 0.201536
-1 -1
LEAF 620 9
65 classes
19 0.203171
30 0.34061
41 0.229147
59 0.227073
-1 -1
NODE 582 5
2dots_tau0
0 -10 13 -7 -5
583 584 
NODE 583 6
2dots_tau0
0 -8 -10 -9 0
599 600 
NODE 599 7
2dots_tau0
0 -2 -6 -9 -7
607 608 
NODE 607 8
2dots_tau0
0 12 2 -2 -3
611 612 
LEAF 611 9
65 classes
0 0.171149
15 0.147347
16 0.169197
44 0.102296
49 0.0993274
51 0.109333
59 0.201351
-1 -1
LEAF 612 9
65 classes
12 0.20305
15 0.147917
41 0.203977
49 0.199424
59 0.101066
63 0.144566
-1 -1
NODE 608 8
2dots_tau0
0 15 -15 -9 15
609 610 
LEAF 609 9
65 classes
14 0.214981
59 0.785019
-1 -1
LEAF 610 9
65 classes
15 0.628079
40 0.371921
-1 -1
NODE 600 7
2dots_tau0
0 -15 15 -12 11
601 602 
NODE 601 8
2dots_tau0
0 3 0 6 6
605 606 
LEAF 605 9
65 classes
1 0.040674
6 0.10756
7 0.13126
10 0.0296945
20 0.0313282
22 0.0408457
28 0.0762238
30 0.0219014
48 0.0382625
49 0.0216081
51 0.237848
54 0.0709188
59 0.131408
62 0.020466
-1 -1
LEAF 606 9
65 classes
1 0.0652716
7 0.0394949
9 0.0979075
10 0.0357392
11 0.0182332
12 0.035306
13 0.0184936
15 0.0257196
17 0.0146553
19 0.0628933
22 0.0163868
39 0.0251641
40 0.0456901
45 0.161819
47 0.0154114
50 0.01397
51 0.0190843
52 0.213028
54 0.0142259
59 0.061506
-1 -1
NODE 602 8
2dots_tau0
0 0 11 -9 7
603 604 
LEAF 603 9
65 classes
9 0.077297
11 0.0215923
12 0.0418106
13 0.0657024
16 0.0349747
19 0.0372402
27 0.0183234
32 0.071862
35 0.0210008
40 0.0360719
44 0.0105728
45 0.0574896
48 0.0181785
49 0.020532
50 0.330876
51 0.0226003
52 0.0970289
54 0.0168468
-1 -1
LEAF 604 9
65 classes
0 0.0942262
1 0.025734
9 0.0900692
10 0.140906
15 0.0101402
16 0.0232878
19 0.0991855
22 0.0904492
28 0.0361695
40 0.0120092
41 0.0279667
45 0.102078
50 0.0110157
51 0.0978147
52 0.0904492
59 0.0484988
-1 -1
NODE 584 6
2dots_tau0
0 -15 -8 -4 -8
585 586 
NODE 585 7
2dots_tau0
0 6 9 15 -11
593 594 
NODE 593 8
2dots_tau0
0 -8 3 2 14
597 598 
LEAF 597 9
65 classes
0 0.140747
1 0.0512525
3 0.0510381
9 0.20501
22 0.0514688
28 0.048024
40 0.143507
45 0.254127
49 0.0272279
59 0.0275975
-1 -1
LEAF 598 9
65 classes
1 0.107902
9 0.215803
12 0.11673
15 0.085035
30 0.0581008
45 0.214005
52 0.108357
54 0.094068
-1 -1
NODE 594 8
2dots_tau0
0 5 8 4 -7
595 596 
LEAF 595 9
65 classes
1 0.0448553
19 0.216105
40 0.041865
45 0.0889631
51 0.0786897
52 0.315312
59 0.16907
62 0.0451398
-1 -1
LEAF 596 9
65 classes
0 0.139096
15 0.119752
35 0.0825687
51 0.444289
54 0.132473
59 0.0818215
-1 -1
NODE 586 7
2dots_tau0
0 4 10 4 10
587 588 
NODE 587 8
2dots_tau0
0 5 7 -8 -6
591 592 
LEAF 591 9
65 classes
0 0.0491083
6 0.141868
9 0.0268239
12 0.116074
15 0.0211393
19 0.0775394
27 0.0254346
30 0.0144436
35 0.13118
41 0.0583021
45 0.106401
48 0.0252335
49 0.0285003
51 0.0313714
52 0.0808111
54 0.0233849
59 0.0288872
62 0.013497
-1 -1
LEAF 592 9
65 classes
0 0.247563
12 0.0585148
15 0.0852534
19 0.260592
35 0.205737
41 0.058782
59 0.029125
62 0.0544324
-1 -1
NODE 588 8
2dots_tau0
0 -8 -4 9 0
589 590 
LEAF 589 9
65 classes
-1 -1
LEAF 590 9
65 classes
-1 -1
NODE 518 4
2dots_tau0
0 -3 5 -8 9
519 520 
NODE 519 5
2dots_tau0
0 -7 1 -15 8
551 552 
NODE 551 6
2dots_tau0
0 -11 9 8 -2
567 568 
NODE 567 7
2dots_tau0
0 13 0 -1 3
575 576 
NODE 575 8
2dots_tau0
0 -10 0 -11 5
579 580 
LEAF 579 9
65 classes
30 0.0996818
35 0.201184
45 0.183581
51 0.216508
59 0.299045
-1 -1
LEAF 580 9
65 classes
35 0.251708
59 0.748292
-1 -1
NODE 576 8
2dots_tau0
0 2 -5 4 9
577 578 
LEAF 577 9
65 classes
-1 -1
LEAF 578 9
65 classes
35 0.179963
40 0.309113
52 0.33259
59 0.178334
-1 -1
NODE 568 7
2dots_tau0
0 -1 5 2 6
569 570 
NODE 569 8
2dots_tau0
0 13 -14 5 3
573 574 
LEAF 573 9
65 classes
7 0.271603
12 0.364195
35 0.182929
59 0.181273
-1 -1
LEAF 574 9
65 classes
0 0.090531
3 0.295457
19 0.0952957
35 0.10748
39 0.0508381
41 0.10748
45 0.0980752
49 0.105081
62 0.0497633
-1 -1
NODE 570 8
2dots_tau0
0 8 1 13 -1
571 572 
LEAF 571 9
65 classes
3 0.124764
6 0.110439
11 0.139993
12 0.135539
16 0.113378
18 0.109225
30 0.0674627
35 0.136158
62 0.0630413
-1 -1
LEAF 572 9
65 classes
0 0.138324
3 0.0752392
11 0.0844233
12 0.0817371
15 0.119087
16 0.0683732
18 0.0658687
30 0.0813673
35 0.164221
51 0.0441822
56 0.0771767
-1 -1
NODE 552 6
2dots_tau0
0 13 1 -10 0
553 554 
NODE 553 7
2dots_tau0
0 0 -3 10 -6
561 562 
NODE 561 8
2dots_tau0
0 -3 1 -15 14
565 566 
LEAF 565 9
65 classes
15 0.50281
16 0.0962285
44 0.0581795
49 0.0564913
59 0.286291
-1 -1
LEAF 566 9
65 classes
6 0.0873957
14 0.0877206
15 0.0781353
19 0.0955338
20 0.0763652
23 0.108242
28 0.092901
59 0.373706
-1 -1
NODE 562 8
2dots_tau0
0 11 5 8 -3
563 564 
LEAF 563 9
65 classes
7 0.0680041
14 0.671193
15 0.0664279
53 0.0628878
56 0.0860996
59 0.0453874
-1 -1
LEAF 564 9
65 classes
6 0.125665
16 0.12901
19 0.274733
20 0.109804
28 0.133581
49 0.227207
-1 -1
NODE 554 7
2dots_tau0
0 8 12 13 13
555 556 
NODE 555 8
2dots_tau0
0 5 -1 -4 15
559 560 
LEAF 559 9
65 classes
20 0.514943
28 0.313223
39 0.171833
-1 -1
LEAF 560 9
65 classes
35 0.513873
39 0.486127
-1 -1
NODE 556 8
2dots_tau0
0 -4 7 8 -5
557 558 
LEAF 557 9
65 classes
22 0.503145
45 0.496855
-1 -1
LEAF 558 9
65 classes
20 0.186961
28 0.682335
30 0.130704
-1 -1
NODE 520 5
2dots_tau0
0 7 -4 10 0
521 522 
NODE 521 6
2dots_tau0
0 -9 2 7 0
537 538 
NODE 537 7
2dots_tau0
0 6 7 -1 -4
545 546 
NODE 545 8
2dots_tau0
0 -14 2 -7 -15
549 550 
LEAF 549 9
65 classes
5 0.188601
22 0.391526
59 0.419872
-1 -1
LEAF 550 9
65 classes
20 0.283674
35 0.600379
47 0.115946
-1 -1
NODE 546 8
2dots_tau0
0 1 6 0 -13
547 548 
LEAF 547 9
65 classes
21 0.0678107
28 0.122006
35 0.0707522
39 0.669319
59 0.070112
-1 -1
LEAF 548 9
65 classes
1 0.244776
22 0.491618
30 0.263605
-1 -1
NODE 538 7
2dots_tau0
0 -13 -10 -14 15
539 540 
NODE 539 8
2dots_tau0
0 -3 1 -9 -4
543 544 
LEAF 543 9
65 classes
6 0.15435
12 0.189429
15 0.137995
28 0.164072
35 0.0951471
48 0.164721
59 0.094286
-1 -1
LEAF 544 9
65 classes
0 0.0361943
15 0.716695
20 0.0304548
28 0.111148
35 0.0214852
49 0.0840225
-1 -1
NODE 540 8
2dots_tau0
0 7 12 -12 -13
541 542 
LEAF 541 9
65 classes
6 0.275894
7 0.084171
28 0.195515
35 0.170072
49 0.0554251
56 0.106568
59 0.112355
-1 -1
LEAF 542 9
65 classes
22 0.293915
28 0.548488
59 0.157597
-1 -1
NODE 522 6
2dots_tau0
0 14 10 7 10
523 524 
NODE 523 7
2dots_tau0
0 8 -5 -6 0
531 532 
NODE 531 8
2dots_tau0
0 7 1 -2 10
535 536 
LEAF 535 9
65 classes
7 0.259304
9 0.0401758
15 0.316617
17 0.0721649
22 0.161381
24 0.0340279
28 0.0752901
56 0.041038
-1 -1
LEAF 536 9
65 classes
14 0.209133
30 0.127278
40 0.44123
48 0.222359
-1 -1
NODE 532 8
2dots_tau0
0 6 11 -14 11
533 534 
LEAF 533 9
65 classes
1 0.338333
23 0.184686
30 0.0910897
35 0.0919216
45 0.167757
53 0.126212
-1 -1
LEAF 534 9
65 classes
7 0.317756
14 0.522702
35 0.0535034
59 0.106038
-1 -1
NODE 524 7
2dots_tau0
0 -1 12 -2 15
525 526 
NODE 525 8
2dots_tau0
0 6 -7 -11 15
529 530 
LEAF 529 9
65 classes
3 0.106541
4 0.254634
17 0.0960881
20 0.0824057
27 0.101448
28 0.300748
35 0.0581355
-1 -1
LEAF 530 9
65 classes
7 0.146426
20 0.139792
24 0.153721
28 0.170061
30 0.0488638
40 0.0846973
47 0.0857056
48 0.170734
-1 -1
NODE 526 8
2dots_tau0
0 0 7 5 10
527 528 
LEAF 527 9
65 classes
1 0.292621
28 0.548376
35 0.159004
-1 -1
LEAF 528 9
65 classes
1 0.411882
3 0.136719
7 0.166149
14 0.0607359
17 0.0616527
24 0.0581422
48 0.0645769
51 0.0401424
-1 -1
NODE 2 1
2dots_tau0
0 3 12 -6 8
3 4 
NODE 3 2
2dots_tau0
0 -13 2 8 -2
259 260 
NODE 259 3
2dots_tau0
0 8 5 -6 13
387 388 
NODE 387 4
2dots_tau0
0 -13 -5 9 -8
451 452 
NODE 451 5
2dots_tau0
0 -10 -2 0 -6
483 484 
NODE 483 6
2dots_tau0
0 -10 13 8 -4
499 500 
NODE 499 7
2dots_tau0
0 -6 -2 -1 10
507 508 
NODE 507 8
2dots_tau0
0 -7 -11 -2 -5
511 512 
LEAF 511 9
65 classes
3 0.0744319
5 0.108471
7 0.0603025
14 0.066131
15 0.0294524
17 0.0335646
20 0.143926
22 0.03753
24 0.284881
42 0.0203538
47 0.0352961
52 0.03753
53 0.0278828
59 0.0402471
-1 -1
LEAF 512 9
65 classes
51 0.374981
59 0.460384
63 0.164636
-1 -1
NODE 508 8
2dots_tau0
0 -7 9 9 -12
509 510 
LEAF 509 9
65 classes
3 0.0663731
5 0.0967266
7 0.0806602
10 0.04866
15 0.0262635
19 0.0642233
20 0.0513371
22 0.0334666
41 0.0362173
44 0.0182335
47 0.188847
49 0.106227
50 0.0285309
52 0.1004
59 0.0538343
-1 -1
LEAF 510 9
65 classes
2 0.0554231
5 0.400278
7 0.0244237
10 0.0221012
14 0.0178563
15 0.0159051
20 0.108813
22 0.0810689
24 0.059828
41 0.0328995
47 0.114365
49 0.0482478
51 0.0059009
53 0.00752873
61 0.00536086
-1 -1
NODE 500 7
2dots_tau0
0 -11 0 -13 13
501 502 
NODE 501 8
2dots_tau0
0 9 5 3 -10
505 506 
LEAF 505 9
65 classes
1 0.027854
3 0.138687
7 0.0449441
19 0.134195
20 0.579255
35 0.0302705
49 0.0147974
59 0.0299966
-1 -1
LEAF 506 9
65 classes
2 0.162301
3 0.0882809
19 0.0854216
20 0.204846
24 0.0750859
35 0.0481715
41 0.192686
59 0.143207
-1 -1
NODE 502 8
2dots_tau0
0 -12 -6 0 7
503 504 
LEAF 503 9
65 classes
2 0.157093
3 0.170896
5 0.0830168
7 0.0692276
19 0.0826807
22 0.344677
59 0.0924078
-1 -1
LEAF 504 9
65 classes
5 0.157204
15 0.128054
24 0.275248
41 0.353172
49 0.0863221
-1 -1
NODE 484 6
2dots_tau0
0 0 4 -13 9
485 486 
NODE 485 7
2dots_tau0
0 -11 -8 8 -12
493 494 
NODE 493 8
2dots_tau0
0 -4 7 11 2
497 498 
LEAF 497 9
65 classes
3 0.0496409
12 0.026964
18 0.760523
27 0.0236338
41 0.0541743
49 0.0264825
59 0.026842
62 0.0125414
63 0.0191977
-1 -1
LEAF 498 9
65 classes
2 0.0212367
5 0.0112226
6 0.153376
10 0.0169372
15 0.0182832
17 0.010418
18 0.515748
19 0.0223544
20 0.0357381
28 0.0108692
30 0.00624608
41 0.0378187
44 0.00634659
48 0.0109121
49 0.0554619
51 0.0135664
52 0.0232976
53 0.00865444
55 0.00633204
59 0.00624608
63 0.00893452
-1 -1
NODE 494 8
2dots_tau0
0 7 14 0 -15
495 496 
LEAF 495 9
65 classes
2 0.0657431
5 0.0694846
6 0.105514
10 0.0349554
15 0.0188667
17 0.0215009
18 0.438287
24 0.0202766
41 0.0260171
47 0.0226101
49 0.0254363
54 0.0417417
55 0.0784092
61 0.0127182
63 0.0184393
-1 -1
LEAF 496 9
65 classes
2 0.246972
6 0.118913
18 0.117606
22 0.13547
24 0.228515
51 0.0788855
55 0.0736385
-1 -1
NODE 486 7
2dots_tau0
0 4 3 13 -7
487 488 
NODE 487 8
2dots_tau0
0 0 -4 15 -2
491 492 
LEAF 491 9
65 classes
2 0.0270937
5 0.257721
6 0.0521805
10 0.043217
17 0.0265825
18 0.387053
19 0.114079
22 0.0297231
28 0.0277338
51 0.0346161
-1 -1
LEAF 492 9
65 classes
2 0.465021
5 0.210637
18 0.0632682
22 0.218636
51 0.0424379
-1 -1
NODE 488 8
2dots_tau0
0 15 10 3 0
489 490 
LEAF 489 9
65 classes
2 0.304687
5 0.193216
10 0.0486004
47 0.062872
51 0.0389281
52 0.0668512
59 0.143382
61 0.141462
-1 -1
LEAF 490 9
65 classes
2 0.124933
5 0.132043
16 0.123508
28 0.127884
52 0.274115
61 0.217517
-1 -1
NODE 452 5
2dots_tau0
0 15 5 4 -9
453 454 
NODE 453 6
2dots_tau0
0 -3 14 2 -13
469 470 
NODE 469 7
2dots_tau0
0 0 -9 -8 10
477 478 
NODE 477 8
2dots_tau0
0 15 6 13 -7
481 482 
LEAF 481 9
65 classes
6 0.0532608
10 0.661676
24 0.0511759
44 0.0330584
49 0.0320992
51 0.0706655
55 0.0659652
61 0.0320992
-1 -1
LEAF 482 9
65 classes
7 0.579772
51 0.420228
-1 -1
NODE 478 8
2dots_tau0
0 -13 4 -13 13
479 480 
LEAF 479 9
65 classes
30 0.311622
39 0.297488
44 0.105545
48 0.181471
59 0.103874
-1 -1
LEAF 480 9
65 classes
5 0.133607
10 0.10082
22 0.138681
44 0.302228
48 0.12991
54 0.120393
59 0.0743605
-1 -1
NODE 470 7
2dots_tau0
0 8 4 -11 1
471 472 
NODE 471 8
2dots_tau0
0 8 2 6 0
475 476 
LEAF 475 9
65 classes
2 0.0694684
3 0.0755723
5 0.146844
10 0.110809
16 0.034338
20 0.0584524
24 0.0964153
33 0.0336974
37 0.0365623
48 0.0356952
51 0.0221889
54 0.0330802
55 0.144991
59 0.0817276
61 0.0201582
-1 -1
LEAF 476 9
65 classes
5 0.11773
10 0.310937
20 0.0468633
54 0.159129
55 0.365341
-1 -1
NODE 472 8
2dots_tau0
0 -3 -10 -7 -2
473 474 
LEAF 473 9
65 classes
10 0.123187
14 0.074645
22 0.0847236
48 0.0793656
51 0.592025
55 0.0460539
-1 -1
LEAF 474 9
65 classes
10 0.744903
14 0.0902745
59 0.164822
-1 -1
NODE 454 6
2dots_tau0
0 10 -2 -14 -15
455 456 
NODE 455 7
2dots_tau0
0 -3 -9 -8 -7
463 464 
NODE 463 8
2dots_tau0
0 -11 0 -11 -2
467 468 
LEAF 467 9
65 classes
0 0.0370835
15 0.0319262
16 0.109982
19 0.0390353
23 0.0884561
33 0.0359766
49 0.0860868
51 0.0236897
54 0.494447
55 0.022114
63 0.031203
-1 -1
LEAF 468 9
65 classes
15 0.147573
33 0.33259
37 0.180433
48 0.176154
54 0.163249
-1 -1
NODE 464 8
2dots_tau0
0 -9 -13 13 13
465 466 
LEAF 465 9
65 classes
5 0.695545
24 0.304455
-1 -1
LEAF 466 9
65 classes
1 0.10475
5 0.202687
19 0.100933
47 0.0989307
48 0.492698
-1 -1
NODE 456 7
2dots_tau0
0 6 3 2 -11
457 458 
NODE 457 8
2dots_tau0
0 -4 12 -9 5
461 462 
LEAF 461 9
65 classes
15 0.137262
24 0.14752
41 0.189283
48 0.163846
59 0.0937851
63 0.268304
-1 -1
LEAF 462 9
65 classes
20 0.10207
24 0.897929
-1 -1
NODE 458 8
2dots_tau0
0 14 8 3 -14
459 460 
LEAF 459 9
65 classes
5 0.590683
16 0.276251
18 0.133066
-1 -1
LEAF 460 9
65 classes
5 0.551546
16 0.182081
18 0.0584703
20 0.0516583
39 0.017238
41 0.0364438
47 0.0633429
51 0.0392197
-1 -1
NODE 388 4
2dots_tau0
0 6 14 4 -9
389 390 
NODE 389 5
2dots_tau0
0 6 3 -1 5
421 422 
NODE 421 6
2dots_tau0
0 -15 11 6 13
437 438 
NODE 437 7
2dots_tau0
0 11 13 15 9
445 446 
NODE 445 8
2dots_tau0
0 3 -2 2 3
449 450 
LEAF 449 9
65 classes
44 0.168561
47 0.290968
51 0.540471
-1 -1
LEAF 450 9
65 classes
10 0.296009
15 0.319533
27 0.384458
-1 -1
NODE 446 8
2dots_tau0
0 -1 -5 6 8
447 448 
LEAF 447 9
65 classes
5 0.220926
48 0.214814
51 0.267065
61 0.121312
63 0.175883
-1 -1
LEAF 448 9
65 classes
7 0.42439
44 0.57561
-1 -1
NODE 438 7
2dots_tau0
0 -5 -5 -7 -12
439 440 
NODE 439 8
2dots_tau0
0 1 -4 -7 1
443 444 
LEAF 443 9
65 classes
10 0.0559313
23 0.0836404
44 0.125749
48 0.648627
51 0.0448
59 0.0412525
-1 -1
LEAF 444 9
65 classes
41 1
-1 -1
NODE 440 8
2dots_tau0
0 0 -7 2 -12
441 442 
LEAF 441 9
65 classes
5 0.120355
41 0.135193
44 0.136126
47 0.352468
48 0.117025
49 0.0660878
51 0.0727453
-1 -1
LEAF 442 9
65 classes
1 0.234106
5 0.301991
15 0.0614982
41 0.0848057
44 0.170781
48 0.146818
-1 -1
NODE 422 6
2dots_tau0
0 11 -13 13 7
423 424 
NODE 423 7
2dots_tau0
0 -12 -9 -15 12
431 432 
NODE 431 8
2dots_tau0
0 -10 -3 4 -14
435 436 
LEAF 435 9
65 classes
53 0.847149
59 0.152851
-1 -1
LEAF 436 9
65 classes
2 0.0791925
7 0.0697968
15 0.068179
18 0.150843
30 0.0465838
35 0.141028
47 0.0817066
48 0.162767
63 0.199903
-1 -1
NODE 432 8
2dots_tau0
0 0 6 10 6
433 434 
LEAF 433 9
65 classes
0 0.0328976
1 0.0359385
15 0.368192
18 0.0626621
22 0.0360902
24 0.121756
30 0.0580546
44 0.0393258
51 0.0210157
54 0.0939931
59 0.0193515
63 0.110723
-1 -1
LEAF 434 9
65 classes
1 0.169898
2 0.155522
7 0.13707
19 0.163708
30 0.182967
51 0.0993508
59 0.0914836
-1 -1
NODE 424 7
2dots_tau0
0 -14 -14 1 -13
425 426 
NODE 425 8
2dots_tau0
0 12 -6 -13 -3
429 430 
LEAF 429 9
65 classes
10 0.0654188
12 0.0969388
42 0.0488021
44 0.539292
51 0.104799
59 0.14475
-1 -1
LEAF 430 9
65 classes
7 0.102242
10 0.185039
19 0.122111
44 0.138673
51 0.22232
59 0.0682385
62 0.0637662
63 0.0976098
-1 -1
NODE 426 8
2dots_tau0
0 8 -4 -11 -1
427 428 
LEAF 427 9
65 classes
18 0.0679682
19 0.225368
23 0.0851161
44 0.0853118
51 0.0455904
54 0.407809
61 0.0828362
-1 -1
LEAF 428 9
65 classes
18 0.285918
19 0.0395018
30 0.0662237
40 0.0382626
44 0.336447
48 0.0771301
51 0.0479457
54 0.0357398
62 0.0412556
63 0.0315759
-1 -1
NODE 390 5
2dots_tau0
0 14 -12 8 7
391 392 
NODE 391 6
2dots_tau0
0 -3 10 -15 -3
407 408 
NODE 407 7
2dots_tau0
0 -11 -15 13 -12
415 416 
NODE 415 8
2dots_tau0
0 -13 0 11 -3
419 420 
LEAF 419 9
65 classes
0 0.171665
15 0.295581
27 0.35564
47 0.177114
-1 -1
LEAF 420 9
65 classes
18 0.132871
22 0.076527
44 0.041694
51 0.0445624
63 0.704346
-1 -1
NODE 416 8
2dots_tau0
0 -7 -5 7 2
417 418 
LEAF 417 9
65 classes
0 0.264422
15 0.113824
44 0.158045
47 0.136408
59 0.233313
61 0.0383648
63 0.0556227
-1 -1
LEAF 418 9
65 classes
0 0.0545264
15 0.187773
22 0.059818
44 0.0325905
47 0.22503
53 0.0444416
54 0.0519299
59 0.160372
63 0.183519
-1 -1
NODE 408 7
2dots_tau0
0 2 11 9 13
409 410 
NODE 409 8
2dots_tau0
0 7 7 0 0
413 414 
LEAF 413 9
65 classes
35 0.428571
41 0.571429
-1 -1
LEAF 414 9
65 classes
2 0.211465
24 0.0782648
30 0.0746349
41 0.351477
44 0.0252786
47 0.0436357
51 0.0540354
54 0.0402791
59 0.0497566
63 0.0711728
-1 -1
NODE 410 8
2dots_tau0
0 0 -13 -3 7
411 412 
LEAF 411 9
65 classes
2 0.439591
7 0.0645727
28 0.0749958
47 0.226773
51 0.0468033
59 0.0430972
61 0.04252
63 0.0616471
-1 -1
LEAF 412 9
65 classes
2 0.63603
7 0.101922
44 0.0345596
51 0.110812
59 0.0680246
63 0.0486519
-1 -1
NODE 392 6
2dots_tau0
0 14 -8 -1 3
393 394 
NODE 393 7
2dots_tau0
0 8 -6 2 -9
401 402 
NODE 401 8
2dots_tau0
0 2 -13 6 12
405 406 
LEAF 405 9
65 classes
-1 -1
LEAF 406 9
65 classes
48 1
-1 -1
NODE 402 8
2dots_tau0
0 -1 0 12 15
403 404 
LEAF 403 9
65 classes
47 0.778462
48 0.221538
-1 -1
LEAF 404 9
65 classes
2 0.12381
7 0.218241
41 0.146989
47 0.510961
-1 -1
NODE 394 7
2dots_tau0
0 13 -9 11 11
395 396 
NODE 395 8
2dots_tau0
0 9 -10 -1 0
399 400 
LEAF 399 9
65 classes
0 1
-1 -1
LEAF 400 9
65 classes
22 0.134452
27 0.126952
41 0.582011
51 0.156585
-1 -1
NODE 396 8
2dots_tau0
0 0 -6 11 4
397 398 
LEAF 397 9
65 classes
20 0.226833
27 0.279248
28 0.137975
33 0.130767
47 0.13907
51 0.0861072
-1 -1
LEAF 398 9
65 classes
5 0.399974
27 0.392006
62 0.20802
-1 -1
NODE 260 3
2dots_tau0
0 8 -15 -6 -4
261 262 
NODE 261 4
2dots_tau0
0 2 -15 8 10
325 326 
NODE 325 5
2dots_tau0
0 -7 -9 8 11
357 358 
NODE 357 6
2dots_tau0
0 2 5 -6 3
373 374 
NODE 373 7
2dots_tau0
0 4 6 -11 4
381 382 
NODE 381 8
2dots_tau0
0 -13 6 -15 7
385 386 
LEAF 385 9
65 classes
0 0.00429877
1 0.0187845
4 0.0335304
11 0.0209893
12 0.0203214
16 0.00849946
20 0.0108513
21 0.078262
24 0.00397751
30 0.00758606
33 0.00834089
35 0.00510356
37 0.00452502
39 0.01207
40 0.0219153
41 0.0102071
42 0.00255762
46 0.596095
48 0.0044177
50 0.0120613
51 0.00549228
52 0.00943189
53 0.0035037
54 0.0122822
55 0.0179444
58 0.0620933
61 0.00249482
62 0.00236296
-1 -1
LEAF 386 9
65 classes
1 0.0281582
3 0.0280404
4 0.0502624
11 0.0629263
12 0.030462
13 0.0319126
15 0.0665727
17 0.0126446
18 0.0245482
20 0.0108441
21 0.0806544
24 0.0596232
27 0.0133499
28 0.0131922
30 0.0379053
33 0.0750185
35 0.00765029
39 0.0072372
40 0.0657025
41 0.0459017
45 0.0139618
49 0.014959
51 0.00823299
52 0.0141385
53 0.0210083
54 0.0245482
55 0.0307415
59 0.0151621
61 0.00747952
62 0.0212526
63 0.0759087
-1 -1
NODE 382 8
2dots_tau0
0 -1 -7 8 3
383 384 
LEAF 383 9
65 classes
4 0.0985666
15 0.0652759
22 0.249536
45 0.164278
52 0.249536
55 0.045214
63 0.127594
-1 -1
LEAF 384 9
65 classes
4 0.137905
11 0.0647441
22 0.174563
28 0.16288
45 0.0574604
49 0.0307823
51 0.0338833
52 0.116375
55 0.221407
-1 -1
NODE 374 7
2dots_tau0
0 -13 -5 10 1
375 376 
NODE 375 8
2dots_tau0
0 6 8 -4 12
379 380 
LEAF 379 9
65 classes
3 0.523239
4 0.156318
5 0.127088
32 0.0697847
48 0.123571
-1 -1
LEAF 380 9
65 classes
15 0.408047
20 0.398803
53 0.193151
-1 -1
NODE 376 8
2dots_tau0
0 6 -4 3 7
377 378 
LEAF 377 9
65 classes
11 0.114001
13 0.0578147
20 0.0392915
21 0.0265669
22 0.153685
32 0.0271006
42 0.0833484
48 0.0479884
49 0.216805
52 0.0512282
53 0.0761196
59 0.0274685
63 0.078583
-1 -1
LEAF 378 9
65 classes
0 0.185331
15 0.319112
19 0.195085
35 0.110014
48 0.190458
-1 -1
NODE 358 6
2dots_tau0
0 6 11 -2 10
359 360 
NODE 359 7
2dots_tau0
0 1 -12 8 0
367 368 
NODE 367 8
2dots_tau0
0 2 9 -5 15
371 372 
LEAF 371 9
65 classes
2 0.312011
3 0.0692707
11 0.0310905
12 0.022576
16 0.119604
22 0.00698553
27 0.0065959
30 0.0187282
32 0.162601
33 0.037065
35 0.00755968
37 0.0335136
39 0.00715149
45 0.00689821
47 0.00656973
48 0.00654376
49 0.00369547
50 0.041687
53 0.00518988
54 0.00606436
55 0.0797408
62 0.00350015
63 0.00535783
-1 -1
LEAF 372 9
65 classes
2 0.221425
4 0.0442849
5 0.018002
7 0.0150118
11 0.020791
13 0.0210881
20 0.0573267
21 0.0193807
27 0.0176434
28 0.017435
30 0.0100192
32 0.0395401
40 0.0347333
42 0.0101338
47 0.123014
48 0.0175039
49 0.0988502
52 0.0186856
53 0.0971769
55 0.0406284
63 0.0573267
-1 -1
NODE 368 8
2dots_tau0
0 -13 -1 -9 3
369 370 
LEAF 369 9
65 classes
1 0.0106838
2 0.0488988
3 0.0212781
4 0.0127137
5 0.0103363
6 0.0565053
11 0.0238755
15 0.00841966
17 0.0479762
21 0.011128
22 0.0429154
27 0.0101304
28 0.0200216
32 0.0113515
37 0.041178
39 0.00549188
40 0.00997152
41 0.0232214
45 0.0211895
49 0.00567576
50 0.00914654
52 0.0214577
53 0.111594
54 0.0372562
55 0.35575
62 0.00537577
63 0.0164579
-1 -1
LEAF 370 9
65 classes
1 0.0167976
2 0.138387
3 0.0334547
11 0.0187692
12 0.018172
30 0.00904487
32 0.178475
33 0.0745865
37 0.0809278
40 0.0156778
41 0.0547649
44 0.0183808
45 0.0333153
49 0.0535424
50 0.0143807
52 0.033737
53 0.162921
55 0.027508
56 0.0171581
-1 -1
NODE 360 7
2dots_tau0
0 -6 -11 2 -7
361 362 
NODE 361 8
2dots_tau0
0 -13 10 1 7
365 366 
LEAF 365 9
65 classes
7 0.167731
44 0.113748
51 0.243147
53 0.155111
63 0.320262
-1 -1
LEAF 366 9
65 classes
30 0.118604
44 0.241025
45 0.218429
51 0.257607
53 0.164335
-1 -1
NODE 362 8
2dots_tau0
0 0 3 -13 12
363 364 
LEAF 363 9
65 classes
0 0.0201248
2 0.120749
5 0.00709005
6 0.0193795
12 0.0317118
16 0.159162
20 0.0056445
21 0.00763305
22 0.110389
28 0.00686674
30 0.00394604
32 0.0233592
33 0.0585722
37 0.0847361
40 0.00683981
44 0.0120286
48 0.0137878
50 0.0188218
53 0.125754
54 0.0255553
55 0.0760066
61 0.0038932
62 0.0184371
63 0.0395115
-1 -1
LEAF 364 9
65 classes
2 0.0332226
22 0.10934
40 0.016937
44 0.0099286
47 0.0171387
48 0.409702
49 0.019281
53 0.311397
54 0.0632812
59 0.00977136
-1 -1
NODE 326 5
2dots_tau0
0 -12 -2 -10 -10
327 328 
NODE 327 6
2dots_tau0
0 -15 -6 -15 15
343 344 
NODE 343 7
2dots_tau0
0 -9 -14 4 1
351 352 
NODE 351 8
2dots_tau0
0 6 7 15 -5
355 356 
LEAF 355 9
65 classes
17 0.29053
33 0.0718193
35 0.0439443
37 0.467553
56 0.0826076
59 0.0435466
-1 -1
LEAF 356 9
65 classes
37 0.541352
44 0.307388
59 0.15126
-1 -1
NODE 352 8
2dots_tau0
0 -8 1 -15 8
353 354 
LEAF 353 9
65 classes
2 0.0388156
6 0.018689
20 0.0163302
27 0.0201037
28 0.0397325
30 0.0342491
32 0.0225269
33 0.0188285
41 0.115206
44 0.0116001
48 0.0398896
49 0.0225269
50 0.0181512
58 0.56067
59 0.0114164
61 0.0112635
-1 -1
LEAF 354 9
65 classes
2 0.0549704
3 0.00854292
4 0.0102088
5 0.00829983
6 0.0604965
10 0.00626306
15 0.00676079
16 0.0155267
17 0.061638
18 0.00747897
20 0.052861
24 0.101725
27 0.00813449
28 0.0241152
33 0.030474
35 0.00932309
37 0.0661298
42 0.00467221
44 0.0046937
47 0.0162044
48 0.121053
49 0.0957074
54 0.0149579
55 0.154537
56 0.0262887
61 0.00911499
63 0.0198229
-1 -1
NODE 344 7
2dots_tau0
0 3 -8 8 11
345 346 
NODE 345 8
2dots_tau0
0 10 8 2 -11
349 350 
LEAF 349 9
65 classes
6 0.0581979
16 0.0597469
17 0.059296
32 0.210448
33 0.117264
35 0.0358754
37 0.190851
39 0.0339383
44 0.0361228
48 0.0621084
53 0.0492584
55 0.03604
63 0.0508525
-1 -1
LEAF 350 9
65 classes
0 0.026964
2 0.13482
5 0.0284985
16 0.319877
27 0.0279308
32 0.0625949
33 0.0261591
35 0.016006
37 0.198682
41 0.032012
53 0.0879075
59 0.0158611
63 0.0226881
-1 -1
NODE 346 8
2dots_tau0
0 9 -9 3 12
347 348 
LEAF 347 9
65 classes
5 0.027959
12 0.0312632
17 0.0778631
21 0.0903007
30 0.124487
33 0.0513277
37 0.0835373
39 0.0594204
40 0.0539444
44 0.0316226
49 0.0153525
51 0.016899
55 0.0946501
56 0.0295189
61 0.12282
63 0.0890344
-1 -1
LEAF 348 9
65 classes
3 0.00534066
5 0.0103774
6 0.00945495
7 0.00865368
9 0.0053631
10 0.207516
17 0.00481667
18 0.0140266
21 0.0167582
23 0.0175654
24 0.0272545
27 0.0203413
28 0.0402021
30 0.00577565
33 0.123832
35 0.00582839
37 0.263552
39 0.00827053
40 0.0350389
44 0.0117372
47 0.0101303
48 0.0857672
49 0.0056983
54 0.00467552
55 0.0146378
56 0.00547819
59 0.00288782
61 0.0113966
62 0.0134928
63 0.0041308
-1 -1
NODE 328 6
2dots_tau0
0 -1 5 0 -5
329 330 
NODE 329 7
2dots_tau0
0 0 -1 9 8
337 338 
NODE 337 8
2dots_tau0
0 -8 8 -12 -3
341 342 
LEAF 341 9
65 classes
2 0.152516
20 0.042777
24 0.141118
28 0.104079
44 0.0303864
47 0.0524528
49 0.0590093
54 0.387343
55 0.0303167
-1 -1
LEAF 342 9
65 classes
2 0.0644408
15 0.0138697
18 0.0153431
20 0.0406665
24 0.745312
47 0.0498649
49 0.028049
54 0.0153431
63 0.027111
-1 -1
NODE 338 8
2dots_tau0
0 -2 -9 10 -14
339 340 
LEAF 339 9
65 classes
6 0.0713408
7 0.0326475
12 0.0437773
20 0.0623366
27 0.0383705
33 0.10781
37 0.0389919
41 0.0439772
44 0.0221402
47 0.267528
49 0.0429956
56 0.124004
61 0.0429956
62 0.0610846
-1 -1
LEAF 340 9
65 classes
1 0.0274752
3 0.0547205
7 0.0110832
12 0.0743079
14 0.0121544
20 0.0846485
21 0.0500806
23 0.0299958
24 0.139625
30 0.0147943
33 0.0121998
37 0.013237
39 0.0918015
40 0.102574
44 0.0826782
47 0.0389232
48 0.0129231
50 0.0235219
51 0.00803328
52 0.0137956
54 0.0359291
55 0.00749896
61 0.0510867
62 0.00691236
-1 -1
NODE 330 7
2dots_tau0
0 8 -9 7 2
331 332 
NODE 331 8
2dots_tau0
0 -9 5 -4 11
335 336 
LEAF 335 9
65 classes
17 0.103921
18 0.050438
27 0.0548589
37 0.111495
45 0.0573732
47 0.163923
48 0.163276
49 0.0307357
52 0.232398
55 0.0315816
-1 -1
LEAF 336 9
65 classes
2 0.0567961
3 0.0308933
4 0.0369174
11 0.0173321
16 0.266704
27 0.0294163
33 0.0137752
37 0.373658
39 0.00797353
40 0.0144774
44 0.00848677
48 0.0583675
52 0.0467309
54 0.0135229
55 0.0084673
61 0.016481
-1 -1
NODE 332 8
2dots_tau0
0 -10 5 -6 14
333 334 
LEAF 333 9
65 classes
5 0.017761
6 0.0970936
7 0.0444327
12 0.01986
17 0.395702
18 0.0160044
22 0.0184355
24 0.0155488
27 0.0348144
28 0.0344032
30 0.0494255
35 0.00997537
37 0.0176891
39 0.037747
48 0.0172696
49 0.0097527
50 0.0157166
51 0.0107352
52 0.0184355
55 0.0901901
59 0.0197702
62 0.00923723
-1 -1
LEAF 334 9
65 classes
3 0.0900484
17 0.0162427
18 0.0157667
24 0.0153178
27 0.051446
28 0.0508384
30 0.00973827
35 0.0098272
37 0.0697055
39 0.0464829
41 0.0196544
42 0.0196994
45 0.0179346
49 0.00960785
54 0.504535
55 0.0296168
61 0.00960785
63 0.0139298
-1 -1
NODE 262 4
2dots_tau0
0 -3 10 6 -11
263 264 
NODE 263 5
2dots_tau0
0 7 1 11 13
295 296 
NODE 295 6
2dots_tau0
0 0 13 8 -2
311 312 
NODE 311 7
2dots_tau0
0 4 10 2 -6
319 320 
NODE 319 8
2dots_tau0
0 5 -10 4 -15
323 324 
LEAF 323 9
65 classes
0 0.115115
12 0.291525
18 0.0156619
27 0.476971
33 0.0159541
35 0.0292857
37 0.0173106
49 0.028632
61 0.00954399
-1 -1
LEAF 324 9
65 classes
0 0.122563
3 0.299998
6 0.0295059
12 0.0724236
18 0.17509
19 0.0322534
33 0.0297261
35 0.0181886
41 0.0363772
49 0.124478
52 0.0336143
63 0.0257819
-1 -1
NODE 320 8
2dots_tau0
0 0 5 -8 5
321 322 
LEAF 321 9
65 classes
0 0.289489
6 0.139383
12 0.171061
18 0.137852
33 0.140424
63 0.121791
-1 -1
LEAF 322 9
65 classes
-1 -1
NODE 312 7
2dots_tau0
0 -12 7 -14 15
313 314 
NODE 313 8
2dots_tau0
0 -7 10 0 -3
317 318 
LEAF 317 9
65 classes
0 0.0665002
9 0.508531
27 0.0688847
47 0.137223
52 0.218861
-1 -1
LEAF 318 9
65 classes
0 0.120897
6 0.139703
7 0.0213106
12 0.25718
18 0.0230279
19 0.0254519
27 0.0250463
32 0.126294
35 0.0430591
37 0.0509039
41 0.0574121
47 0.0249469
49 0.042098
59 0.0426694
-1 -1
NODE 314 8
2dots_tau0
0 10 0 -8 -4
315 316 
LEAF 315 9
65 classes
0 0.0330136
4 0.0429176
6 0.190745
7 0.0290967
11 0.0604474
12 0.117048
15 0.099478
18 0.141487
27 0.119691
32 0.00957983
37 0.0521267
40 0.0168305
42 0.00982097
47 0.0170308
48 0.0169635
49 0.00957983
51 0.0105449
59 0.00970988
63 0.0138892
-1 -1
LEAF 316 9
65 classes
12 0.228135
27 0.199959
35 0.229177
41 0.229177
59 0.113552
-1 -1
NODE 296 6
2dots_tau0
0 5 -9 6 -12
297 298 
NODE 297 7
2dots_tau0
0 6 12 7 7
305 306 
NODE 305 8
2dots_tau0
0 1 1 15 -8
309 310 
LEAF 309 9
65 classes
0 0.0292005
3 0.0317663
4 0.0379607
11 0.0356438
12 0.0345097
13 0.036153
19 0.0922122
27 0.0604951
28 0.0298903
35 0.0173336
48 0.0900254
49 0.0169467
51 0.0373078
59 0.0171768
62 0.433378
-1 -1
LEAF 310 9
65 classes
3 0.217551
12 0.141804
21 0.0682643
39 0.0224599
42 0.0475924
44 0.0239056
51 0.0766506
52 0.0438774
61 0.11606
62 0.241836
-1 -1
NODE 306 8
2dots_tau0
0 -13 -11 -3 -8
307 308 
LEAF 307 9
65 classes
21 0.0868891
44 0.182567
51 0.195127
59 0.269513
61 0.265904
-1 -1
LEAF 308 9
65 classes
11 0.0839165
18 0.130947
21 0.0391121
23 0.0819918
27 0.142424
35 0.0408087
41 0.0816175
44 0.0410902
51 0.087834
52 0.0754187
56 0.0767134
59 0.0404394
61 0.0398978
62 0.0377891
-1 -1
NODE 298 7
2dots_tau0
0 11 6 -3 -4
299 300 
NODE 299 8
2dots_tau0
0 9 14 -10 -15
303 304 
LEAF 303 9
65 classes
15 0.0283663
19 0.104048
21 0.0937266
23 0.392964
39 0.0185024
44 0.0787734
48 0.0338601
49 0.114731
51 0.0210482
59 0.0193815
61 0.0764876
62 0.0181112
-1 -1
LEAF 304 9
65 classes
3 0.698953
44 0.230413
62 0.0706341
-1 -1
NODE 300 8
2dots_tau0
0 -11 -5 4 -12
301 302 
LEAF 301 9
65 classes
18 0.634048
62 0.365952
-1 -1
LEAF 302 9
65 classes
3 0.289502
18 0.0844823
19 0.18675
27 0.183774
35 0.0526568
41 0.105314
62 0.0975208
-1 -1
NODE 264 5
2dots_tau0
0 15 -3 -9 7
265 266 
NODE 265 6
2dots_tau0
0 12 0 -14 0
281 282 
NODE 281 7
2dots_tau0
0 -7 -8 -1 9
289 290 
NODE 289 8
2dots_tau0
0 -6 14 8 3
293 294 
LEAF 293 9
65 classes
35 0.394524
42 0.197713
51 0.212287
59 0.195477
-1 -1
LEAF 294 9
65 classes
3 0.0269516
6 0.310144
7 0.0873416
12 0.0146396
13 0.0306735
15 0.0213293
17 0.072922
18 0.0471901
19 0.0391181
20 0.010423
27 0.0384947
28 0.02536
35 0.0147065
37 0.0260787
42 0.00737007
45 0.040259
47 0.0127806
49 0.00718911
50 0.034756
51 0.02374
52 0.0407686
55 0.00738698
59 0.0291468
61 0.00718911
62 0.0136183
63 0.010423
-1 -1
NODE 290 8
2dots_tau0
0 -7 -4 4 -9
291 292 
LEAF 291 9
65 classes
6 0.17145
15 0.0766416
20 0.0749054
22 0.0976615
30 0.052366
35 0.158533
44 0.0532087
47 0.0918483
50 0.166516
51 0.0568692
-1 -1
LEAF 292 9
65 classes
1 0.0136643
4 0.0162605
6 0.277031
11 0.0152681
12 0.0443469
16 0.0123654
18 0.0238249
27 0.142523
32 0.0798508
33 0.0364042
35 0.0296996
37 0.197496
39 0.021072
40 0.0127534
49 0.00725916
56 0.0418726
61 0.00725916
63 0.0210492
-1 -1
NODE 282 7
2dots_tau0
0 -5 -11 -2 6
283 284 
NODE 283 8
2dots_tau0
0 -13 5 -5 -15
287 288 
LEAF 287 9
65 classes
6 0.483245
27 0.259913
28 0.256843
-1 -1
LEAF 288 9
65 classes
18 0.256935
20 0.075667
28 0.0920516
41 0.427052
62 0.148294
-1 -1
NODE 284 8
2dots_tau0
0 14 0 10 -9
285 286 
LEAF 285 9
65 classes
6 0.737609
48 0.262391
-1 -1
LEAF 286 9
65 classes
18 1
-1 -1
NODE 266 6
2dots_tau0
0 -1 5 6 -3
267 268 
NODE 267 7
2dots_tau0
0 -4 -10 11 -14
275 276 
NODE 275 8
2dots_tau0
0 -5 -2 -14 4
279 280 
LEAF 279 9
65 classes
0 0.302663
6 0.097151
18 0.0960834
35 0.299438
41 0.119775
63 0.0848893
-1 -1
LEAF 280 9
65 classes
6 1
-1 -1
NODE 276 8
2dots_tau0
0 3 6 8 13
277 278 
LEAF 277 9
65 classes
15 0.591892
35 0.408108
-1 -1
LEAF 278 9
65 classes
18 0.621359
49 0.378641
-1 -1
NODE 268 7
2dots_tau0
0 8 8 -6 -7
269 270 
NODE 269 8
2dots_tau0
0 11 -14 -13 0
273 274 
LEAF 273 9
65 classes
18 0.377367
45 0.214627
47 0.204407
48 0.203599
-1 -1
LEAF 274 9
65 classes
1 0.0346749
3 0.120854
4 0.123789
6 0.0305653
15 0.0136633
18 0.0302294
27 0.493185
28 0.0162453
40 0.0161816
41 0.0942081
45 0.017193
49 0.00921052
-1 -1
NODE 270 8
2dots_tau0
0 -12 0 12 5
271 272 
LEAF 271 9
65 classes
0 0.0740915
20 0.0623424
28 0.151683
41 0.263888
62 0.447995
-1 -1
LEAF 272 9
65 classes
27 0.444234
28 0.146329
35 0.0848574
41 0.169715
45 0.154865
-1 -1
NODE 4 2
2dots_tau0
0 0 14 9 2
5 6 
NODE 5 3
2dots_tau0
0 1 0 5 -7
133 134 
NODE 133 4
2dots_tau0
0 -8 7 2 -3
197 198 
NODE 197 5
2dots_tau0
0 11 -5 5 9
229 230 
NODE 229 6
2dots_tau0
0 15 1 15 11
245 246 
NODE 245 7
2dots_tau0
0 11 14 9 -2
253 254 
NODE 253 8
2dots_tau0
0 6 11 -3 -13
257 258 
LEAF 257 9
65 classes
3 0.244656
7 0.297319
48 0.231118
59 0.132291
63 0.0946161
-1 -1
LEAF 258 9
65 classes
0 0.0778181
3 0.253967
5 0.0822468
14 0.150429
15 0.0669957
27 0.0806084
44 0.093024
51 0.149135
59 0.0457754
-1 -1
NODE 254 8
2dots_tau0
0 5 -9 0 7
255 256 
LEAF 255 9
65 classes
14 0.298059
19 0.216405
27 0.319434
30 0.060466
48 0.105636
-1 -1
LEAF 256 9
65 classes
0 0.135447
5 0.143156
14 0.130916
15 0.11661
27 0.140304
35 0.0804026
48 0.139195
63 0.113969
-1 -1
NODE 246 7
2dots_tau0
0 -7 0 -11 -4
247 248 
NODE 247 8
2dots_tau0
0 9 2 8 9
251 252 
LEAF 251 9
65 classes
0 0.132232
3 0.143851
42 0.157347
48 0.135891
51 0.168945
59 0.0777837
62 0.0726858
63 0.111263
-1 -1
LEAF 252 9
65 classes
3 0.758389
42 0.0829543
59 0.0820159
62 0.0766406
-1 -1
NODE 248 8
2dots_tau0
0 12 7 0 -11
249 250 
LEAF 249 9
65 classes
7 0.249451
14 0.273562
22 0.310498
30 0.166489
-1 -1
LEAF 250 9
65 classes
0 0.62963
59 0.37037
-1 -1
NODE 230 6
2dots_tau0
0 -5 -14 -13 9
231 232 
NODE 231 7
2dots_tau0
0 -8 12 11 -11
239 240 
NODE 239 8
2dots_tau0
0 -11 -2 5 4
243 244 
LEAF 243 9
65 classes
1 0.126288
3 0.377278
19 0.0608431
40 0.117869
62 0.317722
-1 -1
LEAF 244 9
65 classes
0 0.0252866
3 0.165051
12 0.0298842
15 0.0217699
19 0.0798524
23 0.211108
40 0.0773473
41 0.0300206
47 0.0260894
62 0.333591
-1 -1
NODE 240 8
2dots_tau0
0 11 -11 3 -4
241 242 
LEAF 241 9
65 classes
3 0.438097
15 0.138682
35 0.239053
41 0.0956213
62 0.0885457
-1 -1
LEAF 242 9
65 classes
41 0.264689
62 0.735311
-1 -1
NODE 232 7
2dots_tau0
0 4 12 12 -12
233 234 
NODE 233 8
2dots_tau0
0 -14 8 10 -15
237 238 
LEAF 237 9
65 classes
7 0.0903007
12 0.48434
48 0.105291
49 0.0594614
51 0.0654513
54 0.195155
-1 -1
LEAF 238 9
65 classes
12 0.402522
23 0.406215
39 0.191263
-1 -1
NODE 234 8
2dots_tau0
0 -15 -5 5 -1
235 236 
LEAF 235 9
65 classes
19 0.472222
30 0.527778
-1 -1
LEAF 236 9
65 classes
41 0.668684
59 0.331316
-1 -1
NODE 198 5
2dots_tau0
0 -8 3 9 3
199 200 
NODE 199 6
2dots_tau0
0 -14 -7 9 -4
215 216 
NODE 215 7
2dots_tau0
0 -15 12 -9 -9
223 224 
NODE 223 8
2dots_tau0
0 10 14 -5 -9
227 228 
LEAF 227 9
65 classes
44 0.290383
51 0.103453
53 0.0659962
54 0.0771164
59 0.190523
63 0.272528
-1 -1
LEAF 228 9
65 classes
14 0.480641
15 0.053515
27 0.0643886
35 0.0368985
42 0.0369829
47 0.0641331
51 0.158836
63 0.104605
-1 -1
NODE 224 8
2dots_tau0
0 6 -15 6 5
225 226 
LEAF 225 9
65 classes
15 0.184287
35 0.127065
41 0.25413
51 0.136743
62 0.117663
63 0.180112
-1 -1
LEAF 226 9
65 classes
18 0.285195
22 0.109505
42 0.118777
49 0.0579302
59 0.234866
62 0.109737
63 0.0839895
-1 -1
NODE 216 7
2dots_tau0
0 8 5 -10 12
217 218 
NODE 217 8
2dots_tau0
0 -4 -3 13 2
221 222 
LEAF 221 9
65 classes
27 0.458812
35 0.0657317
59 0.260547
62 0.121736
63 0.0931731
-1 -1
LEAF 222 9
65 classes
3 0.147208
15 0.116499
47 0.139614
51 0.259332
54 0.257749
59 0.0795988
-1 -1
NODE 218 8
2dots_tau0
0 -4 -5 -12 -1
219 220 
LEAF 219 9
65 classes
0 0.126343
3 0.137444
47 0.130354
59 0.0743194
63 0.53154
-1 -1
LEAF 220 9
65 classes
15 0.0987612
22 0.0629238
28 0.117425
47 0.650961
49 0.0332878
51 0.0366411
-1 -1
NODE 200 6
2dots_tau0
0 -12 10 1 -6
201 202 
NODE 201 7
2dots_tau0
0 12 0 8 2
209 210 
NODE 209 8
2dots_tau0
0 1 8 9 7
213 214 
LEAF 213 9
65 classes
15 0.430499
42 0.148754
63 0.420747
-1 -1
LEAF 214 9
65 classes
2 0.189121
7 0.166683
42 0.11252
44 0.226075
48 0.194353
59 0.111248
-1 -1
NODE 210 8
2dots_tau0
0 -9 13 -11 -10
211 212 
LEAF 211 9
65 classes
35 1
-1 -1
LEAF 212 9
65 classes
54 1
-1 -1
NODE 202 7
2dots_tau0
0 -13 0 -1 8
203 204 
NODE 203 8
2dots_tau0
0 5 10 -11 -3
207 208 
LEAF 207 9
65 classes
35 0.295859
47 0.257116
54 0.237338
63 0.209687
-1 -1
LEAF 208 9
65 classes
5 0.472098
35 0.265151
59 0.262751
-1 -1
NODE 204 8
2dots_tau0
0 9 -5 -12 -4
205 206 
LEAF 205 9
65 classes
0 0.0626695
2 0.0626695
3 0.068176
12 0.037032
15 0.0269769
18 0.0895279
27 0.0649166
35 0.0372011
48 0.0322017
51 0.0800692
53 0.0255393
54 0.149213
59 0.0184322
62 0.0344484
63 0.210927
-1 -1
LEAF 206 9
65 classes
12 0.229535
18 0.184974
41 0.230584
51 0.248146
62 0.106761
-1 -1
NODE 134 4
2dots_tau0
0 -15 -15 14 -7
135 136 
NODE 135 5
2dots_tau0
0 2 -14 13 -13
167 168 
NODE 167 6
2dots_tau0
0 13 -1 10 7
183 184 
NODE 183 7
2dots_tau0
0 1 2 0 -10
191 192 
NODE 191 8
2dots_tau0
0 0 -2 -13 0
195 196 
LEAF 195 9
65 classes
19 0.0768664
27 0.151283
35 0.0433471
51 0.0466487
59 0.128864
63 0.552991
-1 -1
LEAF 196 9
65 classes
51 1
-1 -1
NODE 192 8
2dots_tau0
0 -7 4 6 -10
193 194 
LEAF 193 9
65 classes
0 0.199737
3 0.217287
12 0.236053
35 0.237131
62 0.109792
-1 -1
LEAF 194 9
65 classes
27 0.272153
35 0.0519866
51 0.111893
62 0.0481398
63 0.515828
-1 -1
NODE 184 7
2dots_tau0
0 -15 0 -14 -13
185 186 
NODE 185 8
2dots_tau0
0 -15 11 -7 -1
189 190 
LEAF 189 9
65 classes
30 0.134491
48 0.234961
51 0.43817
63 0.192379
-1 -1
LEAF 190 9
65 classes
27 0.241499
42 0.27742
47 0.481081
-1 -1
NODE 186 8
2dots_tau0
0 -14 -13 13 -8
187 188 
LEAF 187 9
65 classes
3 0.0586514
12 0.0637167
18 0.0513468
27 0.0558473
33 0.0523048
35 0.0640077
51 0.0344415
53 0.307598
62 0.266721
63 0.0453647
-1 -1
LEAF 188 9
65 classes
33 0.375586
40 0.197367
53 0.15777
62 0.106403
63 0.162875
-1 -1
NODE 168 6
2dots_tau0
0 -4 13 -9 5
169 170 
NODE 169 7
2dots_tau0
0 -8 -6 13 -12
177 178 
NODE 177 8
2dots_tau0
0 -4 8 10 -6
181 182 
LEAF 181 9
65 classes
3 1
-1 -1
LEAF 182 9
65 classes
-1 -1
NODE 178 8
2dots_tau0
0 7 -14 -8 -11
179 180 
LEAF 179 9
65 classes
2 0.274644
35 0.326061
51 0.175448
53 0.223847
-1 -1
LEAF 180 9
65 classes
-1 -1
NODE 170 7
2dots_tau0
0 12 -13 0 -13
171 172 
NODE 171 8
2dots_tau0
0 12 0 3 3
175 176 
LEAF 175 9
65 classes
30 0.248864
41 0.502273
59 0.248864
-1 -1
LEAF 176 9
65 classes
5 0.640351
35 0.359649
-1 -1
NODE 172 8
2dots_tau0
0 6 11 8 -14
173 174 
LEAF 173 9
65 classes
-1 -1
LEAF 174 9
65 classes
59 1
-1 -1
NODE 136 5
2dots_tau0
0 -9 -12 -15 4
137 138 
NODE 137 6
2dots_tau0
0 12 2 9 4
153 154 
NODE 153 7
2dots_tau0
0 -8 15 -15 6
161 162 
NODE 161 8
2dots_tau0
0 -6 -13 15 -7
165 166 
LEAF 165 9
65 classes
0 0.0983309
3 0.213942
27 0.152785
35 0.0583699
40 0.250647
47 0.0507262
53 0.0400721
62 0.135127
-1 -1
LEAF 166 9
65 classes
0 0.111524
3 0.0606616
12 0.329503
15 0.048007
19 0.0586969
27 0.0577615
40 0.0568554
41 0.0662015
47 0.0575322
62 0.153257
-1 -1
NODE 162 8
2dots_tau0
0 -1 -10 10 -7
163 164 
LEAF 163 9
65 classes
0 0.125456
3 0.272959
27 0.389864
59 0.0737978
62 0.137922
-1 -1
LEAF 164 9
65 classes
0 0.610195
51 0.389805
-1 -1
NODE 154 7
2dots_tau0
0 -4 -6 -6 -7
155 156 
NODE 155 8
2dots_tau0
0 2 6 -1 -7
159 160 
LEAF 159 9
65 classes
3 0.158277
12 0.51584
19 0.153151
41 0.172732
-1 -1
LEAF 160 9
65 classes
0 0.215749
2 0.143832
3 0.0782352
20 0.121024
41 0.08538
62 0.35578
-1 -1
NODE 156 8
2dots_tau0
0 9 4 -5 10
157 158 
LEAF 157 9
65 classes
35 1
-1 -1
LEAF 158 9
65 classes
0 0.10562
3 0.28725
12 0.0624116
15 0.0454654
20 0.0444355
27 0.0547034
35 0.0626966
40 0.107691
41 0.0626966
47 0.108973
62 0.0580573
-1 -1
NODE 138 6
2dots_tau0
0 14 0 -11 -11
139 140 
NODE 139 7
2dots_tau0
0 7 14 0 2
147 148 
NODE 147 8
2dots_tau0
0 6 1 9 -10
151 152 
LEAF 151 9
65 classes
0 0.290908
3 0.0527448
35 0.0575617
40 0.0988707
47 0.350167
52 0.0531899
53 0.0395173
59 0.0570408
-1 -1
LEAF 152 9
65 classes
2 0.343457
3 0.124545
33 0.111068
35 0.0679595
40 0.11673
47 0.23624
-1 -1
NODE 148 8
2dots_tau0
0 6 1 -7 -10
149 150 
LEAF 149 9
65 classes
0 0.290358
2 0.032262
12 0.0762556
27 0.0334188
33 0.0625978
47 0.133145
53 0.0788851
59 0.0759105
63 0.217168
-1 -1
LEAF 150 9
65 classes
0 0.417303
27 0.216133
49 0.121092
59 0.245472
-1 -1
NODE 140 7
2dots_tau0
0 9 -2 -5 -14
141 142 
NODE 141 8
2dots_tau0
0 0 4 -10 3
145 146 
LEAF 145 9
65 classes
2 0.262828
23 0.313465
47 0.271172
49 0.152534
-1 -1
LEAF 146 9
65 classes
0 0.139073
47 0.860927
-1 -1
NODE 142 8
2dots_tau0
0 6 8 5 -7
143 144 
LEAF 143 9
65 classes
-1 -1
LEAF 144 9
65 classes
30 0.363112
47 0.636888
-1 -1
NODE 6 3
2dots_tau0
0 2 -10 15 -11
7 8 
NODE 7 4
2dots_tau0
0 12 15 1 -15
71 72 
NODE 71 5
2dots_tau0
0 -12 1 9 -11
103 104 
NODE 103 6
2dots_tau0
0 4 0 15 -14
119 120 
NODE 119 7
2dots_tau0
0 -1 -3 5 -5
127 128 
NODE 127 8
2dots_tau0
0 2 -15 2 -9
131 132 
LEAF 131 9
65 classes
7 0.100307
15 0.293947
17 0.0558315
19 0.239601
20 0.0478814
28 0.116499
47 0.0587117
49 0.0330253
54 0.0541954
-1 -1
LEAF 132 9
65 classes
5 0.0849705
6 0.0387088
7 0.141714
10 0.0320594
15 0.103822
17 0.0788783
20 0.0676465
22 0.132296
47 0.0829474
48 0.0413098
49 0.023329
54 0.11485
59 0.0236456
63 0.0338232
-1 -1
NODE 128 8
2dots_tau0
0 11 14 5 -10
129 130 
LEAF 129 9
65 classes
6 0.0534397
7 0.342376
10 0.0221299
12 0.0655851
15 0.119443
17 0.190568
20 0.0233474
22 0.0304403
35 0.0164711
40 0.0282916
47 0.0286284
54 0.0792787
-1 -1
LEAF 130 9
65 classes
0 0.55194
1 0.0524312
7 0.0211502
17 0.0235446
20 0.020192
22 0.184284
27 0.0497157
40 0.0244679
47 0.0247592
48 0.0246613
54 0.0228546
-1 -1
NODE 120 7
2dots_tau0
0 -13 -5 -15 6
121 122 
NODE 121 8
2dots_tau0
0 9 3 -1 -2
125 126 
LEAF 125 9
65 classes
0 0.287054
7 0.252996
19 0.302162
62 0.157788
-1 -1
LEAF 126 9
65 classes
-1 -1
NODE 122 8
2dots_tau0
0 2 -11 12 8
123 124 
LEAF 123 9
65 classes
0 0.810104
19 0.12182
59 0.068076
-1 -1
LEAF 124 9
65 classes
0 0.136146
5 0.143894
7 0.719959
-1 -1
NODE 104 6
2dots_tau0
0 -8 4 13 -6
105 106 
NODE 105 7
2dots_tau0
0 -8 -9 -5 0
113 114 
NODE 113 8
2dots_tau0
0 -9 5 -6 -3
117 118 
LEAF 117 9
65 classes
5 0.376222
17 0.261936
20 0.0374396
39 0.0249867
48 0.0457266
53 0.0362659
54 0.0847533
55 0.13267
-1 -1
LEAF 118 9
65 classes
0 0.12114
18 0.807601
59 0.0712589
-1 -1
NODE 114 8
2dots_tau0
0 -6 8 2 -8
115 116 
LEAF 115 9
65 classes
0 0.548709
10 0.0875242
27 0.113677
35 0.0651436
52 0.120392
59 0.064554
-1 -1
LEAF 116 9
65 classes
0 0.759036
18 0.240964
-1 -1
NODE 106 7
2dots_tau0
0 -9 -14 6 -4
107 108 
NODE 107 8
2dots_tau0
0 5 7 3 13
111 112 
LEAF 111 9
65 classes
17 0.483657
19 0.0518904
20 0.0414787
21 0.0280458
48 0.202639
50 0.046104
55 0.0881898
59 0.0579951
-1 -1
LEAF 112 9
65 classes
-1 -1
NODE 108 8
2dots_tau0
0 6 0 8 -13
109 110 
LEAF 109 9
65 classes
12 0.0502683
13 0.052662
17 0.0834643
48 0.0437115
49 0.0246853
53 0.104003
54 0.283565
55 0.177553
56 0.0949272
61 0.0493706
63 0.0357897
-1 -1
LEAF 110 9
65 classes
2 0.0474436
15 0.081691
17 0.372388
18 0.0451844
32 0.137671
35 0.0281629
39 0.0532844
49 0.0275343
53 0.0773376
54 0.0451844
55 0.0565841
61 0.0275343
-1 -1
NODE 72 5
2dots_tau0
0 3 1 -2 14
73 74 
NODE 73 6
2dots_tau0
0 3 0 -6 -14
89 90 
NODE 89 7
2dots_tau0
0 12 -8 13 -14
97 98 
NODE 97 8
2dots_tau0
0 11 1 -3 -3
101 102 
LEAF 101 9
65 classes
0 0.0466461
2 0.0199912
5 0.0633866
12 0.0157506
17 0.0523039
20 0.0280351
22 0.0292416
33 0.0517184
35 0.0553789
40 0.0475607
41 0.00791127
42 0.00396469
47 0.0137505
48 0.0958733
49 0.146959
51 0.00425692
53 0.021725
54 0.241163
59 0.00391984
63 0.0504631
-1 -1
LEAF 102 9
65 classes
0 0.0438122
12 0.207112
27 0.0226916
32 0.0762802
33 0.0425044
35 0.0260072
40 0.0223356
47 0.0226015
48 0.0675366
49 0.0889935
51 0.0279881
54 0.0625889
55 0.0130633
63 0.276485
-1 -1
NODE 98 8
2dots_tau0
0 -5 -7 -14 5
99 100 
LEAF 99 9
65 classes
0 0.0590281
2 0.0295141
11 0.0360266
12 0.139521
13 0.0365412
15 0.127047
20 0.0745015
35 0.070079
40 0.0300928
42 0.0175599
47 0.030451
49 0.0685148
50 0.0276031
54 0.168652
55 0.0352003
63 0.0496677
-1 -1
LEAF 100 9
65 classes
2 0.0145918
3 0.0158739
5 0.1388
14 0.0141036
15 0.05025
20 0.0491116
22 0.0160079
24 0.0135013
33 0.0283125
40 0.0297559
47 0.015055
48 0.0149955
49 0.11009
51 0.00932155
53 0.0713581
54 0.264042
55 0.0957169
63 0.0491116
-1 -1
NODE 90 7
2dots_tau0
0 2 -9 -1 13
91 92 
NODE 91 8
2dots_tau0
0 -10 13 11 15
95 96 
LEAF 95 9
65 classes
3 0.023719
5 0.0230441
11 0.0266143
12 0.0773025
13 0.134973
19 0.0688524
32 0.0253074
33 0.0846097
35 0.116483
40 0.111154
48 0.0224065
49 0.0126537
51 0.0139284
52 0.0717576
53 0.0355414
62 0.0599244
63 0.091729
-1 -1
LEAF 96 9
65 classes
1 0.02721
10 0.0198649
13 0.400893
19 0.0262185
21 0.0283412
23 0.0297063
27 0.129003
30 0.0146515
35 0.0591413
40 0.0507919
49 0.0144553
50 0.0465897
52 0.0546495
59 0.0146515
63 0.0838313
-1 -1
NODE 92 8
2dots_tau0
0 10 -1 6 -15
93 94 
LEAF 93 9
65 classes
53 1
-1 -1
LEAF 94 9
65 classes
35 1
-1 -1
NODE 74 6
2dots_tau0
0 -10 3 -5 -6
75 76 
NODE 75 7
2dots_tau0
0 0 -3 -10 -15
83 84 
NODE 83 8
2dots_tau0
0 0 3 -4 13
87 88 
LEAF 87 9
65 classes
5 1
-1 -1
LEAF 88 9
65 classes
17 0.270168
27 0.285237
40 0.280763
42 0.163832
-1 -1
NODE 84 8
2dots_tau0
0 1 -14 -12 11
85 86 
LEAF 85 9
65 classes
0 0.206807
3 0.224978
5 0.218576
22 0.226877
35 0.122762
-1 -1
LEAF 86 9
65 classes
42 1
-1 -1
NODE 76 7
2dots_tau0
0 -14 -3 -2 -6
77 78 
NODE 77 8
2dots_tau0
0 -5 5 3 -12
81 82 
LEAF 81 9
65 classes
-1 -1
LEAF 82 9
65 classes
5 1
-1 -1
NODE 78 8
2dots_tau0
0 0 -13 7 -10
79 80 
LEAF 79 9
65 classes
27 0.505253
41 0.28954
63 0.205208
-1 -1
LEAF 80 9
65 classes
12 0.308281
27 0.270206
48 0.26807
59 0.153443
-1 -1
NODE 8 4
2dots_tau0
0 3 -6 5 5
9 10 
NODE 9 5
2dots_tau0
0 3 -10 -11 -7
41 42 
NODE 41 6
2dots_tau0
0 4 -6 12 14
57 58 
NODE 57 7
2dots_tau0
0 1 10 -15 0
65 66 
NODE 65 8
2dots_tau0
0 -4 11 14 13
69 70 
LEAF 69 9
65 classes
23 0.395833
42 0.0493659
49 0.144461
52 0.091025
53 0.270507
59 0.0488075
-1 -1
LEAF 70 9
65 classes
2 0.162939
11 0.198893
21 0.278102
27 0.168782
35 0.0967218
49 0.0945629
-1 -1
NODE 66 8
2dots_tau0
0 -2 3 8 5
67 68 
LEAF 67 9
65 classes
1 0.0443156
15 0.104773
23 0.145144
42 0.362029
49 0.141256
55 0.0967626
59 0.0715868
63 0.0341331
-1 -1
LEAF 68 9
65 classes
0 0.0152005
2 0.0152005
17 0.0745683
21 0.00864797
23 0.126903
35 0.00902311
39 0.0256077
42 0.370794
49 0.0705736
53 0.111502
55 0.154096
59 0.0178829
-1 -1
NODE 58 7
2dots_tau0
0 0 -6 11 0
59 60 
NODE 59 8
2dots_tau0
0 -3 6 -12 13
63 64 
LEAF 63 9
65 classes
27 0.786746
39 0.213254
-1 -1
LEAF 64 9
65 classes
14 0.619081
55 0.305565
59 0.0753542
-1 -1
NODE 60 8
2dots_tau0
0 -1 -10 0 -13
61 62 
LEAF 61 9
65 classes
0 0.0252309
14 0.170707
17 0.173284
33 0.0244777
42 0.0450345
44 0.0603221
55 0.165505
59 0.0148417
61 0.292859
62 0.027738
-1 -1
LEAF 62 9
65 classes
4 0.0214467
10 0.0131575
14 0.159455
17 0.226607
21 0.00938589
27 0.017089
30 0.0194088
39 0.00926425
42 0.00981545
44 0.0591635
51 0.105389
52 0.0180985
55 0.216435
59 0.0291132
61 0.08617
-1 -1
NODE 42 6
2dots_tau0
0 -4 0 -12 -6
43 44 
NODE 43 7
2dots_tau0
0 -2 1 14 -7
51 52 
NODE 51 8
2dots_tau0
0 -12 -4 9 6
55 56 
LEAF 55 9
65 classes
14 1
-1 -1
LEAF 56 9
65 classes
12 0.284723
14 0.465718
27 0.249558
-1 -1
NODE 52 8
2dots_tau0
0 -10 0 -5 5
53 54 
LEAF 53 9
65 classes
7 0.333876
44 0.226422
61 0.439703
-1 -1
LEAF 54 9
65 classes
44 1
-1 -1
NODE 44 7
2dots_tau0
0 5 8 0 -15
45 46 
NODE 45 8
2dots_tau0
0 -2 10 12 -8
49 50 
LEAF 49 9
65 classes
52 1
-1 -1
LEAF 50 9
65 classes
7 0.401574
14 0.0400353
28 0.0423995
30 0.0487307
44 0.222817
51 0.0264607
59 0.121827
61 0.0961561
-1 -1
NODE 46 8
2dots_tau0
0 6 14 -2 10
47 48 
LEAF 47 9
65 classes
1 0.162292
7 0.261868
14 0.287179
22 0.162977
42 0.0441941
52 0.0814886
-1 -1
LEAF 48 9
65 classes
5 0.0784936
7 0.0981836
14 0.430694
19 0.0390879
28 0.0380107
42 0.0662795
51 0.0237217
52 0.203686
59 0.0218433
-1 -1
NODE 10 5
2dots_tau0
0 9 14 5 14
11 12 
NODE 11 6
2dots_tau0
0 -10 -8 -10 5
27 28 
NODE 27 7
2dots_tau0
0 11 0 6 7
35 36 
NODE 35 8
2dots_tau0
0 -5 -9 -7 -11
39 40 
LEAF 39 9
65 classes
7 0.0789952
14 0.0866304
15 0.0771642
17 0.175876
23 0.106897
41 0.106409
44 0.107143
55 0.0534486
59 0.158169
62 0.0492676
-1 -1
LEAF 40 9
65 classes
1 0.0384559
7 0.155127
14 0.0340241
15 0.0909188
17 0.172689
19 0.0370546
23 0.125952
30 0.103535
45 0.0381354
47 0.0363194
51 0.0224877
55 0.125952
62 0.0193499
-1 -1
NODE 36 8
2dots_tau0
0 15 -13 -11 -3
37 38 
LEAF 37 9
65 classes
5 0.114904
15 0.280793
20 0.0914773
41 0.129071
49 0.0630948
55 0.129663
59 0.127903
61 0.0630948
-1 -1
LEAF 38 9
65 classes
15 0.454325
20 0.333025
28 0.135045
59 0.0776053
-1 -1
NODE 28 7
2dots_tau0
0 15 -1 -9 -13
29 30 
NODE 29 8
2dots_tau0
0 -7 15 -12 -12
33 34 
LEAF 33 9
65 classes
0 0.0543444
7 0.0478968
9 0.0296839
14 0.0262631
15 0.0467866
19 0.0286023
23 0.0324072
30 0.0799183
35 0.0161296
39 0.0305174
42 0.0161665
44 0.0649635
45 0.0294366
48 0.027924
49 0.0315392
52 0.35771
55 0.0162036
59 0.0319673
61 0.0315392
-1 -1
LEAF 34 9
65 classes
0 0.0441435
7 0.0389062
15 0.0380044
17 0.129932
19 0.139401
23 0.210593
35 0.0262039
45 0.0956444
54 0.0420415
55 0.105297
59 0.129834
-1 -1
NODE 30 8
2dots_tau0
0 12 8 -13 12
31 32 
LEAF 31 9
65 classes
35 0.671664
61 0.328336
-1 -1
LEAF 32 9
65 classes
28 1
-1 -1
NODE 12 6
2dots_tau0
0 -9 13 8 -3
13 14 
NODE 13 7
2dots_tau0
0 3 -2 6 -13
21 22 
NODE 21 8
2dots_tau0
0 -10 6 13 4
25 26 
LEAF 25 9
65 classes
12 0.533898
47 0.466102
-1 -1
LEAF 26 9
65 classes
9 0.0458323
10 0.0334604
15 0.361195
28 0.0429452
40 0.0427768
47 0.0432861
55 0.0250186
59 0.370184
63 0.0353013
-1 -1
NODE 22 8
2dots_tau0
0 -5 10 -1 -13
23 24 
LEAF 23 9
65 classes
0 0.383273
19 0.201722
48 0.196938
59 0.112727
62 0.105339
-1 -1
LEAF 24 9
65 classes
19 0.124165
23 0.562731
42 0.0701805
47 0.121702
48 0.121221
-1 -1
NODE 14 7
2dots_tau0
0 11 7 -2 -7
15 16 
NODE 15 8
2dots_tau0
0 3 7 2 10
19 20 
LEAF 19 9
65 classes
15 0.281742
23 0.195151
35 0.0323767
42 0.129803
49 0.031654
50 0.0510108
52 0.0598355
53 0.0444546
54 0.0519451
59 0.0320837
62 0.089943
-1 -1
LEAF 20 9
65 classes
14 0.140342
15 0.125006
22 0.159291
41 0.172383
42 0.0863887
45 0.157299
52 0.159291
-1 -1
NODE 16 8
2dots_tau0
0 -14 1 0 7
17 18 
LEAF 17 9
65 classes
15 0.178222
21 0.117774
42 0.369494
48 0.212739
59 0.121771
-1 -1
LEAF 18 9
65 classes
12 0.0895694
23 0.361565
40 0.0772756
42 0.0450922
49 0.131955
59 0.0445821
62 0.249961
-1 -1
