0.00384615
0.00420168
0.00384615
0.0041841
0.005
0.00406504
0.0037037
0.00338983
0
0.00420168
0.00306748
0.00469484
0.00454545
0.0047619
0.00371747
0.00331126
0.00380228
0.00377358
0.003663
0.00404858
0.00323625
0.00218818
0.00421941
0.00458716
0.00355872
0
0
0.00398406
0.00393701
0
0.00226244
0
0.00223214
0.00373134
0
0.0022831
0
0.00404858
0
0.00215983
0.00392157
0.00456621
0.00228833
0
0.00229885
0.00416667
0.0666667
0.00396825
0.00395257
0.00223214
0.00359712
0.002457
0.00421941
0.0031348
0.003663
0.00229358
0.00429185
0
0.0555556
0.00226244
0
0.00223214
0.00211416
0.00323625
0
0.690912 0.496783 0.243244 0.144837 0.266834 0.017361 0.0902957 0.0192585 0.00689925 0 0.52477 0.239371 0.0707368 0.0607098 0.0532684 0.0693073 0.0037037 0.113452 0.101146 0.0337394 0.366511 0.42431 0.238411 0.127974 0.0836715 0.0940167 0.104951 0.0900699 0.084906 0.0835904 0.372532 0.037052 0.00723283 0.0501593 0.1309 0.237847 0.0300977 0.159569 0.0335589 0.0179908 0.612631 0.0062004 0.386789 0.254511 0.060151 0.185047 0.144721 0.2335 0.102759 0.0765396 0.13175 0.0529727 0.0022831 0.00226244 0.0140478 0.0120625 0.202099 0.0165634 0.0280423 0.0193176 0.0559512 0.0167957 0.10182 0.0754329 0 0.00743494 0.0519995 0.155122 0.0137195 0.0154568 0.120134 0.0772595 1.02855 0.0860115 0.0748708 0.184833 0.449005 0.0649763 0.0236928 0.00949459 0.157578 0.184174 0.0238671 0.0636086 0.0313867 0 0.110571 0.0197101 0.00823268 0.00873668 0.0129743 0.0338367 0.19307 0.0541891 0.00650251 0.0398064 0.0587338 0.0327032 0.0382459 0.122284 0.0895906 0.0695239 0.0335017 0 0.0510249 0.0334478 0.0209566 0 0.0431989 0 0.0190143 0.0249145 0.517503 0.329314 0.19632 0.140682 0.740263 0.134595 0.0338472 0.340648 0.00743841 0.0281018 0.0386024 0.00393701 0.0284137 0.0276582 0.0163474 0.0221416 0.00830463 0.00371747 0.00996883 0.0391095 0.0245634 0.0083682 0.00456621 0.00396825 0.00384615 0.00371747 0 0.0125392 0.0131219 0.00743494 0.0148016 0.019766 0.0343584 0.0102181 0.0689676 0.0566929 0.113304 0.0294068 0 0.00729006 0.0219729 0 0 0.0313126 0 0.0157348 0 0.00841243 0.454252 0.0297777 0.0249028 0.117344 0.322148 0.223636 0.139497 0.253492 0.130421 0.196385 0.0258859 0.0755022 0.0997148 0.231651 0.0316464 0.0041841 0.104177 0.0108447 0.042832 0.0309337 0.00824236 0.048948 0.0203057 0.0299548 0.0373582 0.0636773 0.0186807 0.171286 0 0.0859133 0 0 0.0276237 0.0125997 0.0615227 0.0225299 0.107107 0.0346207 0.025576 0.0382707 0.085563 0.066404 0 0.119889 0.00824236 0.171273 0.0361709 0.0604671 0.0938959 0.0187198 0.0244897 0.039183 0.0373908 0.213189 0.165549 0.0054179 0.0552672 0.0206783 0.019716 0.00456621 0.117267 0.0734369 0.0552645 0.00835689 0.0200019 0.0599433 0.0292299 0.00406504 0.0135089 0.0371399 0.00652204 0.0664318 0.0531839 0.00223214 0.0562025 0.144597 0.0515575 0.198035 0.123826 0.0516691 0.0650235 0.0068391 0.0320189 0.0302195 0.017003 0.00404858 0.0788919 0.010199 0.00456621 0.00970874 0.00867321 0.0646275 0.0281522 0.079224 0.0921779 0.117138 0.0385608 0.00421941 0.0185787 0.00384615 0.00825623 0.00691364 0.00421941 0.100681 0.0170311 0.0256959 0.00686014 0.00839161 0.011238 0.00226244 0.00680799 0.0247307 0.0118286 0.00745487 0 0.00338983 0.0427788 0.059492 0.114025 0.0373968 0.0103487 0.00404858 0.0152124 0.0639074 0.0429766 0.114579 0.119351 0.0861788 0.0296021 0.0636034 0.0289033 0.0670782 0.0830413 0.0270536 0.0355745 0.0371869 0.0168586 0.0277578 0.0188586 0.0317308 0.0237926 0.0041841 0.035018 0.00456621 0.0977054 0.129498 0.018448 0.00901947 0.0445738 0.112054 0.178911 0.0957744 0.232261 0.0862456 0.431338 0.0443527 0.0660603 0.0211483 0.0075775 0.377145 0.277746 0.874851 0.067658 0.087397 0.780574 0.406661 0.25535 0.256163 0.359989 0.0361006 0.301125 0.189902 0.0275679 0.0128247 0.0758373 0.22783 0.40705 0.355221 0.480638 0.077059 0.188873 0.0176294 0.40797 0.0865999 0.0111728 0.0360382 0.138357 0.339994 0.0977126 0.0734113 0.0691459 0.0170522 0.0869436 0.295206 0.0463439 0.0362181 0.003663 0.0198442 0.290248 0.024234 0.0203526 0.043743 0.153907 0.161913 0.0368918 0.0116718 0.0592978 0.0246968 1.14718 0.968961 0.639176 0.171234 1.94784 0.0194736 0.383019 0.404843 0.32892 1.09309 0.173347 0.119121 0.0708509 0.317551 0.121917 0.120891 0.277354 0.31904 0.105811 0.129184 0.0385678 0.0618712 0.174336 0.109659 0.00771159 0.0250609 0.0462145 0.0124873 0.373872 0.144052 0.24039 0.0200599 0.004914 0.00226244 0.0204536 0.00226244 0.0103803 0 0.0161276 0.0159681 0 0.0322565 0.0554017 0.0517267 0.108821 0 0.0772886 0.0494672 0.0706847 0.425216 0.0427903 0.0163533 0.342437 0.369635 0.230386 0.34321 0.153203 0.955524 0.112024 0.0923913 0.0698171 0.468154 0.0144282 0.00951697 0.00331126 0.0197511 0.0749838 0.0288167 0.0327425 0.0368687 0.0326487 0.0304208 0.00933433 0.0366394 0.0226973 0.0696783 0.00453099 0.0232055 0.0188732 0.00223214 0.376872 0.0836329 0.0405376 0.230642 0.00652463 0.00451525 0.051969 0.00678733 0.034302 0.0564521 0.013971 0.0527285 0.0157263 0.0870811 0.155061 0.0375886 0.00395257 0.0265174 0.0248501 0.0331747 0.0137738 0 0.0055351 0.0253792 0.071447 0.0418756 0.0083185 0.00800115 0.00823787 0.0582524 0.0368549 0.0224443 0.00406504 0.0200026 0.00631103 0.00446429 0.0502013 0.132416 0.0223571 0 0.0594426 0.00809717 0.187329 0.313606 0.0842875 0.372634 0.07643 0.102349 0.122588 0.179059 0.0500274 0.12533 0.0807762 0.037671 0.146665 0.0115385 0.00458716 0.0110162 0.0130954 0.0283026 0.0100856 0.0190068 0.0457325 0.0637818 
0.00338983 0.0362657 0.0715306 0.0189789 0.00338983 0.0118922 0.00456621 0 0.0443327 0.020802 0.0765051 0.0452002 0.00437661 0.0158278 0.00546839 0.0087556 0.0665034 0.0350353 0.110031 0.063016 0.0116274 0.00226244 0.0158198 0.0606472 0 0 0.00863125 0.00306748 0.0152467 0.0223059 0.0196072 0.021846 0.0561839 0.0356059 0.0602176 0 0.0369465 0.0120775 0.0279596 0.0609973 0.0427985 0.0759756 0.229035 0.0594936 0.167466 0.0111447 0.33641 0.463442 0.111885 0.0152739 0.0635202 0.0597985 0.0401244 0.0554716 0.0733162 0.0796291 0.0434962 0.0930289 0.0324424 0.0506183 0.0809455 0.0514656 0.0710861 0.0552461 0.0107007 0.0177676 0.0278358 0.016166 0.180154 0.0432705 0.00471945 0.0177692 0.0627165 0.0707779 0.120069 0.0738685 0.0532982 0.0470255 0.0902134 0.282952 0.0913118 0.0160084 0.0198436 0.0122585 0.00404858 0.003663 0.0169768 0.0667277 0.0547333 0.0214101 0.03747 0.0640882 0.155996 0.0902564 0.003663 0.0389816 0 0.00395257 0.00371747 0 0.0174027 0.0315259 0.0202624 0.0330172 0.00982801 0 0.0182733 0.0627807 0.0281058 0.0501543 0.0680545 0.00406504 0.0871389 0.056113 0.0144581 0.0560403 0.0123249 0.0499594 0.0685479 0.0188201 0.0157479 0.0090118 0.0222101 0.00621501 0.00726917 0.00772804 0 0.00458716 0.0958446 0.0813655 0.143396 0.240611 0.0875616 0.0580282 0.0623694 0.160601 0.0234826 0.0566917 0.155933 0.051815 0.00980961 0.0358723 0.666878 0.350264 0.0858641 0.0303053 0 0.06634 0.0440143 0.0201778 0.0087443 0.0065475 0.0728104 0.09184 0.0104813 0.00818789 0.023522 0.085246 0.0732559 0.0255485 0.131073 0.117825 0.0346751 0.0277177 0.00228833 0.0250489 0.0165131 0.0142349 0.0125343 0.105471 0.002457 0 0.0643666 0.0567452 0.0291455 0.137726 0.0164088 0.0388124 0.00717645 0 0.125343 0.139814 0.0031348 0.0115915 0.003663 0.0041841 0.0802653 0.0260966 0.00805659 0.00228833 0.0303414 0.0768732 0.00679835 0.0706752 0.148753 0.0211504 0.0530576 0.0422594 0.0100432 0.0263956 0.0862506 0.0885246 0.016918 0.01619 0.0317936 0.0447538 0.0186323 0.00228833 0.0301551 0.078601 0.0562345 0.0536818 0.0300281 0.053919 0.0773005 0.0218914 0.132423 0.0401762 0.51243 0.0207134 0.00816994 0.0238448 0.0185438 0.121312 0.0124643 0.0277107 0.0284769 0.0279815 0.00323625 0.00970874 0.0261736 0.0219944 0.0295425 0.0289708 0.00780246 0 0.0406245 0.0226759 0 0.011258 0.066409 0.0908161 0.108274 0.0358678 0.0336738 0.0308221 0.0328618 0.0524405 0.173603 0.0943193 0.0188847 0.0398306 0.0150001 0.0483761 0.0559049 0.0103293 0.0618776 0.190295 0.128191 0.166729 0.0546684 0.0552043 0.0575889 0.102836 0.0382374 0 0.0041841 0.00747793 0.0516185 0.033313 0.080631 0.140442 0.0461013 0.0189043 0.0109252 0.0319959 0.0429549 0.0109917 0.0041841 0 0.0564751 0.0110507 0.0523692 0.0158224 0.031592 0.0568138 0.0620956 0.012123 0.386696 0.25355 0.147152 0.0599257 0.00873668 0.0452779 0.529141 0.149056 0.0218992 0.773708 0.824562 0.200461 0.188149 0.532816 0.00793663 0.355985 0.638741 0.00876789 0.00680799 0.270721 0.0229608 0.128444 0.0141511 0.188776 0.184892 0.268488 0.0178314 0.226628 0.151486 0 0.0462578 0.108986 0.0329697 0.0111864 0.14799 0.0700989 3.54278 1.89391 0.103997 0.372632 0.125602 0.0610683 0.15054 0.916914 0.0917948 0.078493 0.236406 0.146879 0.731202 0.25446 0.321346 0.0424571 0.0111948 0.0332927 0.0900933 0.139835 0.378874 0.124722 0.0985129 0.089727 0.362456 0.0513495 0.109178 0.116842 0.0167599 0 0.102167 0.00648185 0.0224775 0.0501359 0.0815803 0.08901 0.251052 0.0478683 0.10509 0.00395257 0.233919 0.20358 0.0124344 0.0447795 0.0184032 0.0639396 0.0378252 0.058405 0.0956044 0.125754 0.0202285 0.0356199 0.0531116 0.00422833 0.0175274 0.0168015 0.0127136 0.0298352 0.144194 0.0104955 0.0186918 0.0583583 0 0.0183594 0.305996 0.558789 0.693222 0.129028 0.2885 0.174459 0.202511 0.136462 0.179978 0.0135713 0.108293 0.0158035 0.0314528 0 0.0117903 0.0128854 0.0134961 0.0631987 0.0221305 0.168858 0.00645155 0.0196325 0.124786 0.023558 0.0194379 0.0503559 0 0.0547463 0.263922 0.0576371 0.209995 0.270192 0.0687306 0.00955815 0 0 0.00331126 0.0878589 0.00826799 0.560371 0.242121 0.0524665 0.110097 0.150864 0.180684 0.34737 0.089293 0.0454442 0.030127 0.0258236 0.00955815 0.0985216 0.136608 0.064458 0.681184 0.265889 0.0589899 0.0139516 0.130227 0.10003 0.0022831 0 0 0.00552458 0.275029 0.385673 0.0611983 0.152788 0.224225 0.315639 0.299702 0.113452 0.0308491 0.0125523 0.0491333 0.0505093 0.138727 0.116037 0.0355987 0.0747141 0.053585 0.00647249 0.00791472 0.13019 0.00735421 0.00542837 0.00618471 0.0677353 0.182596 0.322765 0.0382011 0.018636 0.11779 0.0295171 0.0328821 0.0397976 0.0783382 0.0221578 0.0722671 0.0322838 0.270917 0.88973 0.560072 0.332641 1.16816 0.169172 0.0643347 0.0414368 0.227653 0.0835496 0.0278196 0.019917 0.490013 0.808621 1.11062 0.030311 0.0111249 0.0228823 0 0.058823 0.0153255 0.0297066 0.112143 0.0401716 
0.0855273 0.0087443 0.0250098 0.0648785 0.00371747 0.045225 0.113831 0.0484082 0.00429185 0.00678733 0.073182 0.0135885 0.00338983 0.00226244 0.0218902 0.0113122 0.00898414 0.0146444 0.00767004 0.00226244 0.0399616 0.11477 0.0361195 0.0276357 0.112826 0.0203146 0.0171764 0.0120827 0.283644 0.025501 0.150422 0.0959203 0.00915332 0.012184 0.0342512 0.00355872 0.271586 0.0172845 0.0648228 0.111055 0.0199831 0.0626286 0.470053 0.293811 0.00406504 0.0208576 0.0099041 0.00223214 0.0239736 0.104299 0.0402988 0.0103817 0.0289362 0.237692 0.203508 0.145931 0.0562371 0.142936 0.134431 0.137632 0.0361202 0.0547387 0.0359898 0.00815425 0.0131357 0.0215665 0.0849606 0.0971267 0.0996671 0.196978 0.0191287 0.0126426 0.0241368 0.0341765 0.0123073 0.0537478 0.0243832 0.0158303 0.123194 0.0242263 0.0238083 0.0315886 0.0313346 0.00759908 0.150676 0.135101 0.00226244 0.126915 0.151974 0.0512845 0.0248203 0.0614553 0.042079 0.0318371 0.0194383 0.00223214 0.00617447 0.00457666 0.0205588 0.00999659 0.0106609 0.0292665 0.0499844 0.0447293 0.0183565 0.337635 0.0138835 0.136021 0.0894168 0.05658 0.00422833 0 0.0312013 0 0.0114364 0.00702321 0.0136188 0.0200598 0.00916381 0.0117647 0.14147 0.0961638 0.0262658 0.0585137 0.0330005 0.0799444 0.0444285 0.0479666 0.0237211 0.0331793 0.030622 0.0178127 0.0840365 0.00392157 0.0202833 0.074739 0.0311197 0.0190216 0.0261197 0 0.002457 0 0.0183486 0.00228833 0.0852468 0.0497363 0.379184 0.0398957 0.062409 0.0255033 0.150966 0.0821644 0.721976 0.615305 0.179151 0.0823198 0.111222 0.0644057 3.15633 0.191933 0.113066 0.493083 0.540283 0.842929 1.74546 0.567326 0.864593 1.40583 0.048709 0.0267237 0.0202867 0.0198187 0 0.0488952 0.0316283 0.0452406 0.0172101 0.185487 0.105939 0.0482066 0.29415 0.0570257 0.0609696 0.0906464 0.748226 0.169369 0.348745 0.296516 0.588845 0.0832036 0.174788 0.112395 0.196438 0.119387 0.0530488 0.0366667 0.145196 0.0853186 0.116654 0.324887 0.113623 0.0965672 0.144634 0.490356 0.0196386 0.0041841 0.170688 0.0356805 0.0796706 0.172069 0.123305 0.193522 0.165973 0.0252089 0.25381 0.212087 0.397868 0.333549 0.410058 0.137211 0.138014 0.0459913 0.0358386 0.00215983 0.0890072 0.0704179 0.387781 0.773434 0.0555738 0.0234072 0.0156284 0.00458716 0.345425 0.0822948 0.0594801 0.0805279 0.511544 0.287621 0.15214 0.241973 0.0190344 0.0570754 0.021976 0.0401973 0.085675 0.0480873 0.0532218 0.029619 0.052477 0.00799555 0.0261193 0.00355872 0.173952 0.120806 0.0618934 0.0685319 0.0604256 0.282995 0.0552737 0.0174425 0.0192496 0.0362971 0.107463 0.0166047 0.0137313 0.415623 0.919966 0.0740668 0.0136707 0.0646467 0.0236543 0.0228567 0.195162 0.0418541 0.886235 0.0441709 0.0655021 0.00536694 0.0130583 0.0232564 0.0633882 0.0142259 0.0445621 0.00446429 0.0167659 0.0255504 0.030674 0.00625658 0.661221 0.152355 0.150505 0.219235 0.0122452 0.241231 0.102061 0.0202027 0.0225649 0.011374 0.0134372 0.0933132 0.0315052 0 0.206923 0.201428 0.0867805 0.130177 0.113345 0.234773 0.0133311 0 0.004914 0.0150298 0.0160088 0.0233342 0.0221934 0.294494 0.0165366 0.00767004 0.0779302 0.0162783 0.064929 0.136802 0.0341762 0.180573 0.0245412 0.0322543 0.113837 0.131476 0.0331024 0.012822 0.0539425 0.0171622 0.00880995 0.0184543 0.065844 0.00456621 0.646395 0.206841 0.129966 0.151299 0.0141443 0.0355757 0.0262724 0.0176525 0.00542542 0.101488 0.0317518 0.43233 0.180294 0.0343521 0.428537 0.027642 0.0187577 0.214621 0.0665676 0.110742 0.0141391 0.00474533 0.0540292 0.0140125 0.0371996 0.0159082 0.0747754 0.00416667 0.125751 0.0153365 0.0205951 0 0.00724827 0.0345395 0.0417558 0.0106436 0.40324 0.112149 0.245907 0.279771 0.0317074 0.0155666 0.103011 0.101 0.0123184 0.0356204 0.00226244 0.0271375 0.0237874 0.00953863 0 0.0395149 0.00617447 0.0197941 0.00569325 0.0539741 0.00449459 0.0252153 0 0.00768391 0.00692129 0.00421941 0.00617447 0.0241653 0.146587 0.0642732 0.0131559 0.00672673 0.0080491 0.012333 0.0187906 0.00331126 0.0197037 0 0 0.00546839 0.0844211 0.110755 0.0485246 0.0607369 0.0159378 0.0332018 0.00702321 0.0104746 0.204052 0.0611467 0.116145 0.225013 0.0473928 0.00775485 0.0155751 0.0198867 0.0317025 0 0.0416233 0.0102748 0.0241675 0.0692644 0.0103293 0.0022831 0.0473962 0.0108491 0.00909229 0 0.00560484 0.26496 0.0416047 0.0143286 0.010989 0 0.00771159 0.0139923 0.185498 0.178567 0.0551172 0.192272 0.00839741 0.0106446 0 0.0268254 0.0741291 0.0383659 0.0384794 0.117702 0.0716773 0.0191575 0.0976169 0.00678733 0.37476 0.130191 0.0181993 0.0850703 0.189729 0.0972172 0.0119012 0.374537 0.165336 0.0739219 0.154656 0.0393768 0.0705829 0.0947716 0.0554778 0.00894716 0.03304 0.100624 0.088616 0.133427 0.056429 0.0392279 0.0699436 0.103136 0.00847746 0.135988 0.0293874 0.0774936 0.0575961 0.129682 0.156006 0.144894 0.0193577 0.0257534 0.0913767 0.0570342 0.0277912 0.0304823 0.0310794 0.0918515 0.0318921 0.153841 0.0978809 0.0224417 0.0271926 0.0182884 0.0246637 0.0661461 
0.0196686 0.058602 0.0835954 0.026218 0.0870932 0.143604 0.0849847 0.0529364 0.182563 0 0.040867 0.0274392 0.0215639 0.0110326 0.0352619 0.0461403 0.156983 0.217225 0.0423885 0.161948 0.0557551 0.0545482 0.122745 0.10538 0.213357 0.140931 0.0746241 0.0460357 0.0118266 0.00589515 0.0250811 0.021327 0.0109747 0.0222924 0.00789474 0.0184434 0.100609 0.0387272 0.0243941 0 0.107699 0.00218818 0.283091 0.24013 0.0343886 0.0180292 0.0566794 0.0275896 0.0186276 0.390218 0.164027 0.0277153 0.129851 0.107927 0.0385253 0.0587898 0.0178388 0.0302344 0.00422833 0.025929 0.096362 0.0539101 0.0452378 0.00226244 0.0184455 0.032239 0.0729362 0.0380229 0.0498865 0.0285432 0.438723 0.174892 0.076782 0.0906047 0.109682 0.0258072 0.0103874 0.00551935 0.183915 0.0492476 0.144093 0.152773 0.0908213 0.0227796 0.0556271 0.0284298 0.0448307 0.00549869 0.102087 0.016611 0.223632 0.0412936 0.0645916 0.0184508 0.180269 0.0275617 0.117309 0.0560313 0.156515 0.0515806 0.0723596 0.0844383 0.0350736 0.025636 0.723759 0.0180295 0.180135 0.0884483 0.0246089 0.0175994 0.00469484 0 0.0182858 0.0229741 0.0625359 0.0225221 0.00404858 0.01608 0.00355872 0.0255768 0.140225 0.194025 0.0726025 0.170747 0.332779 0.153008 0.072597 0.708052 0.529656 1.00251 0.635459 0.207491 0.29785 0.89128 0.955218 0.386234 0.0732952 0.0251663 0.485343 0.256382 0.0382374 0.062261 0.0987674 0.0567739 0.368529 0.214995 0.0722819 0.314408 0.0696919 0.0397854 0.0537247 0.0537352 0.0409326 0.038735 0.0529292 0.219019 0.0408025 0.271531 0.12098 0.303188 0.0491569 0.00576826 0.0657417 0.0728056 0.138191 0.0575942 0.0634443 0.0883012 0.0297105 0.00853446 0.164486 0.0237791 0.0470881 0.0122018 0.0199553 0.0328513 0.473325 0.114052 1.63941 0.77895 0.0753788 0.236492 0.112499 0.634933 0.346589 0.144942 0.322812 0.422628 0.150043 0.153725 0.0543393 0.122438 0.287102 0.0348778 0.0275828 0.0482351 0.0225336 0.0787586 0.0516636 0.0116227 0.00668037 0 0.0708047 0.0276034 0.0156366 0.00404858 0.0508259 0.00763352 0.0429183 0.0106906 0.003663 0.0247274 0.0472653 0.0239229 0.0544062 0.0571437 0.194718 0.0536282 0.0468929 0.0947749 0.0958819 0.0213195 0.0191335 0.0179487 0.0161755 0.0622634 0.0428966 0.0381604 0.0218577 0.0128501 0.0395103 0.00456621 0.109796 0.0939496 0.116062 0.0204221 0.00798559 0.0191911 0.0057469 0 0.301512 0.119479 1.02668 0.03186 0.0861934 0.208986 0.0735734 0.0407973 1.80119 0.233524 0.671493 1.0035 0.189119 0.0873327 0.208735 0.187922 0.00775149 0.0679507 0.0113857 0.0342757 0.0467911 0.0675644 0.0440473 0.0229962 0.0077817 0.0302608 0.0144541 0.0156869 0.137138 0.0041841 0.00964093 0.0483017 0.00683378 0.00371747 0.0315515 0.0278304 0.012945 0.00911569 0.00757393 0 0.0647558 0.094884 0.0144042 0.0151591 0.00569325 0.0852109 0.0582683 0.0593997 0.0241738 0.0262914 0.0235092 0.00780246 0.00677534 0 0.0241567 0.0201985 0.0174787 0 0.0350286 0 0.00396825 0 0 0.0102813 0.00877134 0 0 0 0 0.0118825 0.0121648 0 0.0125876 0.0111065 0.0116957 0.0172586 0.0047619 0.00380228 0.0491267 0.0465222 0.00452489 0.0745112 0.00879391 0.00404858 0.00226244 0.00793108 0.0162874 0.0192447 0.0577344 0.0265039 0 0.0289151 0.00916381 0.00226244 0.0124387 0 0.0127672 0.0547391 0 0.00404858 0.00226244 0 0.0184103 0.00793651 0.0209299 0.00824236 0.00371747 0 0 0.0114032 0.00211416 0.0148147 0.0184591 0.0256345 0 0.00697794 0.0041841 0.00406504 0 0.00646721 0.00331126 0 0 0.00877126 0.0105706 0.00815025 0 0.00323625 0.0194252 0.0345821 0.0467572 0.088269 0.323181 0.1302 0.306536 0.263436 0.0459804 0.199828 0.0554593 0.102243 0.0205592 0.00619945 0.327033 0.0125207 0.13179 0.0842064 0.0265727 0.0150397 0.0348687 0.0429495 0.00406504 0.0225428 0.00735984 0.00769231 0.0280467 0.0214213 0 0.0130643 0.0296889 0.0384776 0.106688 0.029185 0.183423 0.0521681 0.174491 0.0427035 0.0611074 0.0979342 0.0585161 0.130141 0.117404 0.178342 0.182977 0.21098 0.0350974 0.0422633 0.110896 0.198208 0.0681032 0.311829 0.157076 0.126804 0.0932631 0.0493081 0.0403898 0.0114107 0.015094 0.0542676 0.00393701 0.011537 0 0.0382873 0.165487 0.468964 0.00421941 0.0976631 0.0480008 0.0122803 0.0486913 0.0101365 0.0617396 0.0374071 0.00858993 0.00837104 0.0160711 0.0229063 0.0291602 0.0701974 0.102247 0.073406 0.088789 0.0442938 0.0142253 0 0.0117656 0.0222713 0.843068 0.227319 0.133084 0.108491 0.736785 0.158473 0.24306 0.0407452 0.0300821 0.0233966 0.0626721 0.0220929 0.0339811 0.0129651 0.050083 0.129152 0.357538 1.01162 0.0882556 0.40649 0.0675115 0.666321 0.654229 0.113335 0.0406737 0.046532 0.0548906 0.0351751 0.042234 0.0268605 0.0336 0.00420168 0.139147 0.0283353 0.139273 0.0498868 0.0480842 0.630084 0.0945542 0.0213591 0.0402423 0.0160357 0.0138787 0.0463891 0.204378 0.0745661 0.53032 0.415213 0.0237269 0.0934154 0.0693765 0.0031348 0.236355 0.0872705 0.179758 0.106262 
0.578192 1.15372 0.281651 0.247072 0.115505 0.183696 0.333658 0.870983 0.0205482 0.0396791 0.0741279 0.0151622 0.11486 0.383146 0.121785 0.0883207 0.00454545 0.0142335 0.0107187 0.049674 0.104332 0.0228092 0.0164813 0.0609199 0.0297303 0.0333712 0.0236275 0.0580264 0.0508415 0.191799 0.2529 0.0874403 0.0387765 0.0361758 0.155038 0.0337978 0.0298768 0 0.0219438 0.00458191 0.0394987 0.020493 0.106848 0.194269 0.0796267 0.00455077 0.187965 0.0906893 0.0677465 0.0241028 0.018128 0.0252523 0.119166 0.0114192 0.0564675 0.0358624 0.288606 0.172871 0.139423 0.055941 0.0395956 0.0463369 0.147537 0.125422 0.0400466 0.108365 0.0528699 0.0320957 0.0837887 0.213032 0.142275 0.0716069 0.0358647 0.00790514 0.0322259 0.035331 0.0564249 0.102871 0.0195285 0.0230345 0.00421941 0.0178342 0.00776605 0.103093 0.38028 0.120026 0 0.0973253 0.0472186 0.0351046 0.0663602 0.0208195 0.0934228 0.0623605 0.238 0.0827944 0.0400628 0.0166212 0.00648185 0.0158103 0.00788958 0.0340598 0.014713 0.0160351 0.0128055 0.0189847 0.0424481 0.0791772 0.184392 0.021792 0.11834 0.0582624 0.0197577 0.0907637 0.0775054 0.00769231 0.0264269 0.0573776 0.023681 0.0503779 0.138923 0.00439727 0.0619395 0.0261182 0.0290627 0.0916061 0.0474363 0.0387942 0.0295597 0.0372167 0.00396825 0.0264315 0.0432291 0.00801761 0.00869268 0.0235758 0.248071 0.0785632 0.506002 0.057525 0.00384615 0.018352 0.0114171 0.00581787 0.565611 0.0956822 0.599492 0.43149 0.114688 0.145944 0.0299809 0.145055 0.257135 0.615716 0.0963033 0.312485 0.106557 0.0642611 0.0479905 0.0683953 0.140465 0.0120654 0.0777328 0.0522605 0.0875557 0.302678 0.0897947 0.24434 0.130261 0.0955166 0.0832724 0.125519 1.74389 0.561963 0.139209 0.0658889 0.0130694 0.101606 0.0105751 0.0558524 0.669534 0.0900125 0.0251285 0.107369 0.324864 0.297912 0.271285 0.0176368 0.180868 0.22592 0.134929 0.713197 0.718232 0.220491 0.0624907 0.013658 0.124039 0.123522 0.187124 0.168716 0.248185 0.57783 0.0719507 0.0290273 0.0620099 0.673727 0.111432 0.0283985 0.142329 0.1006 0.0655218 0.0604147 0.0571807 0.0453865 0.0541291 0.0813871 0.060955 0.0714929 0.0277046 0.0198082 0.0427117 0.173313 0.0373684 0.10538 0.0647286 0.0363242 0.0813637 0.00458716 0.103244 0.0825559 0.0423669 0.0411526 0.0363333 0.0769056 0.0364746 0.116768 0.0298389 0.0698137 0.00421941 0.0366925 0.00456621 0.00993378 0.0426778 0.152329 0.00646721 0 0.022831 0.0309164 0.0832772 0.00958439 0 0.0087556 0.0344736 0.0698985 0.00398406 0.0499348 0 0 0.00456621 0.0342727 0.0144289 0.0320884 0.0118143 0.00323625 0.162465 0.011837 0.131317 0.0197192 0.00398406 0 0.0172404 0.00404858 0.0264304 0.005 0.003663 0.0390044 0.0157726 0.00398406 0.0192837 0.0109413 0.0140771 0.00211416 0.0285091 0.00429185 0.00642911 0.0234808 0 0.0083682 0 0.0150541 0.0529276 0.00821239 0.0315919 0.0285993 0.14491 0.00776874 0.0157815 0.003663 0.0263913 0.0119048 0.0607144 0.00429185 0.0980134 0.0482341 0 0.0180456 0.0393325 0.0165272 0.0297651 0.0347733 0.0774315 0.0588647 0.069578 0.0483146 0.0339764 0.0523689 0.0960387 0.0119475 0.0176051 0.0373662 0.0619134 0.0337749 0.114057 0.0518282 0 0.00796813 0.139867 0.0575396 0.012399 0.111686 0 0.0104546 0.0333592 0.0169637 0.0299981 0.0303426 0.012143 0.0505823 0.00801761 0.0975361 0.0457759 0.0139183 0.0870387 0.0239145 0.0120857 0.0163074 0.181009 0.145009 0.0841826 0.0606164 0.118461 0.138229 0.0797542 0.112198 0.00849353 0.0165722 0.0153608 0.0110387 0.0947591 0.0352607 0.0530064 0.102177 0.12941 0.0385718 0.027928 0.0498291 0.0191531 0.0760129 0.00228833 0.004914 0.002457 0.00551935 0.0100103 0.00979054 0.00211416 0.015728 0.00442227 0.0459298 0.0022831 0.105755 0.0729738 0.0137573 0.00456621 0.0376332 1.39072 0.497735 0.410815 0.70037 0.312811 0.209891 1.91093 0.320972 0.049416 0.0924757 0.333995 0.400484 0.0921324 0.152708 0.908295 0.148617 0.598818 0.0174573 0.185009 0.0184654 0.0359011 0.0949844 0.133405 0.118894 0.125834 0.22863 0.049872 0.0336501 0.00912259 0.0261566 0.0538137 0.0272879 0.0985534 0.23329 0.331291 0.0950996 0.0705249 0.177816 0.218365 0.008395 0.0493817 0.120176 0.115625 0.150578 0 0.00633357 0.00421941 0.00650774 0.00931528 0.0147107 0.0229148 0.0314823 0.0957373 0.0452545 0.00416667 0.042088 0.0431191 0.0483866 0.134577 0.203692 0.0193841 0.0128006 0.0248966 0.149841 0.0218871 0.0302382 0.238963 0.10457 0.173029 0.0586705 0.0711965 0.0358773 0.529437 0.0645916 0.221593 0.0535511 0.0592451 0.0112213 0.111239 0.601124 0.066619 0.143192 0.34357 0.208298 0.0564693 0.105266 0.018481 0.0378249 0.0667886 0.0948802 0.0477486 0.0125307 0.0149484 0.034975 0.0789324 0.0828685 0.329138 0.146147 0.049485 0.0749911 0.0391454 0.0132229 0.0667251 0.0535027 0.297323 0.249033 0.14137 0.0275012 0.00751024 0 0.02063 0.0321809 0.0187395 0.0619847 0.0200403 0.12458 0.0256757 0.0286701 0.0750987 0.0330749 0.0324748 0.0754956 0.0297454 0.0265061 0.0168096 0.00223214 0 0 
0.331617 0.414692 0.0529883 0.176105 0.0704633 0.0599216 0.0065821 0.758597 0.0683401 0.0312834 0 0.369153 0.090824 0.0781623 0.350709 0.099905 0.128081 0.0430164 0.101785 0.00812403 0.130578 0.175148 0.108006 0.512468 0.190871 0.137869 0.243642 0.507987 0.0937094 0.128467 1.17128 0.688395 0.117767 0.0440416 0.0105297 0.0141592 0.0552628 0.539081 0.233862 0.373589 0.019355 0.0438973 0 0.101453 0.0174143 0 0.00858137 0.0186345 0.348403 0.255823 0.568787 0.325367 0.00885805 0.0391182 0.182909 0.0277904 0 0.0041841 0.00805171 0.63445 0.134638 0.195964 0.0272362 0.241733 0.0232445 0.108452 0.0536879 0.0933635 0.174136 0.138013 0.635454 0.0419808 0.00452489 1.34134 0.0579476 0.0754091 0.250481 0.20005 0.108745 0.0881979 0.0249403 0.13863 0.0428688 0.0232902 0.24643 0.190194 0.007457 0.124454 0.0680617 0.00678733 0.0208977 0.00338983 0.0549735 0.0516169 0.0781228 0.111472 0.0605361 0.032016 0.0297554 0.101717 0.0876077 0.169329 0.0670334 0.0839959 0.0472055 0 0.197422 0.0305885 0.138821 0.0432717 0.00830819 0.0428128 0.00404858 0.00456621 0 0 0.0133718 0.0668901 0.02307 0.00813008 0.00809717 0.0167893 0 0.00746269 0.0105871 0.00795075 0 0.0144576 0.379413 0.345648 0.0317226 0.110899 1.0012 0.28664 0.293063 0.35542 0.0901354 0.755561 0.143944 0.0667188 0.154697 0.362152 0.0308762 0.0656336 0.11652 0.15809 0.0220485 0.0047619 0.118033 0.0726282 0.0110635 0.0256982 0.0310189 0.0707402 0.104153 0.102912 0.0330471 0.201691 0.04023 0.0371284 0.151858 1.03655 0.0200888 0.0782039 0.0446369 0.0168389 0.874052 0.872301 0.388252 0.0616244 0.210089 0.900279 0.747585 0.0381256 0.082867 0.182609 0.0894857 0.0869506 0.160462 0.0969268 0.715543 0.701341 0.194776 0.242266 0.0558963 0.316653 0.0519208 0.247504 0.0112819 0.0694745 0.0889354 0.0197617 0.00717645 0 0.122423 0.0138056 0.0203081 0.120126 0.00772615 0.002457 0.0404496 0.0271512 0.00377358 0.00457666 0.00421941 0.0123153 0.00632748 0 0.00395257 0.00811362 0.0201653 0.0127172 0.00406504 0 0.00404858 0.00429185 0.0256658 0.0159227 0.002457 0 0.022855 0.0381929 0.0121787 0.0368895 0.0389719 0.0211298 0.0409122 0.0407874 0.181236 0.209517 0.104936 0.0326961 0.0630803 0.0441542 0.108086 0.00702321 0.0197055 0.0875333 0.0513034 0.025427 0.117619 0.0380705 0.220635 0.170524 0.0745507 0.0159541 0.0146518 0.310999 0.0362631 0.089137 0.0244252 0.0535308 0.0418396 0.0673779 0.204437 0.112899 0.174956 0.148602 0.00223214 0.00737101 0.0237038 0.0785227 0.0104235 0 0.32321 0.0440683 0.728377 0.116049 0.0598506 0.213035 0.0126582 0.0154207 0.0448493 0.125161 0.067313 0.0574043 0.101218 0.0208128 0 0.0394574 0.0305147 0.0883088 0.00549869 0 0.197004 0.105967 0.272514 0.140462 0.205994 0.035667 0.0419166 0.080559 0.0160756 0.0598423 0.0205306 0.0712899 0.0462784 0.0962579 0.491095 0.034024 0.004914 0.156223 0.205262 0.0782143 0.0481847 0.0415804 0.0828551 0.0253942 0.112314 0.258206 0.365194 0.237196 0.047479 0.0931724 0.231075 0.00793651 0.0623044 0.0725071 0.0996359 0.088507 0.136298 0.0616984 0.0491618 0.075189 0.0062307 0.0120215 0.0216235 0.04304 0.120131 0.00737101 0.0358167 0.0771193 0.00323625 0.00862615 0.0133045 0.145214 0.0134284 0.0144025 0.00963345 0.070713 0.0342453 0.0644739 0.00999328 0.0086574 0.020623 0.00631103 0.00783615 0.0277204 0.0110023 0.00783615 0.00647249 0.00306748 0.0216412 0.0895254 0.19183 0.0494547 0.00338983 0.00228833 0.00229358 0 0.00631103 0.0195914 0.0524021 0.0441362 0.0718064 0.0946479 0.0730946 0.0130281 0.0223451 0.0180451 0.0186609 0.00471945 0 0.00471945 0 0.00393701 0 0.002457 0.00795232 0.0276924 0.0294775 0.00843882 0.00452489 0.0245567 0.0193469 0.172922 0.00877126 0.0117203 0.0253009 0.0409865 0.0917653 0.0317679 0.0495674 0.0287894 0.0254837 0.0135624 0.00785412 0.00331126 0.0717392 0.0156999 0.0269641 0.00420168 0.0247822 0.0380595 0.0225896 0.0114364 0.0587292 0.0482157 0.016707 0.0461413 0.0362685 0.0344557 0.0484155 0.224615 0.799131 0.106565 0.0389977 0 0.0041841 0 0.0151908 0.0041841 0.0031348 0.0236891 0.0512449 0.0335474 0.00535041 0.0188986 0.0748253 0.0107866 0.0202384 0.0705687 0.0362332 0.026361 0.0139746 0.00621501 0.0083682 0.0083682 0 0.00331126 0.0403097 0.0138986 0.00406504 0.00457666 0.0389623 0.0378853 0 0 0.0826278 0.0155528 0.0193002 0.0764842 0.00338983 0.139393 0.00226244 0.00756363 0.479682 0.213806 0.126257 0.0251382 0.0121101 0.019841 0 0.0207479 0.136569 0.0895175 0.0973451 0.00898163 0.0797852 0.00823171 0.0193812 0.0308816 0.173948 0.053445 0.209334 0.198505 0.211523 0.0369428 0.245108 0.473305 0.160027 0.12466 0.193246 0.22711 0.0511879 0.146524 0 0.073868 0.00662367 0 0.0258077 0.00737389 0.360729 0.0960577 0.0249236 0.0404159 0.0182906 0.055238 0.0766351 0.0676022 0 0.0141159 0.0530312 0.0113047 0.0585086 0.0680268 0.0149933 0.0559524 0.00837104 0.121899 0.127654 0.19496 
0.133922 0.19264 0.402802 0.0603732 0.40962 0.34516 0.456786 0.261555 0.0101302 0.0122479 0.0601128 0.0160888 0.0931831 0.0719245 0.157297 0.0583718 0.00853446 0.0211979 0.01175 0.0208957 0.0276298 0.0159358 0 0.0194443 0.00223214 0 0 0.00384615 0 0 0 0.00677966 0.0617509 0.146971 0.018548 0.0455682 0.213482 0.279955 0.0897654 0.06377 0.0253044 0.0216523 0.0568281 0.0706978 0.0187489 0.0819272 0.0204344 0.0353646 0.0279504 0.0148235 0.00851371 0.00870899 0.223792 0.170903 0.200568 0.138798 0.0539062 0.00878884 0.0189019 0.0102843 0.330229 0.0358717 0.103809 0.113633 1.33549 0.393711 0.169916 0.301654 0.191598 0.513101 0.130204 0.122411 0.162171 0.127089 0.505381 0.983739 0.782693 0.513803 0.745764 0.910053 0.210633 0.39004 0.0887801 0.164152 0.322405 0.361559 0.294451 0.270909 2.51855 0.158041 0.425809 0.0371127 0.845313 0.0754424 0.151568 0.153472 0.0965972 0.0139268 0.00323625 0.0589945 0.0945567 0.00686998 0.16664 0.0699551 0.132931 0.183708 0.207474 0.331718 0.13298 0.11606 0.00665868 0.0820438 0.00650251 0.0240106 0.00879058 0.00420168 0.0378425 0.131386 0.00857805 0.0273973 0.0843902 0.403038 0.107952 0.0926705 0 0.141048 0.311119 0.0923964 0.262553 0.0513042 0.0204339 0.00226244 0.0546139 0.035121 0.0509612 0.0544556 0.00807397 0.0103103 0.0174627 0.0108435 0.0242206 0.11701 0.0121845 0.0227223 0.086197 0.0133151 0.0810206 0.0341675 0.129937 0.134073 0 0 0.0066411 0.0071073 0.00631585 0.0031348 0.0219022 0.0231968 0.0110469 0.00893885 0.321761 0.16174 0.0739283 0.180933 0.194369 0.501413 0.293856 0.0155552 0.0251374 0.0501339 0.0147692 0.0914253 0.231637 0.204515 0.0360465 0.0424069 0.180822 0.0911897 0.728543 0.0466013 0.197394 0.0364966 0.0292475 0.050654 0.0982896 0.0219681 0.0336689 0.0246099 0.0678945 0.570395 0.0583588 0.0620113 0.0976937 0.0742108 0.0948009 0.0589223 0.103847 0.0862081 0.0766726 0.0119919 0.0273982 0.0124008 0.0308782 0.0316515 0.0085138 0.0457413 0.0227405 0.015216 0.0166836 0.00814587 0.109912 0.0230892 0.499327 0.156547 0.0531104 0.192686 0.0692993 0.0156534 0.135802 0.0576552 0.0274976 0.0981747 0.239566 0.137816 0.0225714 0 0.00440249 0.044998 0.0538055 0.0237969 0.0268112 0.0525226 0.0168561 0.0392533 0.0428879 0.190316 0.0228112 0.0246596 0.207584 0.0702071 0.0184615 0.0303255 0.0328783 0.0138694 0.0103911 0.0862167 0.01266 0.0330635 0.0853102 0.0394645 0.419189 0.164729 0.153831 0.281484 0.0156338 0.0210126 0.0349622 0.0869332 0.0445076 0.0487354 0.05816 0.204694 0.0797973 0.0547977 0.0527619 0.18019 0.0997004 0.0259813 0.104124 0.020605 0.0457538 0.112185 0.01373 0.179014 0.0336491 0.0295574 0.0117933 0.0139843 0.0759315 0.0268253 0.110337 0.0836268 0.033106 0.150504 0.0667226 0.041309 0.0106541 0.00761294 0.084878 0.0167759 0.0893062 0.0920697 0.0286806 0.0942861 0.0992611 0.202461 0.0433263 0.098094 0.358593 0.230271 0.189905 0.538815 0.073148 0.680602 0.083035 0.153629 0.0805339 0.0618979 0.017279 0.00223214 0.0221154 0.319412 0.0508157 0.00228833 0.0264598 0.0193783 0.0422208 0.0874325 0.0243352 0.0299506 0.332034 0.141219 0.176917 0.0392683 0.316322 0.0742552 0.0899788 0.1175 0.278001 0.4813 0.0826401 0.0619214 0.0876197 0.822445 0.343019 0.492784 0.0453201 0.0161597 0 0.0140569 0.0224965 0.013491 0.0113237 0.01242 0.0364866 0.00685454 0.0316264 0.0358678 0.0371912 0.0303701 0.101174 0 0.00890355 0.0084032 0.00787255 0.0163821 0.0940839 0.0135431 0 0.00775229 0.0656059 0.0593951 0.0644036 0.0361472 0.0478714 0.0629267 0.028481 0.0155281 0.112753 0.542354 0.295072 0.13208 0.23062 0.327193 0.0357774 0.0999022 0.0318826 0.0635755 0.0414219 0.0169425 0.0280183 0.209895 0.032084 0.0340936 0.0231573 0.0417075 0.13902 0.111801 0.0117573 0.098115 0.00618471 0.0297169 0.0944426 0.0348052 0.0377153 0.00718338 0.0311815 0.0280452 0.00323625 0.00789474 0.0789437 0.461334 0.0642467 0.0246663 0.126045 0.129781 0.0578173 0.0454891 0.05718 0.0430312 0.0733296 0.0844698 0.210576 0.085291 0.00331126 0.010607 0.084155 0.013451 0.0234888 0.036076 0.00855027 0.0228838 0.021601 0.0200615 0.0133717 0.00647249 0.0327892 0.0157182 0.00907034 0.0852291 0.0119712 0.035335 0.00583164 0.11319 0.0281108 0.0542759 0.059402 0.0633434 0.119896 0.157554 0.0517995 0.0952872 0.0146416 0.0673779 0.194966 0.142091 0.0293656 0.0170875 0.00978375 0.0766564 0.00609823 0.0169596 0.0489185 0.0127921 0.0848941 0.070702 0.0321638 0.0073763 0.0438692 0.016591 0.0310759 0.053445 0.0725182 0.299446 0.0255604 0.0206805 0.0192785 0.00226244 0 0 0.00864628 0.00621501 0.00223214 0.00904977 0.00439727 0 0.0154644 0.00795604 0.014431 0.00421941 0.0102391 0.017789 0.0921143 0.00644654 0.0416497 0.0700293 0.0429156 0.00458716 0 0.00678733 0 0 0.0150661 0.00452489 0.00652204 0.00576826 0.0443074 0.0972717 0.0114416 0.0104237 0.00211416 0.0106016 0.0643765 0.0485354 0.0221848 0.0376007 0.034589 0.0107859 0.00226244 0.0164864 0.00456129 0.00449459 
0.196634 0.146383 0.0324846 0.220839 0.0932605 0.19871 0.206459 0.311473 0.232711 0.0552255 0.182308 0.0317409 0.0386336 0.885535 0.172075 0.0952824 0.0623437 0.0636595 0.0870208 0.0273365 0.243549 0.036749 0.0967705 0.287872 0.124233 0.0936096 0.0614816 0.0296488 0.1692 0.068755 0.0209309 0.0517865 0.035631 0.244559 0.082059 0.105863 0.315715 0.0304112 0.035762 0.161763 0.0458905 0.0528815 0.0374345 0.433411 0.10527 0.359731 0.138652 0.246872 0.160143 1.37141 0.313287 0.21179 0.189049 0.230087 0.393393 0.261991 0.554732 0.436897 0.272894 0.0127989 0.0160002 0.0369256 0.190314 0.110284 0.219774 0.199486 0.0248015 0.0630313 0.0741433 0.0486358 0.0178191 0.066627 0.0068385 0.0848996 0 0.0207373 0.149033 0.227446 0.0344764 0.140023 0.0213853 0.0304377 0.00791119 0.0330335 0.0134853 0.0585 0.0339684 0.0186795 0.127661 0.043501 0 0.0902748 0.0337301 0.028309 0.0333835 0.0323415 0.00420168 0.0459504 0.0181791 0.191444 0.130412 0.144647 0 0 0.0529209 0.0420675 0.0699659 0.0116225 0.0197078 0.00228833 0.0353759 0.0174435 0.00694855 0.049064 0.00672673 0.0169823 0.0138928 0.00662608 0.126219 0.0022831 0.00809717 0.0022831 0.0252438 0.00338983 0.151826 0.0117409 0.0416433 0.00565227 0.430356 0.186194 0.0190987 0.0654787 0.265446 0.0930283 0.0803619 0.160529 0.0210617 0.0764123 0.0556034 0.259393 0.0606448 0.0247211 0.044779 0.00780246 0.00815025 0.002457 0 0.00226244 0.00582116 0.0349756 0.0777005 0.0241276 0.10362 0.0509783 0.192732 0.150385 0.0309693 0.0174769 0.0956206 0.002457 0.272696 0.0329727 0.375323 0.290485 0.094072 0.324922 0.0463035 0.0892628 0.0397005 0.0150594 0.0928497 0.00778179 0.107785 0.0176197 0.00384615 0.0245628 0.0104687 0.0400211 0.0220234 0.0480627 0.022335 0.0685867 0.0311148 0.020412 0.0321656 0.45399 0.00979226 0.246795 0.0886536 0.127588 0.0108359 0.107417 0.0678925 0.0746157 0.122729 0.171025 0.473207 0.0663115 0.0980789 0.0701823 0.0120045 0.0864211 0.0411733 0.0617325 0.244081 0.0899957 0.013887 0.0148381 0.0617002 0 0.08612 0.073515 0.071822 0.131469 0.0348365 0.0163681 0.155913 0.0309572 0.168458 0.0585273 0.111316 0.0941312 0.0371789 0.0796772 0.216027 0.0428978 0.0237952 0.0966257 0.00788982 0.00631103 0.122093 0.0055737 0.046362 0.100152 0.0340627 0.103116 0.00646412 0.0078878 0.0116365 0.00788241 0.109623 0.314418 0.167656 0.0757109 0.0110596 0.0342774 0.00647249 0.144314 0.0969906 0.119621 0.0704014 0.0995162 0.0994956 0.129854 0.0525306 0.250821 0.0305628 0.0938961 0.200276 0.106069 0.0319065 0.0377523 0.00621501 0.015585 0.00226244 0.0139427 0.168461 0.186449 0.0509461 0.0336599 0.088114 0.0245959 0.221957 0.124281 1.68446 0.552954 0.336046 0.0426906 0.573076 0.561834 0.141224 0.0210932 0.0282655 0.002457 0.147908 0.0699963 0.00924433 0.0381238 0.0207953 0.147091 0.0408777 0.0150843 0.0608689 0.039887 0.0252698 0.0269742 0.00816994 0.0144796 0.0516605 0.0309648 0.0146785 0.0445215 0.0761904 0.0789726 0.00395257 0.0229551 0.0221379 0.0154489 0.00861479 0.00398406 0.0125523 0.0320406 0.00406504 0.00858369 0.0126776 0.0292591 0.0920372 0.0158629 0.0022831 0.0114515 0.421482 0.117711 0.601084 0.0124172 0.267513 0.783551 0.204616 1.11281 0.0450065 0.297776 0.0547968 0.0281428 0.334565 0.317844 0.673811 0.0782985 0.15001 0.0306859 0.0300629 0.103367 0.17039 0.336753 0.0448109 0.124337 0.0703987 0.0031348 0.0434898 0.0188088 0.0666857 0.119026 0.0723834 0.0454952 0.0413374 0.482392 0.0115802 0.0582409 0.0844879 0.0493381 0.0297645 0.0248392 0.453128 0.323394 0.668917 0.00223214 0.462802 0.00999469 0.066254 0.523861 0.194789 0.0509221 0.0815697 0.521567 0.207307 0.337591 0.212033 0.0460666 0.0608117 0.0415176 0.0167245 0 0.136675 0.228061 0.456133 0.329752 0.00223214 0.00471945 0 0.0152093 0.0130966 0.0041841 0 0 0.00913242 0.00877965 0.00223214 0.00826799 0.08703 0.121883 0.0060783 0.0317723 0.0203414 0.0478032 0.0188282 0.00913242 0.0705687 0.22437 0.147096 0.0917468 0.0111111 0.0762779 0.003663 0.00948021 0.0116394 0.0130289 0.002457 0.00442033 0.0255064 0.0278195 0.168417 0.133624 0.12208 0.255326 0.152564 0 0.0519741 0.0481426 0.0410471 0.0107863 0.0212042 0.0484008 0.146556 0.0251666 0.0153083 0.0103596 0.045359 0.0103596 0.0151519 0.198984 0.246816 0.0872492 0.341639 0.180189 0.0332893 0 0.141275 0.0808989 0.00421941 0.0596652 0.0905196 0.0223758 0.0453666 0.012461 0.00885101 0.0120308 0.0391899 0.0336081 0.0239536 0.00789474 0.0157475 0.0208436 0.0702057 0.00631103 0 0.0373789 0.0205701 0.0105315 0.0126009 0.00464519 0.0359252 0.0411054 0.00226244 0 0.103121 0.116307 0.00778179 0.0176836 0.0421118 0.104399 0.00915269 0.00406504 0.367546 0.222363 0.195353 0.140146 0.0279611 0.0120004 0.00469484 0.0232329 0.14145 0.00863125 0.0209381 0.051995 0.00223214 0.0103134 0.0122495 0.124151 0.0525284 0.123633 0.0659179 0.15095 0.0401492 0.0102137 0.00323625 0.0289807 0.0408048 0.0346706 0.0133883 0 0.0122378 0.0285269 0.0707934 0.0820342 
0.236424 1.32345 0.281609 0.373663 0.142761 0.095114 0.130401 0.34413 0.392904 0.932212 0.0458203 0.0367274 0.0549775 1.19648 1.06735 0.576776 0.225853 0.27541 0.344803 0.0475687 0.100589 0.0800216 0.0984945 0.101952 0.227655 0.642715 0.242345 0.768733 0.0985303 0.114214 0.0459844 0.276683 0.101629 0.297645 0.0200536 0.0906852 0.0480956 0.179943 0.107596 0.139923 0.125214 0.0947149 0.0412259 0.164177 0.0669108 0.0471305 0.346093 0.30455 0.925595 0.436524 0.0307179 0.0292477 1.54486 0.885165 0.0566995 0.0668225 0.0126671 0.0776893 0.0118638 0.054303 0.111447 0.0921327 0.0993621 0.137736 0.0158974 0.00888852 0.0147385 0.0062004 0.00226244 0.0156756 0.0113122 0.0989206 0.0133344 0.0124511 0.00223214 0.00618471 0.124919 0.0107608 0.0242645 0.0203586 0.0160239 0.0118986 0.00338983 0.0119985 0.0206017 0.00458716 0.0271342 0 0.0147887 0.00596349 0.0110598 0.0196066 0.023449 0.0758113 0.0298972 0.0419348 0.049266 0.0578019 0.0634035 0.0981855 0.394131 0.251983 0.0536803 0.122718 0 0.021138 0.0132178 0.0765696 0.158773 0.039061 0.105062 0.0358228 0.0521159 0.0721286 0.271566 0.0715165 0.184787 0.148909 0.420948 0.178357 0.220461 0.0268438 0.0196994 0.0613858 0.0106306 0.0154692 0.0318074 0.0371549 0.00740741 0.0775629 0 0.0599972 0.189343 0.286902 0.0374976 0.0957206 0.136494 0.0264994 0.0724925 0.088297 0.0298136 0.306337 0.0954106 0.0804174 0.016957 0.00632748 0.0126228 0.0180426 0.0883971 0.148779 0.162714 0.039446 0.0179296 0.0158763 0.00226244 0.00924433 0.0336823 0.22768 0.0448004 0.208742 0.0186116 0.0105461 0.029416 0.0241037 0.0206141 0 0.0211654 0.0108958 0.00746269 0.00384615 0.00803025 0.00416667 0.002457 0 0.0139257 0.00451525 0.00457666 0.0114158 0 0 0.0107753 0.0204582 0.00373134 0 0.024564 0 0 0.0148928 0.0307042 0.0103399 0.0542141 0.0686112 0.0406593 0.1247 0.0603223 0.0190346 0.0307525 0.0149365 0.0146842 0.00840351 0.00211416 0.0186124 0.00384615 0.0153846 0.044529 0.0248865 0.0157579 0.0275262 0.0254385 0.00633691 0.0521251 0.00612001 0.0181232 0.0184371 0.0140838 0.00429185 0 0 0.0435727 0.0755885 0.00736671 0.0695508 0.107881 0.0473625 0.0118285 0 0.00633169 0.0333688 0 0.0264069 0.0101399 0 0.0259156 0.0158887 0.0246782 0.113739 0.00226244 0.00610975 0.00838608 0.00226244 0.0987628 0.183054 0.0206901 0.0549364 0.199006 0.484792 0.129371 0.299901 0.119649 0.0717568 0.00786468 0.0749581 0.180205 0.470105 0.186257 0.140648 0.0262314 0.0527713 0.0282203 0.136351 0.0692239 0.00644654 0.00829413 0.0215332 0.192372 0.0746818 0.13134 0.0957619 0.133642 0.3694 0.315459 0.179983 0 0.00851878 0.0536377 0.123827 0.029031 0.00815425 0.0153436 0.01644 0.075143 0.002457 0.140388 0.0688348 0.0236033 0.00760924 0.00551935 0.00420168 0.00851371 0.00406504 0.0261503 0.0306027 0.0243748 0.0196756 0.163099 0.0317539 0.120764 0.2389 0.170391 0.0296014 0.0210594 0.0378476 0.00226244 0.0185187 0.100551 0.026292 0.120316 0.00681322 0.0414171 0.178824 0.0100089 0.0121208 0.0368717 0.0404208 0.00648185 0.0177837 0.137891 0.0905746 0.213836 0.112647 0.0805878 0.0791118 0.127249 0.353978 0.153443 0.203992 0.0815728 0.0325009 0.10244 0.0801272 0.443308 0.156377 0.631647 1.06417 0.287552 0.156129 0.0194456 0.101071 0.0157725 0 0.0155077 0.0126313 0.032116 0.0192896 0.0229581 0.02205 0.00454555 0.0659688 0.00406504 0.0260426 0.0128141 0.0414683 0.208608 0.29095 0.137438 0.1148 0 0.0216196 0.00421941 0.0476418 0.020745 0.0236259 0.00577717 0.0225321 0.0419815 0 0.0194452 0.0277096 0.0374552 0.00451525 0.0123153 0.0205153 0.0425526 0.0106093 0.00625322 0.00798661 0.084131 0.0144576 0.0472206 0.0340689 0.0104955 0.00446429 0.117443 0.0778524 0 0.0031348 0.0305975 0.0198899 0.0184289 0.0259824 0.0289985 0.0862623 0.0114241 0 0.0409043 0.0108565 0.0111135 0.0494646 0.136999 0.036877 0.432447 0.495108 0.541573 0.181079 0.137196 0.657064 0.245418 0.660092 0.273184 0.14991 0.111312 0.112369 0.269898 0.206756 0.161859 0.115991 0.495527 0.30186 0.0579096 0.441794 0.0410561 0.131251 0.305 0.0103186 0.0400004 0.041251 0.0201817 0.288325 0.270773 0.299067 0.0758175 0.0348343 0.0716335 0.0512813 0.112425 0.0569281 0.0609577 0.255747 0.0151301 0.0664975 0.0783214 0.15892 0.233347 0.0495537 0.0932995 0.0407005 0.00787402 0.032102 0.141017 0.140784 0.247924 0.0577301 0.0832258 0.0148475 0.251415 0.0119712 0.116455 0.0055434 0.0929529 0.00716342 0.0220641 0 0 0.033501 0.0513538 0.0508568 0.0114155 0.0189429 0.0131004 0.0329911 0.0342166 0.016608 0.0173201 0.00833979 0.032372 0.00323625 0.0129157 0.0270072 0.0225046 0.0114084 0.0509903 0.370809 0.0306032 0.0812991 0.0615427 0.0627709 0.0203588 0.0380106 0.02683 0.278115 0.121092 0.0721631 0.0458926 0.0761008 0.0399462 0.014106 0.00774282 0.0160816 0.0191378 0.0173787 0.0664824 0.0445244 0.0242951 0.123129 0.00211416 0.00824342 0.154433 0.0915292 0.0932215 0.334881 0.181581 0.0459848 
0.0193185 0.0178487 0.0190049 0 0.00742035 0.0204995 0.0299231 0.0204156 0.0433296 0.224085 0.079043 0.0568785 0.0320597 0.010879 0.0244838 0.00790157 0.254132 0.112856 1.56757 0.677036 0.00801761 0.0108668 0.440951 0.176289 0.167369 0.0600887 0.237361 1.19748 1.86166 0.184979 0.177494 0.388412 0.0410638 0.0312808 0.268986 0.585731 0.0880163 0.0068444 0.335217 0.402099 0.143296 0.350669 0.113665 1.4282 0.517898 0.0839466 2.23989 0.102682 1.04193 0.887681 0.121567 0.257788 0.0158764 0.00728483 0.113664 0.809796 0.110846 0.867015 0.156665 0.222207 0.228934 0.323431 0.00695009 0.0514472 0.268305 0.279851 0.495993 0.737414 0.34998 0.156661 0.0419378 0.0499025 0.264013 0.932181 0.0618498 0.021439 0.0935371 0.209655 0.0080307 0.002457 0.0219114 0.412811 0.0111655 0.278566 0.0037037 0.00546839 0.0549738 0.00931793 0.0121975 0.0395749 0.0132703 0.100913 0.0546586 0.63566 0.00613497 0.061582 0.0510241 0.0745799 0.127958 0.0993506 0.242435 0.210106 0.217737 0.0104581 0 0.144807 0.0439991 0.0457761 0.0729188 0.0022831 0.0410429 0.0536924 0 0.0401406 0.0255946 0.114451 0.00963874 0 0.136995 0.0147597 0.0753878 0.455038 0.130601 0.0269236 0.0420008 0.224328 0.00532993 0.128829 0.0523611 0.0742785 0.0362042 0.0155582 0.0124492 0.040927 0.00392157 0.00371747 0.0404155 0.0693776 0.0239788 0.0771936 0.0430782 0 0.0734642 0.0361656 0.00800205 0.0101571 0.0322259 0.0317792 0.0200899 0.0360762 0.0325203 0.0449561 0.0557916 0.0279612 0.0493436 0.00790514 0.0762253 0.0907447 0.130597 0.0728446 0.0170686 0.00934301 0 0.0868755 0.126025 0.0114106 0.0158562 0 0.225291 0.344611 0.362248 0.155245 0 0.00907034 0.152362 0.221475 0.148509 0.0369043 0.0740908 0.0852485 0.00877134 0.0886576 0.0158129 0.0192476 0.200551 0.0246877 0.00978301 0.00845226 0.0207867 0.0657244 0.0186128 0 0.0174978 0.0149424 0.00982801 0 0.406229 0.218096 0.053969 0.0693213 0.488906 0.353913 0.303476 0.292221 0.297987 0.0818551 0.0803491 0.303559 0.00404858 0.0932521 0.107731 0.062655 0.0837098 0.0465057 0.0253673 0.0634607 0.136505 0.0154858 0.0105422 0 0.0942089 0.0352562 0.138648 0.110575 0.0967968 0.0117013 0.0684978 0.0250844 0.0180037 0.00226244 0.0447367 0.00396825 0.0535782 0.0164526 0.0459303 0.0470793 0.162095 0.135244 0.185547 0.163453 0.00926694 0.0226024 0 0.00780246 0.0765912 0.00226244 0 0.119418 0.113995 0.341898 0.154496 0.24443 0.151294 0.0735717 0.23962 0.0339423 0.293382 0.0773894 0.0642406 0.0731068 0 0.010989 0.0161064 0.0041841 0.0555483 0.0876832 0.0265542 0.039394 0.0316836 0.0334913 0.0262288 0.0213924 0.0453944 0.0227272 0.333513 0.357954 0.180445 0.0729552 0 0.0134638 0.0022831 0.0022831 0.0103158 0.0701284 0.0190411 0.00746269 0.0568835 0.0022831 0.0258237 0.00226244 0.0765999 0.0514966 0.0136477 0.0403274 0.00952627 0.00331126 0.0744609 0.255479 0.0421077 0.0439936 0.1045 0.0568078 0.185233 0.167249 0.0145067 0.0306681 0.0260517 0.0247393 0.00618401 0.0022831 0 0.00869935 0.0405042 0.0851523 0.0928823 0.0882838 0.0171436 0.0932869 0.00727951 0.026052 0.0136005 0.131009 0.185894 0.0377132 0.115557 0.0795635 0.0211547 0.0384184 0.2198 0.100989 0.347573 0.132247 0.137768 0.0856829 0.0361727 0.0869761 0.0344281 0.045796 0.015216 0.0651562 0.0506484 0.0541715 0.0199377 0.0148961 0.0561758 0.0394821 0.00828445 0.00769231 0.0135378 0.0115385 0.0947775 0.0224744 0.0347711 0.14557 0.00596032 0.0132394 0.0589377 0.178082 0.0476042 0.0390339 0.0530586 0.0399322 0.372062 0.107945 0.035292 0.273008 0.0338392 0.209596 0.0225807 0.0360271 0.0236197 0.188566 0.121932 0.191529 0.100801 0.00776874 0.024763 0.0246148 0.0120342 0.00565227 0.0240388 0.0454105 0.0243277 0.0222064 0 0.0081499 0.00454545 0.0126408 0.0326178 0.0672261 0.0254979 0.0108645 0.0216158 0.0194352 0 0 0.00384615 0.00852933 0.00331126 0.0600198 0.00786468 0.00750916 0 0 0.00669643 0.00406504 0.00223214 0 0.0119269 0.0146376 0.0191232 0 0.0022831 0.0103226 0.00456621 0.0129137 0 0.0386355 0 0 0 0.0388964 0.0107915 0 0.0247529 0 0.00226244 0.0149519 0 0.0234785 0 0.00384615 0 0.013085 0.00223214 0 0.00618471 0.00692173 0.00913242 0.00547109 0.0172834 0.019838 0 0 0.0100121 0.0264586 0.00384615 0.0420206 0.181849 0.15821 0.171415 0.0668518 0.0252252 0.147102 0.195309 0.0355537 0.140913 0.0893939 0.00612001 0 0.0660825 0.10472 0.163972 0.138832 0.00452489 0.00819399 0.0914998 0.0225631 0.159244 0.100615 0.0160198 0.0670286 0.0608883 0.0497066 0.0325066 0.0989074 0.0783081 0.0589519 0.0374728 0.234211 0.0886089 0.0371837 0.0172663 0.113033 0.01502 0.0302331 0.0499286 0.00801761 0 0 0 0 0 0 0 0 0.147512 0.0117236 0.0655392 0.0341011 0.156368 0.0689335 0.0463447 0.0446458 0.0547951 0.0108334 0.00446429 0.0139169 0.111328 0.0560178 0.229641 0.200347 
0.0629398 0.0136005 0.0853628 0.124298 0.0171892 0.0450332 0.0102522 0.0275991 0.0674891 0.0271285 0.0131813 0.0563594 0.0375182 0.0482137 0.00788982 0.0291468 0.0348683 0.0659302 0.0411633 0.0460914 0.0814954 0.21544 0.0383871 0.0835329 0.0266708 0.019256 0.0475938 0.109498 0.0568121 0.0359486 0.0793254 0.16865 0.00682865 0.035135 0.0340589 0.0287136 0.093747 0.0200775 0.00743494 0.00229358 0.00816799 0.0698393 0.0223596 0.018589 0.0220597 0.0745612 0.0128096 0.0183067 0.172039 0.0440365 0.0462428 0.16127 0.342442 0.0421101 0.003663 0.107497 0.103556 0.330971 0.313546 0.158125 0.0140796 0.0131086 0.0801879 0.113413 0.0271522 0.0114535 0.0422751 0.0404821 0.00857347 0.0720978 0.0123543 0.0250745 0.129935 0.0173309 0.0275527 0.139435 0.0163299 0.0183915 0.0401986 0.0317141 0.0253995 0.032207 0.0204656 0.00752697 0.240708 0.0351004 0.0068079 0.07957 0.00800932 0.0517643 0.0339216 0.0125363 0.109269 0.0041841 0.00393701 0.0156349 0.00685227 0.00840336 0.0444222 0.0452128 0.0320551 0.00211416 0.0104965 0.0161441 0.00993315 0 0.0123059 0.00839161 0.005 0.00406504 0.0343502 0.00446429 0.00452489 0.0068496 0.0107502 0.022568 0.0269559 0.0106658 0.0061086 0.108073 0 0.00767004 0.00226244 0.0165421 0.0459658 0.0406049 0.00850895 0.0459382 0.418827 0.410479 0.180114 0.326134 0.0442331 0.00662252 0.117626 0.0307834 0.0414249 0.0455586 0.0309706 0 0.358613 0.176852 0.0267333 0.0355435 0.20556 0.0689323 0.0582823 0.122495 0.0245405 0.0630865 0.0542931 0.110069 0.143473 0.0159046 0.022414 0.0104095 0.00471945 0.069328 0.0170621 0.0188747 0.111835 0.122596 0.0168689 0.0287702 0.0970661 0.272321 0.102493 0.130369 0.495666 0.667772 0.456824 0.18478 0.0864418 0.210746 0.247542 0.112295 0.0152588 0.0339769 0.108224 0.0134208 0.00872659 0.0076073 0.0416004 0.0105937 0.112155 0.219763 0.0687766 0.0230288 0.0838569 0.0411034 0.0654445 0.0101978 0.0291082 0.0665238 0.0641981 0.0365435 0.00475585 0.0114019 0.0103435 0.00226244 0.0238248 0.0316863 0.0189992 0.0117364 0.00843882 0.00226244 0.0110297 0.0146266 0.107741 0.0445199 0.00843882 0.0158371 0.0835033 0.0637156 0.0326564 0.110477 0.00398406 0 0 0.0166148 0 0.00647249 0.00873494 0.00647249 0.00229885 0.00323625 0.0108491 0 0.0175833 0.0238411 0.0108936 0.0314956 0.0480673 0.125805 0 0.0258985 0.0507384 0.0106762 0 0.0103596 0.00750493 0.0156863 0.00331126 0.271561 0.327155 0.0887534 0.159407 0.0568108 0.0363975 0.0133528 0.058663 0.052621 0 0.0126229 0.00392157 0.0118917 0.0379962 0.0272065 0.0142163 0.0349294 0.0259118 0.00404858 0.00861479 0.042672 0.0377176 0.0416727 0.0289724 0.0178551 0.0114615 0.00930632 0.0390616 0.0402019 0.569443 0.426508 0.0363394 0.933514 1.36994 0.485439 0.0763816 0.0963187 0.388384 0.0115179 0.10703 0.0546988 1.69456 0.522231 0.0216477 0.0305069 0.0517128 0.0725997 0.0536099 0.00355872 0.0101676 0.00226244 0.0022831 0.0163724 0.0164145 0.0181156 0.00648185 0.0131224 0.00228833 0.0156723 0.013119 0.0154228 0.0399644 0.0104132 0.0540603 0.125656 0.0971277 0.0327336 0.0104603 0.0125705 0.00456621 0.00228833 0 0 0.00875031 0.0144273 0 0.0083682 0.0269635 0.0709885 0.121399 0.078891 0.0615483 0.108218 0.00398406 0.0303078 0.068173 0.0940906 0.126081 0.062901 0.0305697 0.0232148 0.00331126 0.00742035 0.0438923 0.671573 0.53475 0.13619 0.0658093 0.0701847 0.048199 0.113728 0.0587337 0.0201802 0.11526 0.0800675 0.303262 0.2881 0.38474 0.407195 0.100041 0.0107559 0.113093 0.402393 0.160583 0.234816 0.179643 0.0337369 0.0396175 0.0288232 0.0107167 0.0132184 0.0353146 0.0278033 0.0173059 0.0722809 0.029397 0.112934 0.273809 0.117497 0.096647 0.0710804 0.0633906 0.0600593 0.0735133 0.0365321 0.153272 0.0370249 0.0661865 0.00398406 0.0126408 0.0169635 0.546301 0.0539083 0.0388058 0.0829206 0.0676489 0.0133607 0.0262242 0.0988604 0.0352669 0.109293 0.0429063 0.0441745 0 0.0113499 0.0433375 0.0742923 0.223642 0.852439 0.00396825 0.0287701 0.031703 0.179486 0.0133117 0.0286857 0.294108 0.711215 0.589214 0.074855 0.0425624 0.374649 0.266863 0.730882 0.124397 0.0119206 0.0486928 0.0188669 0.410387 0.233339 0.0464061 0.982183 0.0753123 0.20349 0.00226244 0.0604206 0.0281446 0.0646529 0.0833822 0.153668 0.0562213 0.128372 0.116922 0.261582 0.0328918 0.0068496 0.0250626 0.0122883 0.0257287 0.0530926 0.0114162 0.0189209 0.0509582 0.136137 0.0113267 0.0326172 0.0072045 0.00913261 0.0195096 0.0152127 0.0238095 0.00396825 0 0.0126515 0.290888 0.486375 0.112371 0.0950133 0.122446 0.444262 0.0213493 0.264436 0.0522705 0.0110267 0.184964 0.19384 0.472525 0.0702158 1.18673 0.476666 0.00396825 0.00223214 0.0442304 0.151267 3.21738 0.21046 1.73415 0.112269 0.0382656 0.0961913 0.0376887 0.152208 0.329854 0.0878608 0.190789 0.273784 0.183711 0.0954072 0.126291 0.0381731 0.0912108 0.0735559 0.0870109 0.29979 0.0776795 0.129009 0.00686506 0.0187637 0.00698189 0.032259 0.0268292 0.0187607 0.0279379 0.0348524 0.00642526 0.0119048 0 0.00793651 0.0109987 0.00226244 
0 0.00872965 0.0525058 0.0669351 0.0240915 0.00471945 0.0078471 0.0107656 0.0246462 0.0100312 0.0363931 0.0252521 0.0031348 0.00621621 0.002457 0.019933 0.0643862 0.00728483 0.0392653 0.00970874 0.002457 0.016833 0.0055737 0.00783615 0.0197943 0.0224344 0.00226244 0.00897552 0.00331126 0.00452489 0.120794 0.00795604 0.00769231 0.0175216 0.145509 0.375049 0.0405172 0.0503444 0.0245676 0.00867711 0.148991 0 0.0157128 0.0858998 0.113998 0.0333278 0.0022831 0.110098 0.0168911 0.00474011 0.00452489 0.00223214 0.0627773 0.0065475 0.00997541 0.0163245 0.0625071 0.105672 0.0135899 0.0144879 0.0101449 0.0105127 0.00398406 0.0203328 0.0219261 0.0136005 0.161803 0.0695993 0.0343752 0 0.0464701 0.0578395 0.63652 0.176239 0.112062 0.501007 0.032455 0.048354 0.00837653 0 0.159868 0.0418548 0.0711609 0.0542445 0.0778995 0.00911204 0.0729206 0.079632 0.026832 0.0524112 0.20299 0.0801407 0.118734 0.0497133 0.0298587 0.0560233 0.0389192 0.00913242 0.0712636 0.0740236 0.227942 0.100648 0.206552 0.513812 0.00877543 0.0157096 0.215189 0.035347 0.0622539 0.12878 0.179148 0.14864 0.163846 0.112769 0.26296 0.0407986 0.0641772 0.0803517 0.0338292 0.0937053 0.101271 0.0457393 0.0179891 0.0428089 0.214888 0.175399 0.102902 0.212908 0.222931 0.041331 0.12855 0.965315 0.169559 0.860023 0.083047 0.117056 0.335652 1.48401 0.454435 0.750557 0.418315 1.72209 1.0298 0.0519701 0.265292 0.0265358 0.66818 0.362333 0.168199 0.330956 0.793567 0.549861 0.138381 0.0400528 0.544242 0.0564669 0.230579 0.514102 0.0704837 0.0924753 0.267247 0.714998 0.807033 0.0630304 0.53536 0.491021 0.202191 0.162713 0.274576 0.0896744 0.0315868 0.199051 0.207235 0.108121 0.0124229 0.0594016 0.0877758 0.951173 0.335196 0.162808 0.0793453 0.0499561 0.0127066 0.0271769 0.0077817 0.0732161 0.291969 0.055471 0.144704 0.0599468 0.114658 0.321316 0.0532873 0.024546 0.028566 0.0685517 0.0352343 0.0323366 0.00982589 0.167424 0.0127917 0.005 0.0346038 0.0115462 0.033071 0.0101978 0.011226 0.019927 0.0224726 0.0223859 0.0172921 0.0105441 0.103301 0.257489 0.217431 0.326546 0.08198 0.0389399 0.0936718 0.027651 0.15664 0.0776804 0 0 0.0226967 0.00907044 0 0.0126865 0.0124808 0.0424844 0.0335362 0.0556107 0.039513 0.0423785 0.0498474 0.0294728 0.0125693 0.00444293 0.00838608 0.0173097 0.0215536 0.0342249 0.032269 0.0171654 0.0239955 0.106264 0.0402731 0.0143559 0.104582 0.0177756 0.0248375 0.0426721 0.0392721 0.046301 0.0143588 0.0612071 0.112428 0.019657 0.126078 0.416378 0.150847 0.0473953 0.0489665 0.0258583 0.168575 0.362218 0.175508 0.0311464 0.141957 0.0578964 0.0631164 0.0307857 0.069539 0.00584683 0.0217807 0.0304254 0.110731 0.0690571 0.049802 0.0411796 0.103716 0.0224381 0.0116888 0.0401114 0.0241237 0.031706 0.0275277 0.125294 0.0136381 0.0103628 0.0184 0.00798753 0.0548438 0.00456621 0.0337754 0.0538432 0.0148016 0.0485671 0.116913 0.0247306 0.04689 0.0331549 0.0538929 0.102491 0.0224051 0.0551362 0.0581821 0.0705375 0.0159817 0.0909405 0.0524964 0.0665184 0 0.00395257 0.0356829 0.031065 0.0115385 0.0313823 0.0285342 0.0101633 0.894711 0.298434 0.0507271 0.0725138 0.0319862 0.0162298 0.082365 0.0207529 0.604021 0.225811 0.393277 0.250135 0.02021 0.0190756 0.573345 0.231538 0.0519546 0.0149573 0.198175 0.489774 0.0636398 0.142641 0.145393 0.783442 0.0756539 0.23874 0.103831 0.305853 0.0726239 0.270875 0.228874 0.232325 0.23388 0.125524 0.0265721 0 0.0578367 0.159068 0.233004 0.0199244 0.131715 0.0961637 0.0251836 0.0559465 0.116732 0.0299312 0.00577717 0.0433582 0.011574 0.310489 0.0432044 0.307493 0.0153285 0.0427696 0.0150637 0.003663 0.0381231 0.0037037 0.00559436 0.00589515 0.0194135 0.242347 0.0519109 0.0269052 0.034204 0.0494249 0.0374168 0.0283959 0.0290863 0.0275854 0.0135892 0.0061086 0.0665413 0.152102 0.0477531 0.0172512 0.0375394 0.0112924 0.00857347 0.00682865 0.0474997 0.0618753 0.017968 0.0385316 0.0347337 0.0284231 0.0304422 0.0670559 0.0153833 0.020337 0.0022831 0.003663 0.0154337 0.00861059 0.122744 0.0198028 0.0526704 0.002457 0.0192561 0.0439172 0.0168223 0.0164972 0.0713385 0.0198695 0.0167364 0 0.0140042 0 0.0090911 0.0126963 0 0.00226244 0.0782288 0.0689744 0.0306573 0.00630316 0.0264353 0.0534811 0.00913242 0.0728302 0.0793272 0.0335951 0.119216 0.0184334 0.0146337 0.0276557 0 0.0062307 0.0675888 0.0956812 0.138612 0.160274 0.0133987 0 0.0332341 0.0282502 0.0864392 0.0317496 0.0350473 0.0152015 0.0780219 0 0.0904239 0.0810679 0.577178 0.175575 0.130316 0.263583 0.176403 0.154417 0.0031348 0.0022831 0.00406504 0.0139675 0.0185978 0.00228833 0 0.00406504 0.0157706 0.0147445 0.0463544 0.0236049 0.0948126 0.253029 0.010128 0.0300241 0.152438 0.233136 0.00371747 0.0159645 0.010153 0.0091954 0.00421941 0.0928549 0.0517791 0.103576 0.0429119 0.10926 0.0353776 0.0291532 0.141547 0.0871283 0.00679835 0.00393701 0.00851371 0.0916751 0.0200701 0.0326064 0.0705168 0.0264888 0.0185794 0.0507478 
0.0120905 0.0410512 0.0525914 0.0227824 0.032374 0 0.00613448 0.00910155 0.104496 0.00762938 0.0207443 0.0531775 0.00916381 0.10504 0.0784598 0.0319009 0.0374319 0.166403 0.0554115 0.240116 0.0494201 0.0608156 0.0848236 0.0206887 0.0782643 0.206915 0.0314567 0.177442 0.038251 0.119757 0.0614019 0.0656941 0.0289345 0.0271458 0.0100424 0.0201455 0.0316306 0.0236463 0.105236 0.0146184 0.0762597 0.00818766 0.0285043 0.0251741 0.118801 0.0616237 0.0285695 0.161815 0.0331529 0.0457164 0.0884204 0.0152332 0.0426403 0.0136457 0.0707219 0.0221576 0.0484411 0.0548443 0.0456193 0.0406873 0.0518697 0.1633 0.00769231 0 0.676163 0.844054 0.0119842 0.0750858 0.163884 0.65905 0.236897 0.42137 0.0741396 0.332978 0.0207553 0.307813 0.134893 0.0323309 0.0896275 0.289107 0.0182934 0.0791109 0.130759 1.00078 0.0218882 0.0233405 0.0722266 0.0369927 0.106884 0.0315191 0.307145 0.073139 0.0494643 0.0210237 0.0963435 0.370117 0 0.00948767 0.213015 0.200067 0.0360659 0.125574 0.193482 0.049966 0.375192 0.183846 0.213863 0.145355 0.0635654 0.0215217 0.0936581 0.00790514 0.0286783 0.0101056 0.00813008 0.0670963 0.00454545 0.00881049 0.0302289 0.012605 0.0371704 0.0565205 0.0385159 0.0278016 0.0124923 0 0.0155843 0.0855603 0.305607 0.45422 0.202894 0.311864 0.303719 0.0949171 0.381056 0.267341 0.264495 0.120741 0.0879668 0.951115 0.00618471 0.00420168 0.0168213 0.0737983 0.343373 0.137728 0.114314 0.220999 0.27622 0.682423 0.55959 2.4223 0.00226244 0.0385124 0.298317 0.13371 0.693037 0.15486 0.325662 0.359083 0.173671 0.205443 0.160235 0.0154325 0.125056 0.238372 0.68385 0.625254 1.10538 0.295319 0.110366 0.0989226 0.099163 1.858 0.298272 0.0788713 0.025416 0.156764 0.165135 0.327951 0.203254 0.0728113 0.299459 0.046277 0.0560618 0.640702 0.0123474 0.0238754 0.0704768 0.134737 0.130066 0.125738 0.0355018 0.0249372 0.042363 0.0243767 0.0108455 0.0156773 0.0022831 0.00594611 0.0022831 0.0288082 0.0617183 0.0125012 0.0278137 0.0176202 0.00452489 0.0177321 0 0 0.0238101 0 0.0106742 0.025215 0.00546839 0.0453784 0 0.00226244 0.0169492 0.00323625 0.00384615 0 0.00924433 0.00776113 0.206798 0.237382 0.00420168 0.00420168 0.00421941 0.0240344 0.0245267 0.0691201 0.0251363 0.135863 0.0120669 0.0912758 0.00323625 0.00371747 0.00793688 0 0.0130159 0.0268813 0.0189667 0.0258144 0.0197687 0.0192472 0.0123143 0.0182081 0.0126498 0.0513226 0.0137861 0.0706959 0.0068496 0.0104916 0.0191766 0.0193015 0.117063 0.0261555 0.209207 0.00815235 0.0267511 0.0356286 0.0272436 0.029536 0.0319785 0.0525295 0.0200746 0.0179688 0.0876242 0.0284511 0.130507 0.00876803 0 0.688495 0.118983 0.229691 0.189773 0.119563 1.65216 1.34901 0.069858 0.0047619 0.0147789 0.0147498 0.0267339 0.00841685 0.0670166 0.0501327 0.0219115 0.027748 0.124283 0.148381 0.374023 0.180335 0.192602 0.149625 0.0291794 0.00554966 0.043133 0.0022831 0.053527 0.128008 0.0443411 0.053021 0.0628917 0.0936486 0.0245966 0.0308855 0.0178637 0.011168 0.0617787 0.0483665 0.0913514 0.10283 0.101498 0.155221 0.162389 0.0427377 0.146543 0.286534 0.00863148 0.020714 0.0138938 0.00226244 0.00421941 0.0375855 0.0565449 0 0.00406504 0.0117931 0.0306594 0.00226244 0.039223 0.0283053 0.0236822 0.0480432 0.0228734 0.0411983 0.038884 0.105411 0.048422 0.0259776 0.0560844 0.0669527 0.0148259 0.0269899 0.00406504 0.105587 0.0536215 0.0594069 0.0261757 0.0290914 0.0394469 0.0322641 0.29062 0.113958 0.0910746 0.0113025 0.0601798 0.0439475 0 0.0185099 0.069517 0.0487439 0.0168358 0.0777845 0.00748029 0.0158007 0.0276933 0.0170629 0.0321929 0.0620026 0.0429571 0.0413963 0.0351215 0.002457 0.0991909 0.0354361 0.0680031 0.00809717 0.208874 0.0758631 0.09351 0.0827704 0.0312511 0 0.00861479 0.0101409 0.00532993 0.0102749 0.0312283 0.0411349 0.0256695 0.0183062 0.0266992 0.00785681 0.0497614 0.0131826 0.00791544 0.0147071 0.0685377 0.0086979 0.0258138 0.0230392 0.0126177 0.0465524 0.0352037 0.0398935 0.148781 0.132192 0.0558857 0.0786094 0 0.00622042 0.0387107 0.00848246 0.0711624 0.0442673 0.0217462 0.0276528 0.0460908 0.0170986 0.0422112 0.0386723 0.126336 0.227435 0.0817568 0.0967605 0.552112 0.0416341 0.159746 0.226364 0.00617225 0.0996313 0.240038 0.0702186 0.159718 0.01175 0.0148345 0.202817 0.0444355 0.0938161 0.0710793 0.0638841 0.0845462 0.0613547 0.0500159 0.0739555 0.0761311 0.159252 0.0197993 0.0331644 0.115818 0.119993 0.0171528 0.097438 0.0682025 0.0710608 0.0295478 0.0383606 0.0446638 0.0738795 0.0597564 0.114858 0.0688639 0.0391776 0.547686 0.0705238 0.169234 0.0313351 0.0165001 0.0167222 0.10218 0.00626959 0.0141931 0.0398036 0.0577211 0.0238736 0.00668037 0.0475929 0.0958549 0.0217469 0.0376215 0.0279373 0.0266471 0.0104566 0.0155688 0.0236583 0.0320005 0.0241456 0.00384615 0.0311046 0.0268434 0.00323625 0.10367 0.00742035 0.0456966 0.03751 0.0113605 0.0108604 0.103096 0.25091 0.0166451 0.0119452 0.00226244 0 0.125226 0.0289702 0.075179 0.00384615 0.0140954 0.0109322 
0.0153076 0.00745566 0.0520168 0 0.102793 0.0837714 0.345614 0.0422381 0.0793869 0.0667385 0.0334129 0.112242 0.0231219 0.0319902 0.00704418 0.0455738 0.00870899 0.00950116 0.00839741 0.0134479 0.002457 0.0185472 0.0312273 0.0234355 0 0 0.0202198 0.00637874 0.0111197 0 0 0.0332586 0.0102927 0.0210971 0.0136058 0.00569325 0.170592 0.0102301 0.201566 0.016184 0.737838 0.565552 0.0918145 0.109396 0.031746 0.0101655 0.190192 0.186368 0.0105623 0.104675 0.0364271 0.191046 0.175461 0.165523 0.0405254 0.0966014 0.0523723 0.607569 0.140626 0.214005 0.457662 0.320775 0.247194 0.524942 0.0235427 0.0276255 0.0100827 0.0111825 0.425287 0.106079 0.24699 0.173984 0.038717 0.18013 0.0814663 0.151888 0.0547819 0.56027 0.242749 0.0244705 0.446467 0.179389 0.118091 0.221208 0.0659767 0.0366961 0.0504257 0.0113757 0.0459743 0.0366432 0.11498 0.0814876 0.123125 0.744429 0.158094 0.53863 0.144942 0.125231 0.258859 0.179132 0.361092 0.524062 0.0271635 0.0717756 0.00323625 0.00338983 0.00226244 0 0.0101062 0.011295 0.0127221 0.028923 0.136039 0.106484 0.0625326 0.0669835 0 0.0478464 0.0622912 0.295161 0.274924 0.135741 0.0422619 0.225055 0.00218818 0.00740741 0.0221295 0.145573 0.270506 0.257524 0.265774 0.14675 0.065074 0.0568535 0.0428307 0.166327 0.0750465 0.0740084 0.163654 0.158277 0.127031 0.0855475 0.331604 0.100662 0.103734 0.0374298 0.188151 0.0520623 0.0600153 0.0853203 0.0693473 0 0.119426 0.0231069 0.0594782 0.0162369 0.037023 0.0255093 0.0124839 0.0570629 0.130025 1.61013 0.737111 0.778011 0.397036 0.206612 0.35242 0.383266 0.209885 0.106971 0.961338 0.507811 0.489831 0.46093 0.0144686 0.740914 0.0504576 0.0260418 0.0528385 0.065611 0.138592 0.0878345 0.232527 0.130243 0.0502986 0.0986156 0.044751 0.0352286 0.00778316 0.0289548 0.053217 0.0145628 0.0196177 0.0313703 0.00851287 0.0485498 0 0.00456621 0 0.0159227 0.0113122 0.0168159 0.00642911 0.00824236 0.0158894 0.0136063 0.0183736 0 0.0280369 0.0253901 0.320368 0.313952 0.0288117 0.00452489 0.0165334 0.0329624 0.648922 0.465432 0.155391 0.0369619 0.00226244 0.0496098 0.189346 0.0438757 0.333661 0.325062 0.449381 0.311757 0.373004 0.068133 0.876813 0.674327 0.70051 0.187696 0.362072 0.0954352 0.0580625 0.00960844 0.0226334 0.0923432 0.586707 0.347834 3.31888 0.661319 0.0220434 0.00568868 0.337518 0.181639 0.0315524 0.152088 0.024145 0.081494 0.418534 0.328271 0.232121 0.0557183 0.0101882 0.0951633 0.019737 0.0374479 0.028546 0.540115 0.227441 0.217314 0.215699 0.209999 0.00821903 0.0225389 0.0124772 0.155856 0.0225258 0.0169253 0.0437757 0.0149291 0.0534257 0.054165 0.00416667 0.0354745 0.0054179 0.0567555 0.0289592 0.099131 0.0887772 0 0.0438552 0.0610093 0.0602934 0.0731031 0 0 0.0295434 0.00745566 0.00569325 0.0168358 0 0.0104591 0.0192998 0.00565227 0.00218818 0 0.0122926 0.00393701 0.00323625 0.00813008 0.115408 0.123182 0.00689925 0.0118926 0.0530686 0.0378803 0.020056 0.0992286 0.00355872 0.00670132 0.00223214 0.0521024 0.0154641 0.0651394 0.00384615 0.0127989 0.0759852 0.179308 0.00623567 0.0072045 0.354812 0.0625504 0.0100823 0.138085 0.0700526 0.0309168 0.214617 0.0319962 0.0134895 0.0534751 0.111645 0.0116332 0.0549834 0.142287 0.0243887 0.00456621 0.161816 0.0475186 0.003663 0.0428496 0.0125027 0.192848 0 0 0.0713342 0.0170428 0.0453402 0.272029 0.0474636 0.076338 0 0 0.0146579 0.021367 0.00915332 0.00823966 0.021009 0.0122144 0.180244 0.108098 0.132401 0.299962 0.0322176 0.0195091 0.0130987 0.00945245 0.0209833 0.058423 0.0125631 0.00684932 0.0483635 0.0252668 0.019014 0 0.00395257 0.0263643 0.0125028 0 0.0395958 0.0157348 0.0911386 0.0567594 0.075884 0.0183648 0.045797 0.0882799 0.0767184 0.0820531 0.0209346 0.00625136 0 0.0143623 0.0378109 0.0508773 0.011396 0.00983296 0.0223303 0.00859404 0.0141421 0.0293954 0.0158102 0.0041841 0.0177391 0.0838719 0.0245976 0.0112258 0.0543413 0.0438239 0.0289212 0.0513009 0.0685875 0.0220533 0.00396825 0.0136691 0.00874342 0.0205714 0.020344 0.00949808 0.0068079 0.014776 0.00644654 0.00331126 0.0562961 0.00395257 0.013716 0.0226952 0.00719711 0.0187228 0.0143413 0.00226244 0.0343756 0.0316649 0.0221344 0.013625 0.0442315 0.0338903 0.0460628 0.0142749 0.0101056 0.0189406 0.0138903 0.0204014 0.00226244 0 0 0.0101812 0.0343499 0.06137 0.0092316 0.0345973 0.0301288 0.00454545 0.0817859 0.00355872 0.0367825 0.0381204 0.00569325 0 0.0448887 0.0346871 0.0951466 0.0637478 0 0.00323625 0.0709009 0.0699295 0.0936943 0.10484 0.0869191 0.0264005 0.0356993 0.0437555 0.0179803 0.012372 0.0119882 0.0391605 0.00404858 0 0.00793651 0.00907044 0.0113122 0.00567294 0.0205729 0.0222825 0.00338983 0.00416667 0 0.00789474 0.0133803 0 0.0207357 0.0144411 0.00226244 0 0.0172038 0.0578309 0.0146326 0.00683913 0 0.0243902 0.0130257 0 0.0295157 0.0376242 0.00395257 0.0171883 0.00843882 0.0294681 
0.892669 0.171624 0.119844 0.703001 0.170176 0.0133999 0.163556 0.0794791 0.0441142 0.0695231 0.0629574 0.129484 0.0479146 0.0203102 0.0493584 0.0424348 0.154992 0.131362 0.121256 0.0436276 0.163254 0.035304 0.356607 0.0839693 0.25837 0.0129242 0.0499447 0.0041841 0.196126 0.199238 0.105113 0.0482523 0.0104583 0.0285162 0.0229502 0.0210096 0.0209862 0.00323625 0.0112213 0.0121964 0.025464 0.0504907 0.0282973 0.0814788 0.0141997 0 0.00679835 0.00623567 0.00223214 0.00338983 0.0277367 0.012675 0.0102247 0.0616012 0.0313152 0.0146149 0.0740503 0.0355396 0.240631 0.0618624 0.00338983 0.0467268 0.10878 0.0200297 0.0764883 0.0605617 0.23251 0.422308 0.030059 0.0175539 0.0610878 0.0109966 0.222896 0.0607439 0.00223214 0.0683789 0.31458 0.0916123 0.0226605 0.0207135 0.149045 0.118532 0.0883222 0.0278819 0.00647249 0.0440647 0.00682865 0.0108833 0.42592 0.614849 0.018152 0.109515 0.0160186 0.216859 0.128952 0.12568 0.0477238 0.0417217 0.0554728 0.245843 0.0181004 0.0929561 0.0401623 0.02962 0.151574 0.053619 0.0501033 0.0936185 0.122565 0.0709944 0.0381903 0.0423171 0.0232011 0.0359033 0.496863 0.408056 0.0187708 0.173766 0.0687371 0.0314336 0.0123489 0.0280694 0.0226741 0.00685454 0.049562 0.0658584 0.0480294 0.0448295 0.0751171 0.0387006 0.101174 0.0333566 0.0217542 0.0446612 0.0804099 0.178291 0.186813 0.290356 0.0240046 0.598095 0.782073 1.34604 0.861897 0.951909 0.761576 0.0373782 1.46781 0 0.127419 0.0983408 0.216326 0.099973 0.458725 0.224313 1.21119 0.406053 0.0653622 0.195768 0.381281 0.14011 0.0727762 0.248956 0.0170117 0.0116073 0.0593429 0.0259377 0.248037 0.0587425 0.0416728 0.00819829 0.0450268 0.0242192 0.158049 0.045796 0.0651941 0.0972016 0.0110686 0.18237 0.166501 0.00628073 0.410426 0.0706716 0.479856 0.80195 0.100378 0.0895602 0.097917 0.0806801 0.00454555 0.0186937 0.138516 0.184605 0.0740476 0.856444 0.234861 0.0784292 0.053604 0.0363239 0.0645856 0.0811133 0 0.140861 0.0523691 0.0136986 0.105844 0.11032 0.0636094 0.0350127 0.413553 0.1418 0.222703 0.068752 0.0332838 0.166331 0.170474 0.0486426 0.0247505 0.0584084 0.0164143 0.0803148 0.0154198 0.0886108 0.00642526 0.0519258 0.116292 0.0958835 0.100853 0.0133736 0.0371002 0.0372378 0.0828868 0.121432 0.0850072 0.115445 0.0712306 0.0412266 0.648466 0.489615 0.0950627 0.0495045 0.0938343 0.0902406 0.00628083 0.00805659 0.0466764 0.0315402 0.0206453 0.0447805 1.38971 0.708874 0.40209 0.53308 0.366366 1.90019 0.0774332 0.177184 0.0653606 0.0668932 0.0515327 0.2289 0.0983573 0.0701526 0.0233228 0.0490936 0.0884731 0.0421221 0.113121 0.0417536 0.00458716 0.004914 0.00455602 0 0.0186868 0.00406504 0.00851371 0.0323483 0.0090607 0.00855027 0.0254633 0.0102812 0.0488479 0.0462718 0.0208451 0.0256773 0.0513493 0.0655941 0.00823268 0.0306286 0.082785 0.0574032 0.0334494 0.00975731 0.159441 0.0539605 0.117987 0.0586415 0.0954678 0.0615201 0.193694 0.0312478 0.0964223 0.0623045 0.0197017 0.0284242 0.00373134 0 0.00646412 0.0152421 0.0225861 0.0222919 0.0630655 0.00812325 0.161494 0.0548003 0.111869 0.0505584 0.11388 0.139107 0.203164 0.0121382 0.0271536 0.0113753 0.0321375 0.120893 0.10622 0.0134049 0.00829755 0.0231881 0.054146 0.0438568 0.0211534 0.0573783 0.154534 0.0656672 0.0890328 0.316434 0.0346166 0.00451525 0.00702321 0.0358184 0.0338461 0.0749139 0.0276546 0.00323625 0.0437382 0.0417648 0.0211215 0.0549798 0.0982001 0.0338862 0.0521245 0.0817135 0.0285165 0.607448 0.0086522 0.00323625 0.0225985 0.279349 0.100233 0.17681 0.0206151 0.024668 0.0489111 0.125258 0.019183 0.038617 0.0273206 0.015105 0.0145861 0.0245914 0 0.00323625 0.00858029 0.0422071 0.0305066 0.0113499 0.02493 0.0192642 0.13994 0.0260379 0.0170772 0.103014 0.0429717 0.0152093 0.436689 0.0346303 0.047488 0.292255 0.0498 0.0144828 0.0971355 0.179678 0.0987443 0.0106035 0.0476733 0.00455077 0.0392299 0.0218624 0.00226244 0.0143672 0.0533337 0.0360607 0.0499511 0.0163434 0.0528993 0.0230421 0.0022831 0.0647378 0.018287 0.0732131 0 0.00371747 0.00810928 0.0114943 0 0 0.00850322 0 0 0 0.0128308 0.0196246 0.00229885 0.00228833 0 0.0127855 0.00861581 0.00226244 0 0 0.0068496 0.00458716 0.172824 0.0154428 0.0748992 0.0681172 0.00866309 0.0103717 0.00226244 0.00226244 0.00380228 0.021979 0.0884829 0 0.0461377 0.0624546 0.0150018 0.0176421 0.00646721 0.0151253 0.00804783 0.0160889 0.00873288 0.00226244 0.00876486 0.0022831 0.0129802 0.0246076 0.113318 0.0580638 0.0136992 0.0518917 0.00395257 0.0480742 0.00373134 0.0168067 0.0166645 0 0.0243025 0.0230776 0.0909125 0.0154228 0.0640017 0.0943616 0.103388 0.0276588 0.0612199 0.0644288 0.0240373 0.0950206 0.132829 0.258204 0.120293 0.406506 0.0232411 0.0640268 0.0242726 0.312839 0 0.00790514 0 0.00803025 0.0213523 0.028607 0.0296406 0.0114231 0.0363201 0.0277737 0.0581259 0.020487 0.0185247 0.0442683 0.0265442 0.0173907 0 0.0439589 0.0505554 0.00682457 0.0834005 0.0393756 0.294643 0.104811 
0.118563 0.0725329 0.842265 0.623969 0.0262021 0 0.122751 1.13313 0.0212979 0.0795526 0.0147689 0.123105 0.0246383 0.0486066 0.0374335 0.0519063 0.0692282 0.1256 0.255692 0.0612111 1.10792 1.18627 0.349891 0.099287 0.218737 0.00708737 0.845927 0.673267 3.88398 0.804561 0.423767 0.144499 0.376219 0.0792202 0.0222077 0.447039 0.32761 0.211831 0.0421456 0.0304381 0.395154 0.160022 0.343668 0.477182 0.0290276 0.0691386 0.436863 0.41868 0.0227156 0.0411143 0.0225269 0.0369479 0.59228 0.0843168 0.171599 0.150132 0.0212457 0.00429185 0.0282105 0.0148699 0.011069 0.11215 0.0139293 0.0758648 0.0122193 0.0564322 0.0118457 0.0137963 0.0121454 0.0434253 0.0222194 0.0146665 0.0771179 0.372986 0.184016 0.15526 0 0 0 0 0.0121951 0.0778244 0.219182 0.152256 0.505107 0.186722 0.118225 0.680659 0.0579921 0.477028 0.122112 0.0790418 0.547137 0.102291 0.111729 0.50335 0.164014 0.0594755 0.144909 0.0806974 0.0204705 0.0215951 0.0803381 0.107059 0.00806556 0.00759237 0.0861479 0.0946552 0.0180584 0.00393701 0.0309531 0.033857 0.00223214 0.137306 0.012749 0.00793651 0.0659519 0.0717549 0.0282591 0.0388023 0.0073763 0.0410169 0.0217305 0.00769231 0.0160666 0 0.00804783 0.0249609 0.0528032 0.0928769 0.0507643 0.0256977 0.0786277 0.26333 0.964909 0.0487503 0.0279581 0.0720242 0.0525507 0.0162015 0.356194 0.102587 0.110791 0.278262 0.198584 0.0428713 0.0445546 0.0569138 0.0297664 0.0938676 0.0118363 0.0758276 0.0726729 0.233544 0 0.0161812 0.0461759 0.0327148 0.121792 0.15053 0.147063 0.0450298 0.0498315 0.625183 0.276217 0.241509 0.499651 0.719605 0.187271 0.266463 0.485346 0.194501 0.0500625 0.229686 0.0601716 0.0325331 0.0379757 0.0229245 0.0242032 0.0130249 0.0273579 0.0527105 0.0223957 0 0.0217685 0.0273742 0.0516423 0.041759 0.140088 0.0351173 0.00780246 0.174406 0 0.0146613 0 0.0451502 0.0152442 0 0.032699 0.0397569 0.017361 0 0.0418973 0.014814 0.0573587 0.350256 0.137609 0.0782697 0.196768 0.0516136 0.0422506 0.0371797 0.0816385 0.109905 0.0874087 0.0311278 0.0132692 0.0108772 0.0187006 0.00928074 0.00384615 0.0231532 0.214225 0.0179119 0.0198133 0.00776113 0.0277122 0.01317 0.0723515 0.00323625 0.0123989 0.0105595 0.0215398 0.0406668 0.0160683 0.00962229 0 0.00226244 0.0103941 0 0.0232037 0.121397 0.0584528 0.034976 0.0110481 0.0290111 0.0130571 0.0764313 0.00226244 0.00226244 0.0856786 0.082831 0.0932332 0.0262503 0 0.00799555 0.038249 0.0915496 0.0302235 0.101915 0.0557679 0.322261 0.0185417 0.0109976 0.00456621 0.0090911 0.0105611 0.0211375 0.120085 0.184576 0.088963 0.0175121 0.120011 0.0210861 0.0278713 0.33931 0.00223214 0.0228987 0.352937 0.177558 0.0326784 0.0342456 0.0545803 0.00420168 0.0462553 0.0333903 0.00640957 0.0149288 0.017717 0.0450602 0.00223214 0.121842 0 0 0.00761285 0.00223214 0.00609823 0.00338983 0.00393701 0.00729532 0.356768 0.0967778 0 0.0259203 0.125472 0.122256 0.0853508 0.156908 0.415758 0.251053 0.0340012 0.500269 0.0157815 0.0609368 0.0218508 0.00416667 0.053333 0.0216009 0.162478 0.0120764 0.0498391 0.0361995 0.00355872 0.00549869 0.026853 0.0150937 0.0354968 0.0341584 0.119599 0.0814262 0.0566389 0.0940492 0.212589 0.390604 0.173067 0.104819 0.0727395 0.0231803 0.0348699 0.0157231 0.0480248 0.14715 0.0312219 0.0458978 0.049836 0.119275 0.0241391 0.0767741 0.328661 0.326338 0.170887 0.201382 0.0102387 0.129988 0.208826 0.314641 0.684652 0.401206 0.0198461 0.0499832 0.0331031 0.0529992 0.0368605 0.0110421 0.0688769 0.137588 0.161969 0.00919557 0.0594911 0.0784939 0.0674049 0.114775 0.00454545 0.0217775 0.0419454 0.0466212 0.0727887 0.10991 0.0253935 0.417333 0.093976 0.134709 0.295895 0.0588554 0.0514291 0.0190006 0.105068 0.0586374 0.0522876 0 0.046839 0.104563 0.0100649 0 0.0103644 0.126863 0.131274 0.0730603 0.0471675 0.0208625 0.0164424 0.0323466 0.00422833 0.0157938 0.00393701 0 0.0983487 0.00551935 0.010828 0.0075775 0.00457666 0.0352491 0.00644107 0.00927022 0.0304831 0.004914 0.0459611 0.0129073 0.00226244 0.00211416 0.00665962 0.00841243 0.0083682 0.00542313 0.0379549 0.0569446 0.0494683 0.0657628 0.00215983 0.0108022 0 0 0.0146534 0.0348145 0.0789809 0.136682 0.0521079 0.11068 0.0238366 0.0820472 0.0437449 0.0197709 0 0.00223214 0.0252441 0.0229435 0.0390693 0.0447596 0.0157047 0.050357 0.0429594 0.0641832 0.0427403 0.0115068 0.0139989 0.00226244 0.0397768 0.0488877 0.0348495 0.0284475 0.0131426 0.0161694 0.00396825 0.00458716 0.0176382 0.0431964 0.0135593 0 0 0.00726383 0.0115385 0 0.0108176 0 0.0167368 0.00818766 0.00815642 0.0169825 0.00421941 0.0375452 0.181404 0.0748656 0.0162981 0.035564 0.034541 0.0178582 0.00789474 0.0310271 0.0089015 0.0287413 0.0260496 0.00813008 0 0 0.0632208 0.0215849 0.0751787 0.0193703 0.132659 0.0285205 0.0249818 0.00650559 0.0820342 0.0441117 0.0233412 0.157186 0.00859936 0.0821682 0.0224894 0 0.00878562 0.00835077 
